           1           2   1.01043764132080     
           2           3  0.972914449551914     
           3           4  0.972916852976699     
           4           5   1.01043530007227     
           1           6  0.984788105046258     
           1           7  0.986536980668507     
           1           8  0.983935748479163     
           2           9  0.971062786188007     
           2          10  0.968701533172782     
           4          11  0.971061882022095     
           4          12  0.968706466961596     
           5          13  0.983937097282503     
           5          14  0.984783857429526     
           5          15  0.986538078971994     
