           1           2   1.02041196368492     
           2           3   1.00770877373298     
           3           4  0.998616196622960     
           4           5  0.991627856792495     
           1           6  0.986788655544532     
           1           7  0.984850601227415     
           1           8  0.987271342295272     
           2           9  0.974791444534726     
           2          10  0.977783069707509     
           3          11  0.976117809032501     
           3          12  0.974937741860830     
           4          13  0.974357012099943     
           4          14  0.968027148808358     
           5          15  0.864746269237885     
