$hessian                                                                        
        0.4690619670   0.0210567196  -0.0112056699  -0.1797068517   0.0454394208
       -0.0251858026  -0.0261573109   0.0055691946   0.0017217303  -0.0022141620
       -0.0013243115   0.0028965000   0.0000097451  -0.0000158011   0.0000173672
       -0.1349023101  -0.0523133512   0.1058169415  -0.0658397951  -0.0239001194
       -0.0666960301  -0.0425552804  -0.0035237611   0.0001320870  -0.0039982328
        0.0040564666  -0.0006266054  -0.0142639244   0.0040994925  -0.0056561959
        0.0005366749   0.0004784071  -0.0005353211   0.0010503628   0.0002645357
       -0.0008587952  -0.0011349401   0.0003929954   0.0000452154  -0.0000132927
       -0.0003189164   0.0000585496   0.0001273503   0.0000390285   0.0000760291
        0.0210567196   0.5139080696   0.0029639434   0.0446451196  -0.0848916097
        0.0081190357  -0.0067466322   0.0028513116  -0.0014662704  -0.0009237907
       -0.0004194781   0.0012760742  -0.0001132232   0.0001316733  -0.0000313607
       -0.0520580141  -0.0721313465   0.0573923526  -0.0235449748  -0.0675027692
       -0.0660034866  -0.0037817765  -0.2824648640  -0.0061336165   0.0295571989
       -0.0146263322   0.0056757083  -0.0067564567   0.0035371706  -0.0017456866
       -0.0009675472   0.0009699784   0.0000603680   0.0000431496   0.0002362438
       -0.0000522703  -0.0004344186   0.0003278607   0.0000251918  -0.0001852211
        0.0002617410   0.0000401641   0.0002098674  -0.0001876495  -0.0001201470
       -0.0112056699   0.0029639434   0.5215557273  -0.0245535249   0.0079371742
       -0.0701660048   0.0186686367  -0.0055868265   0.0013260928   0.0022795652
        0.0011749413  -0.0031916167   0.0002756753   0.0001181102   0.0007457843
        0.1054234890   0.0575101499  -0.1631548686  -0.0665841806  -0.0661517625
       -0.2367949199  -0.0000759930  -0.0060322119  -0.0451980080   0.0000444279
        0.0002063139   0.0010107634  -0.0272309437   0.0088396212  -0.0075000580
        0.0001488654  -0.0004445108   0.0003043022   0.0013676605  -0.0001913321
        0.0012051725   0.0012077791  -0.0003578107  -0.0000441826   0.0000390009
        0.0000105958  -0.0000259839   0.0001952119   0.0000036047  -0.0000721999
       -0.1797068517   0.0446451196  -0.0245535249   0.4570078258   0.0037235511
        0.0185985784  -0.1096762303  -0.0300185007   0.0558383613  -0.0252228898
       -0.0057420021   0.0171068074   0.0000858670  -0.0000774941   0.0015016736
       -0.0227981345   0.0068540336  -0.0015867750  -0.0137697825   0.0036764353
       -0.0063188840  -0.0030982266   0.0046600644  -0.0004992638  -0.0413273339
       -0.0059958941  -0.0013214105  -0.0591686760  -0.0211435373  -0.0601295436
       -0.0033542329  -0.0037397671   0.0038375350   0.0042151878   0.0025839993
       -0.0033318804  -0.0050286955   0.0016624794   0.0001182765   0.0011011383
       -0.0014097880   0.0004342553   0.0007410347   0.0003213005   0.0003057948
        0.0454394208  -0.0848916097   0.0079371742   0.0037235511   0.5222767724
        0.0209751159  -0.0292765443  -0.0841196790   0.0307092319   0.0047580054
        0.0027471777  -0.0070128089   0.0006726540   0.0004781081   0.0000595590
       -0.0083323595   0.0033494960  -0.0013293671  -0.0073661215   0.0034896269
       -0.0010078323   0.0295938347  -0.0151666574   0.0057728351  -0.0065782460
       -0.2691580908  -0.0083544453  -0.0206716695  -0.0682657971  -0.0640309488
       -0.0196182685  -0.0146557380   0.0220042376   0.0040270709   0.0031814800
       -0.0046447183   0.0030474645  -0.0002634608  -0.0002555691   0.0015099122
        0.0011054951  -0.0008622416  -0.0009287044  -0.0001071234   0.0000397778
       -0.0251858026   0.0081190357  -0.0701660048   0.0185985784   0.0209751159
        0.5052951869   0.0534947699   0.0305967830  -0.1315995047   0.0040783900
       -0.0017398039   0.0023659016  -0.0006966953  -0.0004712841  -0.0001532418
        0.0197044211  -0.0066032063   0.0027338144  -0.0266718050   0.0090970847
       -0.0077430962   0.0003425963   0.0005583733   0.0004803899  -0.0012870705
       -0.0082168709  -0.0462816755  -0.0589697746  -0.0649040949  -0.2296385626
        0.0013633289   0.0023805338  -0.0004975665   0.0174297654   0.0093336844
       -0.0263097626  -0.0009722931   0.0004424211   0.0011610697  -0.0007255556
       -0.0000328549   0.0002753753  -0.0005028533   0.0004650832   0.0000776770
       -0.0261573109  -0.0067466322   0.0186686367  -0.1096762303  -0.0292765443
        0.0534947699   0.4531592605   0.0153150175   0.0185552366  -0.1570580855
        0.0447226699  -0.0047205032  -0.0242201599   0.0013294021  -0.0174184285
       -0.0059833658   0.0016935898  -0.0000838594   0.0007999523  -0.0002632538
        0.0010498661   0.0009636051  -0.0007784091   0.0002370065  -0.0031819193
       -0.0039983218   0.0032959566   0.0044740761   0.0024324629  -0.0027637410
       -0.0432115121  -0.0152806817  -0.0018063640  -0.0662528876  -0.0208917770
       -0.0705979310  -0.0216456232   0.0080179115   0.0015572676  -0.0030318599
        0.0045633933  -0.0000424839   0.0010220604  -0.0008388271   0.0005745710
        0.0055691946   0.0028513116  -0.0055868265  -0.0300185007  -0.0841196790
        0.0305967830   0.0153150175   0.5215561524   0.0237886435   0.0465473308
       -0.0879887220   0.0049082217  -0.0122767167   0.0065141155  -0.0041538400
        0.0027756155   0.0000566906  -0.0001716173  -0.0001140737   0.0001353330
       -0.0000778917   0.0010087953   0.0009502417  -0.0006148251  -0.0200883633
       -0.0152931844   0.0222689421   0.0046899883   0.0032591935  -0.0053912081
       -0.0159554769  -0.2719961417  -0.0144629667  -0.0202954301  -0.0610575524
       -0.0551242296  -0.0057998565   0.0032148732   0.0006227146   0.0282709040
       -0.0183765054   0.0029788310   0.0003715719   0.0002938732   0.0004192691
        0.0017217303  -0.0014662704   0.0013260928   0.0558383613   0.0307092319
       -0.1315995047   0.0185552366   0.0237886435   0.5054031917  -0.0045178617
        0.0052145686  -0.0619850255  -0.0340982972   0.0038571640  -0.0132401847
       -0.0014905754   0.0001749776   0.0008143401  -0.0012823515   0.0000061757
        0.0012050248  -0.0004203136   0.0000012845   0.0002693663   0.0020054190
        0.0029175805  -0.0008749423   0.0184172813   0.0090731116  -0.0253619293
       -0.0020162527  -0.0137491557  -0.0455573412  -0.0700801461  -0.0554320923
       -0.2318561965   0.0203297577  -0.0085271360   0.0000540008  -0.0022630255
        0.0029316687   0.0012299235  -0.0006989625   0.0005002478   0.0001731842
       -0.0022141620  -0.0009237907   0.0022795652  -0.0252228898   0.0047580054
        0.0040783900  -0.1570580855   0.0465473308  -0.0045178617   0.4531130271
        0.0198714747  -0.0481309093  -0.1064231616  -0.0467435665  -0.0670004666
       -0.0008603181   0.0004430371  -0.0001991985   0.0001536661   0.0000167294
        0.0004019322  -0.0001777162  -0.0003303490   0.0001114865   0.0005657537
        0.0008840705  -0.0003841820   0.0003145840   0.0000320163  -0.0005001711
       -0.0022352110   0.0033674446  -0.0008626090  -0.0115348127   0.0042820586
       -0.0033728168  -0.1163089943  -0.0351205518   0.1017297394  -0.0416705398
       -0.0055410612   0.0064628116   0.0095588599   0.0084571518   0.0099042900
       -0.0013243115  -0.0004194781   0.0011749413  -0.0057420021   0.0027471777
       -0.0017398039   0.0447226699  -0.0879887220   0.0052145686   0.0198714747
        0.4815407875  -0.0306545926  -0.0418368167  -0.0776114466  -0.0489319881
       -0.0006680794   0.0003202636   0.0001364787  -0.0000186645  -0.0000344437
       -0.0001036314  -0.0000783488   0.0001676442   0.0000286377  -0.0018724874
        0.0007979098   0.0002833229   0.0001440817   0.0002836593  -0.0002478920
        0.0293069905  -0.0172799918   0.0038474103  -0.0062206717   0.0028407605
       -0.0019386458  -0.0349580264  -0.0619538989   0.0461062438  -0.0079866989
       -0.2440137504   0.0240413316   0.0066608905   0.0006035289   0.0027836191
        0.0028965000   0.0012760742  -0.0031916167   0.0171068074  -0.0070128089
        0.0023659016  -0.0047205032   0.0049082217  -0.0619850255  -0.0481309093
       -0.0306545926   0.4674746646  -0.0412837381  -0.0383735250  -0.1516939085
        0.0014544255  -0.0001868986   0.0001196515  -0.0000490598   0.0000229017
        0.0000348577  -0.0001102886  -0.0000110508   0.0000526629   0.0000384766
       -0.0002828970   0.0007070882   0.0002264749  -0.0005783174   0.0000694671
        0.0007756497  -0.0004179114   0.0008683254  -0.0235144067   0.0089044610
       -0.0063053278   0.1052522078   0.0495635872  -0.1739824283   0.0044543083
        0.0239128530  -0.0437032519  -0.0143959446  -0.0110700970  -0.0308310603
        0.0000097451  -0.0001132232   0.0002756753   0.0000858670   0.0006726540
       -0.0006966953  -0.0242201599  -0.0122767167  -0.0340982972  -0.1064231616
       -0.0418368167  -0.0412837381   0.2740656332   0.1318187692  -0.0762972975
       -0.0000901048  -0.0000821253   0.0002219660   0.0000631251   0.0000179141
       -0.0000973383   0.0001346369  -0.0000015355  -0.0000734492   0.0001122268
       -0.0004098037  -0.0002575333  -0.0003726040   0.0001509970  -0.0003791644
        0.0028317426  -0.0014085812   0.0009902705  -0.0081239375   0.0024835115
       -0.0026750790   0.0081430331   0.0058868131   0.0093287684  -0.0049707524
       -0.0126668418  -0.0121549614  -0.1412452897  -0.0722350146   0.1571968735
       -0.0000158011   0.0001316733   0.0001181102  -0.0000774941   0.0004781081
       -0.0004712841   0.0013294021   0.0065141155   0.0038571640  -0.0467435665
       -0.0776114466  -0.0383735250   0.1318187692   0.1254394297  -0.0084434890
        0.0000203935  -0.0000320870  -0.0000004629   0.0000917430  -0.0000324316
        0.0000813612  -0.0000648742   0.0001143624  -0.0000166552   0.0004967930
        0.0000666352  -0.0000606062  -0.0002151066  -0.0003019076   0.0004941109
       -0.0009278906   0.0015181071   0.0002201731   0.0018243872   0.0002671151
        0.0008679156   0.0032225232   0.0038513587   0.0027340288  -0.0204175332
       -0.0205629911  -0.0339679783  -0.0703417449  -0.0398400411   0.0729611369
        0.0000173672  -0.0000313607   0.0007457843   0.0015016736   0.0000595590
       -0.0001532418  -0.0174184285  -0.0041538400  -0.0132401847  -0.0670004666
       -0.0489319881  -0.1516939085  -0.0762972975  -0.0084434890   0.5037500541
       -0.0001771358  -0.0000881400   0.0000987112   0.0001754287   0.0000364424
       -0.0001163699   0.0000965997   0.0000584776  -0.0001202078   0.0001629110
       -0.0002471463  -0.0004596571   0.0004543911   0.0002819567   0.0005907938
        0.0014963691   0.0001079448   0.0003523210  -0.0038555140   0.0013702132
       -0.0005189221  -0.0123103466  -0.0116864472  -0.0376851180  -0.0088020185
       -0.0171974401  -0.0104169170   0.1819564671   0.0888652577  -0.2911331374
       -0.1349023101  -0.0520580141   0.1054234890  -0.0227981345  -0.0083323595
        0.0197044211  -0.0059833658   0.0027756155  -0.0014905754  -0.0008603181
       -0.0006680794   0.0014544255  -0.0000901048   0.0000203935  -0.0001771358
        0.1593682117   0.0588984930  -0.1226290540   0.0056574466   0.0025685416
       -0.0050694683  -0.0011189119  -0.0029476756   0.0025034019   0.0005926891
       -0.0001757971   0.0003351087   0.0003553434  -0.0004601672   0.0002822837
        0.0001452263   0.0001595518  -0.0001091035   0.0000736352   0.0000730295
       -0.0002867571  -0.0004976023   0.0001940588   0.0000223385   0.0000286929
       -0.0000128290   0.0000143894   0.0000295023  -0.0000347618   0.0000222364
       -0.0523133512  -0.0721313465   0.0575101499   0.0068540336   0.0033494960
       -0.0066032063   0.0016935898   0.0000566906   0.0001749776   0.0004430371
        0.0003202636  -0.0001868986  -0.0000821253  -0.0000320870  -0.0000881400
        0.0588984930   0.0807077636  -0.0675895321   0.0054791367   0.0035682069
       -0.0073841240  -0.0212398045  -0.0162177775   0.0247867090   0.0003665182
        0.0003402768  -0.0003885085  -0.0003851812   0.0000460968  -0.0001571225
        0.0002282395   0.0001012880  -0.0000240563  -0.0000018226  -0.0001130565
       -0.0000374563   0.0001332783  -0.0000505100  -0.0000189616  -0.0000650732
        0.0000545934  -0.0000261062  -0.0000089682   0.0000001018   0.0000322760
        0.1058169415   0.0573923526  -0.1631548686  -0.0015867750  -0.0013293671
        0.0027338144  -0.0000838594  -0.0001716173   0.0008143401  -0.0001991985
        0.0001364787   0.0001196515   0.0002219660  -0.0000004629   0.0000987112
       -0.1226290540  -0.0675895321   0.1866017093   0.0183288957   0.0102378515
       -0.0272847653   0.0008653830   0.0017505242  -0.0007343932   0.0000325187
       -0.0003114538  -0.0000176998  -0.0003824780   0.0000020136   0.0005917598
       -0.0001391327  -0.0001329620  -0.0000263613  -0.0001674711   0.0000892999
        0.0002562964  -0.0000580632  -0.0000247740  -0.0000203683   0.0000439451
       -0.0000586837   0.0000038972  -0.0000636183   0.0000103323   0.0000182768
       -0.0658397951  -0.0235449748  -0.0665841806  -0.0137697825  -0.0073661215
       -0.0266718050   0.0007999523  -0.0001140737  -0.0012823515   0.0001536661
       -0.0000186645  -0.0000490598   0.0000631251   0.0000917430   0.0001754287
        0.0056574466   0.0054791367   0.0183288957   0.0785127100   0.0256821733
        0.0796846613   0.0001696874  -0.0019718363  -0.0021192009   0.0008568445
       -0.0005060891  -0.0000193525  -0.0062664828   0.0022475767  -0.0021922942
       -0.0000297626  -0.0000487597  -0.0000051463  -0.0004901886   0.0001678234
        0.0007204292   0.0000552494  -0.0000457889   0.0000275918   0.0000477480
       -0.0000064589  -0.0000532739   0.0000795823  -0.0000456858   0.0000396579
       -0.0239001194  -0.0675027692  -0.0661517625   0.0036764353   0.0034896269
        0.0090970847  -0.0002632538   0.0001353330   0.0000061757   0.0000167294
       -0.0000344437   0.0000229017   0.0000179141  -0.0000324316   0.0000364424
        0.0025685416   0.0035682069   0.0102378515   0.0256821733   0.0746899526
        0.0767075432  -0.0102554620  -0.0149374094  -0.0315663867   0.0002122312
        0.0004565286   0.0007493638   0.0024582026   0.0002263054   0.0008716723
       -0.0000361922  -0.0002627000  -0.0001599649  -0.0001893170   0.0002216782
        0.0001014996  -0.0000340914   0.0000081699   0.0000318830   0.0000388539
       -0.0000265346   0.0000341272   0.0000073545   0.0000004870  -0.0000184311
       -0.0666960301  -0.0660034866  -0.2367949199  -0.0063188840  -0.0010078323
       -0.0077430962   0.0010498661  -0.0000778917   0.0012050248   0.0004019322
       -0.0001036314   0.0000348577  -0.0000973383   0.0000813612  -0.0001163699
       -0.0050694683  -0.0073841240  -0.0272847653   0.0796846613   0.0767075432
        0.2738781810  -0.0009696479  -0.0033690091  -0.0035315706   0.0003175014
        0.0001488173   0.0001024728  -0.0021308003   0.0011221270   0.0000800774
       -0.0000653484  -0.0000543577  -0.0001819523  -0.0001768133  -0.0000233292
        0.0003103174   0.0000177286  -0.0000220022   0.0000277512  -0.0000097031
        0.0000731619  -0.0000376247   0.0000623444  -0.0000873462   0.0000516165
       -0.0425552804  -0.0037817765  -0.0000759930  -0.0030982266   0.0295938347
        0.0003425963   0.0009636051   0.0010087953  -0.0004203136  -0.0001777162
       -0.0000783488  -0.0001102886   0.0001346369  -0.0000648742   0.0000965997
       -0.0011189119  -0.0212398045   0.0008653830   0.0001696874  -0.0102554620
       -0.0009696479   0.0508191712   0.0016352699   0.0008606052  -0.0055784720
        0.0034265055  -0.0010792387   0.0008572243   0.0002521249   0.0003634595
       -0.0004833830  -0.0003172132   0.0000860894  -0.0000515263  -0.0000562744
        0.0000062343   0.0000474543  -0.0000586712   0.0000028644   0.0000962658
       -0.0001241339   0.0000376067  -0.0000245285   0.0000600283  -0.0000059569
       -0.0035237611  -0.2824648640  -0.0060322119   0.0046600644  -0.0151666574
        0.0005583733  -0.0007784091   0.0009502417   0.0000012845  -0.0003303490
        0.0001676442  -0.0000110508  -0.0000015355   0.0001143624   0.0000584776
       -0.0029476756  -0.0162177775   0.0017505242  -0.0019718363  -0.0149374094
       -0.0033690091   0.0016352699   0.3279249703   0.0062229663   0.0034083464
       -0.0008281534   0.0010305580  -0.0004625017   0.0004453339   0.0001237639
        0.0004676978   0.0003416748  -0.0001214056   0.0000229532  -0.0002873824
       -0.0001417353  -0.0000242751   0.0000382820  -0.0000486067  -0.0001474786
       -0.0000173871  -0.0000065931  -0.0000065096  -0.0000628780  -0.0000153354
        0.0001320870  -0.0061336165  -0.0451980080  -0.0004992638   0.0057728351
        0.0004803899   0.0002370065  -0.0006148251   0.0002693663   0.0001114865
        0.0000286377   0.0000526629  -0.0000734492  -0.0000166552  -0.0001202078
        0.0025034019   0.0247867090  -0.0007343932  -0.0021192009  -0.0315663867
       -0.0035315706   0.0008606052   0.0062229663   0.0482648418  -0.0012701257
        0.0007970747   0.0005421025  -0.0000143430   0.0007449776   0.0000568466
        0.0002330834   0.0000993058   0.0001641676  -0.0000812187  -0.0001867032
       -0.0002034845   0.0000193564  -0.0000161328  -0.0000251958  -0.0000158967
        0.0000594225  -0.0000529338  -0.0000235289   0.0000223908   0.0000354159
       -0.0039982328   0.0295571989   0.0000444279  -0.0413273339  -0.0065782460
       -0.0012870705  -0.0031819193  -0.0200883633   0.0020054190   0.0005657537
       -0.0018724874   0.0000384766   0.0001122268   0.0004967930   0.0001629110
        0.0005926891   0.0003665182   0.0000325187   0.0008568445   0.0002122312
        0.0003175014  -0.0055784720   0.0034083464  -0.0012701257   0.0539431033
        0.0057896114  -0.0007173534   0.0004759209  -0.0101901099  -0.0018108732
       -0.0024221598  -0.0017978560   0.0032731055   0.0004586412   0.0002811201
       -0.0005438890   0.0001920391   0.0001904015  -0.0001322615  -0.0005082210
        0.0005909278   0.0001283821  -0.0001808801  -0.0003660859  -0.0002411689
        0.0040564666  -0.0146263322   0.0002063139  -0.0059958941  -0.2691580908
       -0.0082168709  -0.0039983218  -0.0152931844   0.0029175805   0.0008840705
        0.0007979098  -0.0002828970  -0.0004098037   0.0000666352  -0.0002471463
       -0.0001757971   0.0003402768  -0.0003114538  -0.0005060891   0.0004565286
        0.0001488173   0.0034265055  -0.0008281534   0.0007970747   0.0057896114
        0.3139106001   0.0067103261  -0.0014589077  -0.0151936151  -0.0041486965
       -0.0017201911  -0.0010871242   0.0028491776   0.0003834803   0.0003563115
       -0.0001833770   0.0002837398   0.0001466837  -0.0000362564  -0.0004916940
        0.0004055061  -0.0000376011  -0.0000671755  -0.0002939516  -0.0001649911
       -0.0006266054   0.0056757083   0.0010107634  -0.0013214105  -0.0083544453
       -0.0462816755   0.0032959566   0.0222689421  -0.0008749423  -0.0003841820
        0.0002833229   0.0007070882  -0.0002575333  -0.0000606062  -0.0004596571
        0.0003351087  -0.0003885085  -0.0000176998  -0.0000193525   0.0007493638
        0.0001024728  -0.0010792387   0.0010305580   0.0005421025  -0.0007173534
        0.0067103261   0.0514143393  -0.0020046825  -0.0305992181  -0.0040722450
        0.0031384477   0.0026051601  -0.0027029210  -0.0001856234   0.0006583670
        0.0004039686  -0.0002137254  -0.0000144832  -0.0000265893   0.0001536162
       -0.0002193130   0.0001686072  -0.0001134221  -0.0003451741   0.0000863880
       -0.0142639244  -0.0067564567  -0.0272309437  -0.0591686760  -0.0206716695
       -0.0589697746   0.0044740761   0.0046899883   0.0184172813   0.0003145840
        0.0001440817   0.0002264749  -0.0003726040  -0.0002151066   0.0004543911
        0.0003553434  -0.0003851812  -0.0003824780  -0.0062664828   0.0024582026
       -0.0021308003   0.0008572243  -0.0004625017  -0.0000143430   0.0004759209
       -0.0014589077  -0.0020046825   0.0760377701   0.0231384754   0.0694385392
        0.0006119124   0.0004375797  -0.0002717871  -0.0021810977  -0.0011530126
        0.0033414784   0.0000599347  -0.0000842583  -0.0002963000  -0.0000235062
       -0.0000367389  -0.0000609450  -0.0009104750   0.0003555055  -0.0005161109
        0.0040994925   0.0035371706   0.0088396212  -0.0211435373  -0.0682657971
       -0.0649040949   0.0024324629   0.0032591935   0.0090731116   0.0000320163
        0.0002836593  -0.0005783174   0.0001509970  -0.0003019076   0.0002819567
       -0.0004601672   0.0000460968   0.0000020136   0.0022475767   0.0002263054
        0.0011221270   0.0002521249   0.0004453339   0.0007449776  -0.0101901099
       -0.0151936151  -0.0305992181   0.0231384754   0.0746661918   0.0729701033
        0.0002822302   0.0004798122   0.0008155199  -0.0011702585   0.0003093785
        0.0022681074  -0.0000466079  -0.0001107285   0.0000348692  -0.0000418271
       -0.0001955949  -0.0001041646   0.0004171318   0.0008145015   0.0000333874
       -0.0056561959  -0.0017456866  -0.0075000580  -0.0601295436  -0.0640309488
       -0.2296385626  -0.0027637410  -0.0053912081  -0.0253619293  -0.0005001711
       -0.0002478920   0.0000694671  -0.0003791644   0.0004941109   0.0005907938
        0.0002822837  -0.0001571225   0.0005917598  -0.0021922942   0.0008716723
        0.0000800774   0.0003634595   0.0001237639   0.0000568466  -0.0018108732
       -0.0041486965  -0.0040722450   0.0694385392   0.0729701033   0.2682702074
       -0.0005802114  -0.0002881416   0.0005475863   0.0033382904   0.0020262809
       -0.0043424120  -0.0002640165  -0.0001611978   0.0000210795  -0.0000085481
       -0.0000524276  -0.0002030323   0.0008621864  -0.0002626098   0.0008904214
        0.0005366749  -0.0009675472   0.0001488654  -0.0033542329  -0.0196182685
        0.0013633289  -0.0432115121  -0.0159554769  -0.0020162527  -0.0022352110
        0.0293069905   0.0007756497   0.0028317426  -0.0009278906   0.0014963691
        0.0001452263   0.0002282395  -0.0001391327  -0.0000297626  -0.0000361922
       -0.0000653484  -0.0004833830   0.0004676978   0.0002330834  -0.0024221598
       -0.0017201911   0.0031384477   0.0006119124   0.0002822302  -0.0005802114
        0.0524823807   0.0166784785  -0.0009764113   0.0000295569  -0.0117501133
       -0.0024078703   0.0005611769   0.0003689581  -0.0000992255  -0.0052632074
        0.0034685908  -0.0008692532  -0.0001992018   0.0001744944  -0.0000020386
        0.0004784071   0.0009699784  -0.0004445108  -0.0037397671  -0.0146557380
        0.0023805338  -0.0152806817  -0.2719961417  -0.0137491557   0.0033674446
       -0.0172799918  -0.0004179114  -0.0014085812   0.0015181071   0.0001079448
        0.0001595518   0.0001012880  -0.0001329620  -0.0000487597  -0.0002627000
       -0.0000543577  -0.0003172132   0.0003416748   0.0000993058  -0.0017978560
       -0.0010871242   0.0026051601   0.0004375797   0.0004798122  -0.0002881416
        0.0166784785   0.3161981410   0.0141891031  -0.0018653643  -0.0127516697
       -0.0040971934  -0.0002255289   0.0000690728  -0.0001791258   0.0033357757
       -0.0013659217   0.0000310867   0.0002265148  -0.0002787872  -0.0000497758
       -0.0005353211   0.0000603680   0.0003043022   0.0038375350   0.0220042376
       -0.0004975665  -0.0018063640  -0.0144629667  -0.0455573412  -0.0008626090
        0.0038474103   0.0008683254   0.0009902705   0.0002201731   0.0003523210
       -0.0001091035  -0.0000240563  -0.0000263613  -0.0000051463  -0.0001599649
       -0.0001819523   0.0000860894  -0.0001214056   0.0001641676   0.0032731055
        0.0028491776  -0.0027029210  -0.0002717871   0.0008155199   0.0005475863
       -0.0009764113   0.0141891031   0.0512484908  -0.0029550166  -0.0301713120
       -0.0046839537   0.0002545469  -0.0003407903  -0.0001113628  -0.0006850079
        0.0009063521   0.0005044465  -0.0002347805   0.0003881541  -0.0002281810
        0.0010503628   0.0000431496   0.0013676605   0.0042151878   0.0040270709
        0.0174297654  -0.0662528876  -0.0202954301  -0.0700801461  -0.0115348127
       -0.0062206717  -0.0235144067  -0.0081239375   0.0018243872  -0.0038555140
        0.0000736352  -0.0000018226  -0.0001674711  -0.0004901886  -0.0001893170
       -0.0001768133  -0.0000515263   0.0000229532  -0.0000812187   0.0004586412
        0.0003834803  -0.0001856234  -0.0021810977  -0.0011702585   0.0033382904
        0.0000295569  -0.0018653643  -0.0029550166   0.0825406593   0.0239747090
        0.0794859921  -0.0000477184  -0.0005906157  -0.0009034975   0.0002783961
        0.0000033512   0.0000339518   0.0000357293   0.0000543785   0.0002640472
        0.0002645357   0.0002362438  -0.0001913321   0.0025839993   0.0031814800
        0.0093336844  -0.0208917770  -0.0610575524  -0.0554320923   0.0042820586
        0.0028407605   0.0089044610   0.0024835115   0.0002671151   0.0013702132
        0.0000730295  -0.0001130565   0.0000892999   0.0001678234   0.0002216782
       -0.0000233292  -0.0000562744  -0.0002873824  -0.0001867032   0.0002811201
        0.0003563115   0.0006583670  -0.0011530126   0.0003093785   0.0020262809
       -0.0117501133  -0.0127516697  -0.0301713120   0.0239747090   0.0666062975
        0.0630819258  -0.0004170878   0.0003287213   0.0001926751   0.0000839351
       -0.0000709231   0.0002157335   0.0000735429  -0.0000674024   0.0001321281
       -0.0008587952  -0.0000522703   0.0012051725  -0.0033318804  -0.0046447183
       -0.0263097626  -0.0705979310  -0.0551242296  -0.2318561965  -0.0033728168
       -0.0019386458  -0.0063053278  -0.0026750790   0.0008679156  -0.0005189221
       -0.0002867571  -0.0000374563   0.0002562964   0.0007204292   0.0001014996
        0.0003103174   0.0000062343  -0.0001417353  -0.0002034845  -0.0005438890
       -0.0001833770   0.0004039686   0.0033414784   0.0022681074  -0.0043424120
       -0.0024078703  -0.0040971934  -0.0046839537   0.0794859921   0.0630819258
        0.2710016933   0.0003134305  -0.0002656098   0.0006991506   0.0001145901
        0.0002851030  -0.0000826867   0.0000928640  -0.0001193158   0.0004261470
       -0.0011349401  -0.0004344186   0.0012077791  -0.0050286955   0.0030474645
       -0.0009722931  -0.0216456232  -0.0057998565   0.0203297577  -0.1163089943
       -0.0349580264   0.1052522078   0.0081430331   0.0032225232  -0.0123103466
       -0.0004976023   0.0001332783  -0.0000580632   0.0000552494  -0.0000340914
        0.0000177286   0.0000474543  -0.0000242751   0.0000193564   0.0001920391
        0.0002837398  -0.0002137254   0.0000599347  -0.0000466079  -0.0002640165
        0.0005611769  -0.0002255289   0.0002545469  -0.0000477184  -0.0004170878
        0.0003134305   0.1365369718   0.0387231250  -0.1137146417  -0.0011507947
       -0.0025164565   0.0031130021   0.0002185090  -0.0009537819  -0.0029747227
        0.0003929954   0.0003278607  -0.0003578107   0.0016624794  -0.0002634608
        0.0004424211   0.0080179115   0.0032148732  -0.0085271360  -0.0351205518
       -0.0619538989   0.0495635872   0.0058868131   0.0038513587  -0.0116864472
        0.0001940588  -0.0000505100  -0.0000247740  -0.0000457889   0.0000081699
       -0.0000220022  -0.0000586712   0.0000382820  -0.0000161328   0.0001904015
        0.0001466837  -0.0000144832  -0.0000842583  -0.0001107285  -0.0001611978
        0.0003689581   0.0000690728  -0.0003407903  -0.0005906157   0.0003287213
       -0.0002656098   0.0387231250   0.0668404591  -0.0513299239  -0.0188105759
       -0.0129498337   0.0254715871  -0.0007262810   0.0005029505  -0.0027312876
        0.0000452154   0.0000251918  -0.0000441826   0.0001182765  -0.0002555691
        0.0011610697   0.0015572676   0.0006227146   0.0000540008   0.1017297394
        0.0461062438  -0.1739824283   0.0093287684   0.0027340288  -0.0376851180
        0.0000223385  -0.0000189616  -0.0000203683   0.0000275918   0.0000318830
        0.0000277512   0.0000028644  -0.0000486067  -0.0000251958  -0.0001322615
       -0.0000362564  -0.0000265893  -0.0002963000   0.0000348692   0.0000210795
       -0.0000992255  -0.0001791258  -0.0001113628  -0.0009034975   0.0001926751
        0.0006991506  -0.1137146417  -0.0513299239   0.2187695990   0.0047939022
        0.0045762177  -0.0041931685  -0.0024800378  -0.0024553805  -0.0046442373
       -0.0000132927  -0.0001852211   0.0000390009   0.0011011383   0.0015099122
       -0.0007255556  -0.0030318599   0.0282709040  -0.0022630255  -0.0416705398
       -0.0079866989   0.0044543083  -0.0049707524  -0.0204175332  -0.0088020185
        0.0000286929  -0.0000650732   0.0000439451   0.0000477480   0.0000388539
       -0.0000097031   0.0000962658  -0.0001474786  -0.0000158967  -0.0005082210
       -0.0004916940   0.0001536162  -0.0000235062  -0.0000418271  -0.0000085481
       -0.0052632074   0.0033357757  -0.0006850079   0.0002783961   0.0000839351
        0.0001145901  -0.0011507947  -0.0188105759   0.0047939022   0.0542337990
        0.0140971157   0.0028319904   0.0008461339   0.0008096055   0.0000784023
       -0.0003189164   0.0002617410   0.0000105958  -0.0014097880   0.0011054951
       -0.0000328549   0.0045633933  -0.0183765054   0.0029316687  -0.0055410612
       -0.2440137504   0.0239128530  -0.0126668418  -0.0205629911  -0.0171974401
       -0.0000128290   0.0000545934  -0.0000586837  -0.0000064589  -0.0000265346
        0.0000731619  -0.0001241339  -0.0000173871   0.0000594225   0.0005909278
        0.0004055061  -0.0002193130  -0.0000367389  -0.0001955949  -0.0000524276
        0.0034685908  -0.0013659217   0.0009063521   0.0000033512  -0.0000709231
        0.0002851030  -0.0025164565  -0.0129498337   0.0045762177   0.0140971157
        0.2940547774  -0.0157904794  -0.0000901541   0.0016973289   0.0005958241
        0.0000585496   0.0000401641  -0.0000259839   0.0004342553  -0.0008622416
        0.0002753753  -0.0000424839   0.0029788310   0.0012299235   0.0064628116
        0.0240413316  -0.0437032519  -0.0121549614  -0.0339679783  -0.0104169170
        0.0000143894  -0.0000261062   0.0000038972  -0.0000532739   0.0000341272
       -0.0000376247   0.0000376067  -0.0000065931  -0.0000529338   0.0001283821
       -0.0000376011   0.0001686072  -0.0000609450  -0.0001041646  -0.0002030323
       -0.0008692532   0.0000310867   0.0005044465   0.0000339518   0.0002157335
       -0.0000826867   0.0031130021   0.0254715871  -0.0041931685   0.0028319904
       -0.0157904794   0.0560289719   0.0000659784  -0.0020176967   0.0005043771
        0.0001273503   0.0002098674   0.0001952119   0.0007410347  -0.0009287044
       -0.0005028533   0.0010220604   0.0003715719  -0.0006989625   0.0095588599
        0.0066608905  -0.0143959446  -0.1412452897  -0.0703417449   0.1819564671
        0.0000295023  -0.0000089682  -0.0000636183   0.0000795823   0.0000073545
        0.0000623444  -0.0000245285  -0.0000065096  -0.0000235289  -0.0001808801
       -0.0000671755  -0.0001134221  -0.0009104750   0.0004171318   0.0008621864
       -0.0001992018   0.0002265148  -0.0002347805   0.0000357293   0.0000735429
        0.0000928640   0.0002185090  -0.0007262810  -0.0024800378   0.0008461339
       -0.0000901541   0.0000659784   0.1299016129   0.0642026641  -0.1647219042
        0.0000390285  -0.0001876495   0.0000036047   0.0003213005  -0.0001071234
        0.0004650832  -0.0008388271   0.0002938732   0.0005002478   0.0084571518
        0.0006035289  -0.0110700970  -0.0722350146  -0.0398400411   0.0888652577
       -0.0000347618   0.0000001018   0.0000103323  -0.0000456858   0.0000004870
       -0.0000873462   0.0000600283  -0.0000628780   0.0000223908  -0.0003660859
       -0.0002939516  -0.0003451741   0.0003555055   0.0008145015  -0.0002626098
        0.0001744944  -0.0002787872   0.0003881541   0.0000543785  -0.0000674024
       -0.0001193158  -0.0009537819   0.0005029505  -0.0024553805   0.0008096055
        0.0016973289  -0.0020176967   0.0642026641   0.0369250613  -0.0738974505
        0.0000760291  -0.0001201470  -0.0000721999   0.0003057948   0.0000397778
        0.0000776770   0.0005745710   0.0004192691   0.0001731842   0.0099042900
        0.0027836191  -0.0308310603   0.1571968735   0.0729611369  -0.2911331374
        0.0000222364   0.0000322760   0.0000182768   0.0000396579  -0.0000184311
        0.0000516165  -0.0000059569  -0.0000153354   0.0000354159  -0.0002411689
       -0.0001649911   0.0000863880  -0.0005161109   0.0000333874   0.0008904214
       -0.0000020386  -0.0000497758  -0.0002281810   0.0002640472   0.0001321281
        0.0004261470  -0.0029747227  -0.0027312876  -0.0046442373   0.0000784023
        0.0005958241   0.0005043771  -0.1647219042  -0.0738974505   0.3246453121
