           1           2   1.01889543194003     
           2           3   1.00879881722463     
           3           4  0.997582151163330     
           4           5  0.992695892658883     
           1           6  0.986964982111363     
           1           7  0.987513078965688     
           1           8  0.987697239460190     
           2           9  0.977807252067697     
           2          10  0.976372556836250     
           3          11  0.976010684402790     
           3          12  0.974955829108901     
           4          13  0.974074606828113     
           4          14  0.970564174960874     
           5          15  0.865298558269745     
