$hessian                                                                        
        0.5128069698   0.0274165088   0.0009739245  -0.0832657730   0.0450116819
       -0.0017321801  -0.0104702937   0.0206166152  -0.0060263867  -0.0008125126
       -0.0004589916  -0.0000734264  -0.0004679207   0.0003620575   0.0000029625
       -0.1565150791   0.0027398998  -0.1187138090  -0.1718408681  -0.1155488961
        0.0354819840  -0.0891965191   0.0244892106   0.0888730572  -0.0044106686
        0.0123313710   0.0009030114   0.0067015771  -0.0191953306   0.0017497976
       -0.0026577536   0.0011535625  -0.0022767585   0.0010203357   0.0007448461
        0.0010646995  -0.0000617274   0.0000830320  -0.0001459320  -0.0002245514
       -0.0000649213   0.0000465621  -0.0006052152   0.0003193543  -0.0001275062
        0.0274165088   0.4713577524   0.0039542304   0.0431133212  -0.1840942049
        0.0078853036   0.0055733903  -0.0042732370   0.0047103859  -0.0003627476
       -0.0007649132   0.0000422166   0.0006000112   0.0006481686  -0.0006029581
        0.0028448616  -0.0423291230   0.0043569516  -0.1163775189  -0.1459391576
        0.0310888009   0.0250820004  -0.0575525873  -0.0523108140   0.0065716003
       -0.0130069723  -0.0015362982   0.0054513828  -0.0258771157   0.0028490869
        0.0006635750   0.0006507139  -0.0001129624  -0.0008558780   0.0008613019
       -0.0008017453  -0.0000773443   0.0001244855   0.0001305827   0.0000968120
        0.0000418934   0.0000800321   0.0002600252   0.0001529954   0.0002671874
        0.0009739245   0.0039542304   0.5200453489  -0.0005394240   0.0069756596
       -0.0659409159  -0.0096294229   0.0166822481  -0.0052987473   0.0003034926
        0.0004807721  -0.0006874143  -0.0000857586  -0.0000912991   0.0006118814
       -0.1185169779   0.0038256470  -0.1702320483   0.0361494139   0.0318746971
       -0.0545430041   0.0888486415  -0.0514719218  -0.2232129641   0.0096044651
       -0.0253860665   0.0003528887  -0.0024559783   0.0102364019   0.0001732960
       -0.0034316744   0.0013733962  -0.0023552362  -0.0006388211   0.0016157559
        0.0011889736  -0.0002589940   0.0001059960   0.0001071169  -0.0002442920
       -0.0000889250   0.0002116194  -0.0000785944  -0.0000865918  -0.0004207946
       -0.0832657730   0.0431133212  -0.0005394240   0.4894275769   0.0193954289
       -0.0359122001  -0.1331768883   0.0043595327  -0.0615344314  -0.0275947961
       -0.0007106294  -0.0139286712   0.0009125955   0.0011423913  -0.0012457560
       -0.0099480041   0.0206784409  -0.0034865325   0.0077399153  -0.0194964051
        0.0012805521  -0.0060284684   0.0145358445   0.0008929172  -0.0649234467
        0.0200538561   0.0645167763  -0.1658240667  -0.1028976480   0.0553702365
       -0.0041555804   0.0013719968  -0.0039594234   0.0003072183  -0.0007690053
       -0.0021209144   0.0010278056  -0.0004350432  -0.0012405208  -0.0049362344
       -0.0005155829   0.0017817780   0.0004381465   0.0001735017   0.0001256136
        0.0450116819  -0.1840942049   0.0069756596   0.0193954289   0.4806264249
        0.0077911975   0.0025974464  -0.0653749333   0.0012409888  -0.0042662132
       -0.0006501992  -0.0017569480   0.0005237849   0.0012032280  -0.0011020895
        0.0029183518  -0.0036791023   0.0011658216   0.0053683188  -0.0243225865
        0.0030872897   0.0061180716  -0.0128033722  -0.0026190908   0.0196440401
       -0.0646957005  -0.0633353560  -0.1024852770  -0.1247809973   0.0428636933
        0.0184980638  -0.0029624152   0.0186021260  -0.0130953312   0.0003834768
       -0.0138047895   0.0006927758   0.0001624604   0.0003133420  -0.0008773725
        0.0008428386   0.0001071163  -0.0000437700   0.0001450825   0.0004710390
       -0.0017321801   0.0078853036  -0.0659409159  -0.0359122001   0.0077911975
        0.5030788926  -0.0581687379   0.0033667392  -0.1210096112   0.0026920831
       -0.0025539708   0.0075762800   0.0000678500   0.0003459107   0.0003544765
       -0.0096058608   0.0199404184  -0.0027050933  -0.0021483413   0.0073112939
       -0.0003714108   0.0105664676  -0.0248048459   0.0000551227   0.0638800360
       -0.0625069182  -0.2257638077   0.0551905311   0.0423400178  -0.0677877170
       -0.0118112629   0.0023536147  -0.0099115559  -0.0175588455  -0.0017301238
       -0.0185773298   0.0015884185   0.0001400126   0.0010911430   0.0030410012
       -0.0000293987  -0.0000994153  -0.0000889590   0.0001507489   0.0000109421
       -0.0104702937   0.0055733903  -0.0096294229  -0.1331768883   0.0025974464
       -0.0581687379   0.4410936032  -0.0116141695   0.0001725553  -0.1574722143
       -0.0018299643   0.0434262452  -0.0045320964  -0.0117129939   0.0082093127
       -0.0003073316   0.0023082222  -0.0003726599   0.0005963428  -0.0004724765
        0.0003361056   0.0003620223  -0.0006134325  -0.0003007285   0.0038767291
       -0.0008050580   0.0009364016  -0.0224134187  -0.0011747289  -0.0167346820
       -0.0393923795  -0.0010425472   0.0009367943  -0.0440864893   0.0179574471
        0.0181277505  -0.0089131772   0.0015942725   0.0063256626  -0.0259937555
       -0.0006896688   0.0075306170   0.0008293470  -0.0000757390  -0.0007952134
        0.0206166152  -0.0042732370   0.0166822481   0.0043595327  -0.0653749333
        0.0033667392  -0.0116141695   0.5420039265   0.0099512145  -0.0029730687
       -0.0613340319  -0.0011115860  -0.0305134504  -0.0164514944   0.0208926421
        0.0033110617  -0.0049479901   0.0012113153   0.0002446599   0.0012639299
        0.0003416419   0.0002125462   0.0003765796   0.0008019198  -0.0066199638
        0.0009992944  -0.0075538639  -0.0123011994   0.0000305889  -0.0095462941
       -0.0006848501  -0.2316708171   0.0906816753   0.0172918478  -0.1620221821
       -0.1144000920   0.0183473091   0.0002345548  -0.0103220867   0.0004156300
        0.0008659348  -0.0007684415  -0.0000925005   0.0002998769  -0.0002270320
       -0.0060263867   0.0047103859  -0.0052987473  -0.0615344314   0.0012409888
       -0.1210096112   0.0001725553   0.0099512145   0.4873032760   0.0440592876
       -0.0012423369  -0.0861464666   0.0156800594   0.0129524792  -0.0074603618
       -0.0004768920   0.0007729449   0.0005569210  -0.0001504308  -0.0003904974
        0.0003758401   0.0010879021  -0.0005412558   0.0007126333  -0.0207292259
       -0.0011434261  -0.0227979672   0.0036325498   0.0009510646   0.0042651890
        0.0016303250   0.0914055959  -0.0879258581   0.0175131772  -0.1155559658
       -0.1554749711   0.0221518655  -0.0028163216  -0.0128865799  -0.0175153510
       -0.0004424844   0.0062846681   0.0005049960   0.0001476142  -0.0004979644
       -0.0008125126  -0.0003627476   0.0003034926  -0.0275947961  -0.0042662132
        0.0026920831  -0.1574722143  -0.0029730687   0.0440592876   0.4638620862
       -0.0031152014   0.0448585414  -0.0640922582  -0.0417317630   0.0032638116
        0.0002826162   0.0003254056  -0.0000059457   0.0002614603   0.0003478223
       -0.0003187697  -0.0001031459   0.0000864682  -0.0001346392   0.0007612870
        0.0001227726   0.0017648998  -0.0032114384   0.0008091785  -0.0019980310
       -0.0028326723  -0.0009797666   0.0021455238  -0.0074811564   0.0010560490
        0.0058681123  -0.0480205554   0.0229256766   0.0169838432  -0.1562446327
        0.0073635051  -0.1123406195   0.0026979322   0.0203918827  -0.0071415904
       -0.0004589916  -0.0007649132   0.0004807721  -0.0007106294  -0.0006501992
       -0.0025539708  -0.0018299643  -0.0613340319  -0.0012423369  -0.0031152014
        0.4389250364   0.0312531474  -0.0232127150  -0.1876407688   0.0608062934
       -0.0000077442  -0.0000146925   0.0000121173   0.0006581788  -0.0005908819
        0.0001301208   0.0000456022   0.0001868195  -0.0000545583  -0.0014605229
        0.0012250835   0.0002804475  -0.0005118714   0.0007374763  -0.0000201979
       -0.0223232953  -0.0062222482   0.0138407144   0.0190393004   0.0015744603
       -0.0117606656   0.0196456191  -0.1355458744  -0.1033487785   0.0099438173
       -0.0419278349   0.0051664406   0.0042984178  -0.0079574310   0.0070104546
       -0.0000734264   0.0000422166  -0.0006874143  -0.0139286712  -0.0017569480
        0.0075762800   0.0434262452  -0.0011115860  -0.0861464666   0.0448585414
        0.0312531474   0.4982314912  -0.0094645695   0.0429962921  -0.0841549475
       -0.0003337275   0.0002350995  -0.0000894756  -0.0001152370   0.0000557274
        0.0003077594  -0.0000642111   0.0000814523  -0.0000024904  -0.0017059513
       -0.0001583500   0.0010215291  -0.0038628018  -0.0006772203  -0.0018079014
        0.0117878237   0.0034316735  -0.0067341431   0.0209631315   0.0001478962
       -0.0122755746   0.0169946493  -0.1031292353  -0.1466785254  -0.1136075400
        0.0015084499  -0.1531442784   0.0051257447   0.0270813847  -0.0154158425
       -0.0004679207   0.0006000112  -0.0000857586   0.0009125955   0.0005237849
        0.0000678500  -0.0045320964  -0.0305134504   0.0156800594  -0.0640922582
       -0.0232127150  -0.0094645695   0.2296194074   0.0517249016   0.1993952850
       -0.0003202307  -0.0002750414  -0.0001061111  -0.0010517538  -0.0005456574
        0.0006428865  -0.0000400269  -0.0002170435   0.0001372586  -0.0000739726
        0.0000494599  -0.0002040160   0.0000206814  -0.0000938188   0.0001083459
       -0.0061053968  -0.0027435716   0.0041848993   0.0018762843   0.0002245903
       -0.0017529240   0.0029491253  -0.0016227488  -0.0006054855   0.0030018116
        0.0197075112  -0.0099154389  -0.1616962493  -0.0136062121  -0.1980822810
        0.0003620575   0.0006481686  -0.0000912991   0.0011423913   0.0012032280
        0.0003459107  -0.0117129939  -0.0164514944   0.0129524792  -0.0417317630
       -0.1876407688   0.0429962921   0.0517249016   0.2958951069  -0.1071423290
       -0.0000947112  -0.0001279314   0.0000246418  -0.0001591171   0.0003842040
       -0.0002518430  -0.0000615651  -0.0001190840   0.0001189789   0.0007256873
       -0.0004541659  -0.0004710952   0.0001837904  -0.0002755872  -0.0003186166
       -0.0037127209  -0.0002850538   0.0025135894   0.0006319947   0.0010238407
        0.0000890994  -0.0037392748  -0.0501073645   0.0108696950   0.0033629744
       -0.0109552134   0.0112634509   0.0030783487  -0.0327378847   0.0271010456
        0.0000029625  -0.0006029581   0.0006118814  -0.0012457560  -0.0011020895
        0.0003544765   0.0082093127   0.0208926421  -0.0074603618   0.0032638116
        0.0608062934  -0.0841549475   0.1993952850  -0.1071423290   0.3773370360
        0.0003381806   0.0002497589  -0.0000200662  -0.0004423452   0.0002019474
       -0.0002361133   0.0000470037   0.0001595807  -0.0000344155  -0.0002812443
        0.0002044906   0.0003100661  -0.0000438540   0.0002299950   0.0000207825
        0.0043158679   0.0016270168  -0.0022604072  -0.0017916472  -0.0001632262
        0.0008131077  -0.0020988960  -0.0083621791   0.0101848784  -0.0011432899
        0.0292472516  -0.0176468128  -0.2085253913   0.0037538055  -0.2778191044
       -0.1565150791   0.0028448616  -0.1185169779  -0.0099480041   0.0029183518
       -0.0096058608  -0.0003073316   0.0033110617  -0.0004768920   0.0002826162
       -0.0000077442  -0.0003337275  -0.0003202307  -0.0000947112   0.0003381806
        0.1798555732  -0.0060080611   0.1394736377  -0.0209976765  -0.0027895692
       -0.0194076586   0.0085978219  -0.0003244257   0.0088805365  -0.0001590979
       -0.0002256433  -0.0000205108   0.0003743077  -0.0002235468   0.0000466443
       -0.0007369838   0.0003561075  -0.0005474352   0.0000747977   0.0001926897
        0.0003767133  -0.0000076497   0.0000468041   0.0000260604  -0.0000356319
       -0.0000015547   0.0000450289  -0.0001574316   0.0000053798  -0.0002777388
        0.0027398998  -0.0423291230   0.0038256470   0.0206784409  -0.0036791023
        0.0199404184   0.0023082222  -0.0049479901   0.0007729449   0.0003254056
       -0.0000146925   0.0002350995  -0.0002750414  -0.0001279314   0.0002497589
       -0.0060080611   0.0501693530  -0.0049824146  -0.0158749162  -0.0003630764
       -0.0151625702  -0.0051421828   0.0006876013  -0.0061622896   0.0001717065
        0.0007888514   0.0003749704   0.0000946542   0.0003027181   0.0002515942
        0.0010638123  -0.0003435596   0.0009878094  -0.0001206272  -0.0002142575
       -0.0001193961  -0.0000418268   0.0000028876   0.0000666089   0.0001065348
        0.0000313783  -0.0000762002  -0.0000260209   0.0000369432  -0.0002019807
       -0.1187138090   0.0043569516  -0.1702320483  -0.0034865325   0.0011658216
       -0.0027050933  -0.0003726599   0.0012113153   0.0005569210  -0.0000059457
        0.0000121173  -0.0000894756  -0.0001061111   0.0000246418  -0.0000200662
        0.1394736377  -0.0049824146   0.1953219825   0.0026965581  -0.0006366243
        0.0036839308  -0.0198756427  -0.0013480044  -0.0272761899   0.0003619429
       -0.0003727447   0.0007586666   0.0000990142   0.0001222220  -0.0003032437
       -0.0002324023   0.0001573603  -0.0000786566   0.0001784410   0.0001839818
        0.0002888003  -0.0000515817   0.0000341028   0.0000688486  -0.0000035231
        0.0000131689   0.0000143391   0.0000386142   0.0000581047   0.0000112848
       -0.1718408681  -0.1163775189   0.0361494139   0.0077399153   0.0053683188
       -0.0021483413   0.0005963428   0.0002446599  -0.0001504308   0.0002614603
        0.0006581788  -0.0001152370  -0.0010517538  -0.0001591171  -0.0004423452
       -0.0209976765  -0.0158749162   0.0026965581   0.1989467157   0.1328982125
       -0.0428848415  -0.0135200388  -0.0098706035   0.0060880575   0.0001935834
       -0.0000011017  -0.0002415610   0.0005617953   0.0025619015  -0.0005699007
       -0.0001135301   0.0000330876   0.0000698069   0.0001344875   0.0000040377
        0.0001220299  -0.0000018347  -0.0001884892   0.0000365533  -0.0000233062
       -0.0000761653   0.0000300620  -0.0008852924   0.0007795151   0.0013601761
       -0.1155488961  -0.1459391576   0.0318746971  -0.0194964051  -0.0243225865
        0.0073112939  -0.0004724765   0.0012639299  -0.0003904974   0.0003478223
       -0.0005908819   0.0000557274  -0.0005456574   0.0003842040   0.0002019474
       -0.0027895692  -0.0003630764  -0.0006366243   0.1328982125   0.1709603984
       -0.0375963908   0.0033380198   0.0045059663  -0.0005542066  -0.0005139344
        0.0005277131   0.0000404599   0.0019577745  -0.0070401474   0.0004843525
       -0.0001770109   0.0003833424  -0.0001738893   0.0000449193   0.0001198511
        0.0004099873  -0.0000184900  -0.0000243248   0.0000564242  -0.0001345984
       -0.0000342453  -0.0000676505   0.0011102897   0.0001690147  -0.0010156308
        0.0354819840   0.0310888009  -0.0545430041   0.0012805521   0.0030872897
       -0.0003714108   0.0003361056   0.0003416419   0.0003758401  -0.0003187697
        0.0001301208   0.0003077594   0.0006428865  -0.0002518430  -0.0002361133
       -0.0194076586  -0.0151625702   0.0036839308  -0.0428848415  -0.0375963908
        0.0595934950   0.0247324245   0.0180335640  -0.0092527015  -0.0002418930
       -0.0004783384   0.0001129061  -0.0002641756   0.0010709049   0.0007537524
        0.0000694467  -0.0002215565  -0.0001078344   0.0000075477   0.0002713199
       -0.0005871625   0.0000596020  -0.0000503595  -0.0001115532   0.0000427007
        0.0000786946  -0.0000871279   0.0004640887  -0.0003412781   0.0004692241
       -0.0891965191   0.0250820004   0.0888486415  -0.0060284684   0.0061180716
        0.0105664676   0.0003620223   0.0002125462   0.0010879021  -0.0001031459
        0.0000456022  -0.0000642111  -0.0000400269  -0.0000615651   0.0000470037
        0.0085978219  -0.0051421828  -0.0198756427  -0.0135200388   0.0033380198
        0.0247324245   0.1001692405  -0.0314348703  -0.1038723829  -0.0003865910
        0.0028149205  -0.0000907046   0.0007199389  -0.0008262537  -0.0004613935
        0.0000777720  -0.0001534032  -0.0000100360  -0.0006766166   0.0001042422
       -0.0006513239   0.0001046037  -0.0000443858  -0.0001307776  -0.0000175644
       -0.0000102137  -0.0000643653  -0.0000624283  -0.0000425281  -0.0000616017
        0.0244892106  -0.0575525873  -0.0514719218   0.0145358445  -0.0128033722
       -0.0248048459  -0.0006134325   0.0003765796  -0.0005412558   0.0000864682
        0.0001868195   0.0000814523  -0.0002170435  -0.0001190840   0.0001595807
       -0.0003244257   0.0006876013  -0.0013480044  -0.0098706035   0.0045059663
        0.0180335640  -0.0314348703   0.0699174702   0.0612108457   0.0031326279
       -0.0063342275  -0.0004427868   0.0002066351   0.0007373689  -0.0009028246
       -0.0001506518   0.0000222958  -0.0001895557   0.0002707099   0.0004019710
        0.0002272319  -0.0001020460  -0.0000061880   0.0000391566  -0.0000376701
        0.0000418837   0.0000180332   0.0000292472  -0.0000624975  -0.0000686694
        0.0888730572  -0.0523108140  -0.2232129641   0.0008929172  -0.0026190908
        0.0000551227  -0.0003007285   0.0008019198   0.0007126333  -0.0001346392
       -0.0000545583  -0.0000024904   0.0001372586   0.0001189789  -0.0000344155
        0.0088805365  -0.0061622896  -0.0272761899   0.0060880575  -0.0005542066
       -0.0092527015  -0.1038723829   0.0612108457   0.2572779904  -0.0000659709
       -0.0005285047   0.0008968785  -0.0004105661   0.0000767580   0.0005920139
       -0.0000665958   0.0000706742  -0.0000105454   0.0001026486   0.0000662331
        0.0002287143  -0.0000757143  -0.0000344887  -0.0000436059   0.0000208756
       -0.0000096713   0.0000545817  -0.0000687534  -0.0000717856   0.0000149778
       -0.0044106686   0.0065716003   0.0096044651  -0.0649234467   0.0196440401
        0.0638800360   0.0038767291  -0.0066199638  -0.0207292259   0.0007612870
       -0.0014605229  -0.0017059513  -0.0000739726   0.0007256873  -0.0002812443
       -0.0001590979   0.0001717065   0.0003619429   0.0001935834  -0.0005139344
       -0.0002418930  -0.0003865910   0.0031326279  -0.0000659709   0.0788655878
       -0.0263263711  -0.0719129694  -0.0102654300   0.0048233841   0.0247272648
       -0.0005152954   0.0000905975  -0.0005489061  -0.0029586509  -0.0001505377
       -0.0035058726  -0.0003382111   0.0004573955   0.0000963440   0.0002250184
        0.0000135370   0.0001100867   0.0001091586  -0.0005592464   0.0002118941
        0.0123313710  -0.0130069723  -0.0253860665   0.0200538561  -0.0646957005
       -0.0625069182  -0.0008050580   0.0009992944  -0.0011434261   0.0001227726
        0.0012250835  -0.0001583500   0.0000494599  -0.0004541659   0.0002044906
       -0.0002256433   0.0007888514  -0.0003727447  -0.0000011017   0.0005277131
       -0.0004783384   0.0028149205  -0.0063342275  -0.0005285047  -0.0263263711
        0.0764572866   0.0739926622  -0.0075665060   0.0053625549   0.0172048248
        0.0001698314  -0.0003080886  -0.0000514350  -0.0001948735   0.0000216484
       -0.0008602773   0.0000238905  -0.0000599865  -0.0000652856   0.0001119362
       -0.0000617100   0.0000830800  -0.0005584846  -0.0004615809   0.0000662889
        0.0009030114  -0.0015362982   0.0003528887   0.0645167763  -0.0633353560
       -0.2257638077   0.0009364016  -0.0075538639  -0.0227979672   0.0017648998
        0.0002804475   0.0010215291  -0.0002040160  -0.0004710952   0.0003100661
       -0.0000205108   0.0003749704   0.0007586666  -0.0002415610   0.0000404599
        0.0001129061  -0.0000907046  -0.0004427868   0.0008968785  -0.0719129694
        0.0739926622   0.2628323471   0.0080430832  -0.0022808792  -0.0141478530
       -0.0004243642   0.0000023850  -0.0009621496  -0.0028143532   0.0007162067
       -0.0034716119  -0.0008047363   0.0003230658   0.0003663411   0.0005271699
        0.0003103037   0.0000874693  -0.0001781267  -0.0004202219   0.0004042967
        0.0067015771   0.0054513828  -0.0024559783  -0.1658240667  -0.1024852770
        0.0551905311  -0.0224134187  -0.0123011994   0.0036325498  -0.0032114384
       -0.0005118714  -0.0038628018   0.0000206814   0.0001837904  -0.0000438540
        0.0003743077   0.0000946542   0.0000990142   0.0005617953   0.0019577745
       -0.0002641756   0.0007199389   0.0002066351  -0.0004105661  -0.0102654300
       -0.0075665060   0.0080430832   0.1950555222   0.1149987210  -0.0599912670
       -0.0000209273  -0.0001145919   0.0004085293  -0.0007591334  -0.0001166159
       -0.0003682983   0.0001842382  -0.0000970784  -0.0001641476  -0.0014356823
        0.0000677544   0.0002824976   0.0003120361   0.0002324274  -0.0000951165
       -0.0191953306  -0.0258771157   0.0102364019  -0.1028976480  -0.1247809973
        0.0423400178  -0.0011747289   0.0000305889   0.0009510646   0.0008091785
        0.0007374763  -0.0006772203  -0.0000938188  -0.0002755872   0.0002299950
       -0.0002235468   0.0003027181   0.0001222220   0.0025619015  -0.0070401474
        0.0010709049  -0.0008262537   0.0007373689   0.0000767580   0.0048233841
        0.0053625549  -0.0022808792   0.1149987210   0.1497537448  -0.0521284834
        0.0015093465   0.0012521037   0.0004057372  -0.0001486517  -0.0001997508
       -0.0002788824   0.0000168853   0.0000147990   0.0000108484  -0.0001105643
        0.0000310345   0.0000587477  -0.0000488741  -0.0000487907  -0.0001372322
        0.0017497976   0.0028490869   0.0001732960   0.0553702365   0.0428636933
       -0.0677877170  -0.0167346820  -0.0095462941   0.0042651890  -0.0019980310
       -0.0000201979  -0.0018079014   0.0001083459  -0.0003186166   0.0000207825
        0.0000466443   0.0002515942  -0.0003032437  -0.0005699007   0.0004843525
        0.0007537524  -0.0004613935  -0.0009028246   0.0005920139   0.0247272648
        0.0172048248  -0.0141478530  -0.0599912670  -0.0521284834   0.0775646986
       -0.0009826402  -0.0006669372   0.0010642399  -0.0004511763  -0.0001409913
       -0.0007661341   0.0000275417   0.0000383414  -0.0001677320  -0.0007883098
        0.0001434611   0.0003103447  -0.0000524302  -0.0001110090   0.0002362640
       -0.0026577536   0.0006635750  -0.0034316744  -0.0041555804   0.0184980638
       -0.0118112629  -0.0393923795  -0.0006848501   0.0016303250  -0.0028326723
       -0.0223232953   0.0117878237  -0.0061053968  -0.0037127209   0.0043158679
       -0.0007369838   0.0010638123  -0.0002324023  -0.0001135301  -0.0001770109
        0.0000694467   0.0000777720  -0.0001506518  -0.0000665958  -0.0005152954
        0.0001698314  -0.0004243642  -0.0000209273   0.0015093465  -0.0009826402
        0.0544488018   0.0021659959   0.0002982831   0.0013564450   0.0038916744
       -0.0013087256   0.0005487877  -0.0002550228  -0.0000549078   0.0001825510
       -0.0007782301   0.0002135617  -0.0000838383   0.0001194825  -0.0000027348
        0.0011535625   0.0006507139   0.0013733962   0.0013719968  -0.0029624152
        0.0023536147  -0.0010425472  -0.2316708171   0.0914055959  -0.0009797666
       -0.0062222482   0.0034316735  -0.0027435716  -0.0002850538   0.0016270168
        0.0003561075  -0.0003435596   0.0001573603   0.0000330876   0.0003833424
       -0.0002215565  -0.0001534032   0.0000222958   0.0000706742   0.0000905975
       -0.0003080886   0.0000023850  -0.0001145919   0.0012521037  -0.0006669372
        0.0021659959   0.2660224589  -0.1068781846  -0.0001886774  -0.0271384534
        0.0080688508   0.0002936517   0.0005149009  -0.0000462118  -0.0002551017
       -0.0001067990  -0.0002484942   0.0000126603   0.0001916193  -0.0004291833
       -0.0022767585  -0.0001129624  -0.0023552362  -0.0039594234   0.0186021260
       -0.0099115559   0.0009367943   0.0906816753  -0.0879258581   0.0021455238
        0.0138407144  -0.0067341431   0.0041848993   0.0025135894  -0.0022604072
       -0.0005474352   0.0009878094  -0.0000786566   0.0000698069  -0.0001738893
       -0.0001078344  -0.0000100360  -0.0001895557  -0.0000105454  -0.0005489061
       -0.0000514350  -0.0009621496   0.0004085293   0.0004057372   0.0010642399
        0.0002982831  -0.1068781846   0.1004186703  -0.0003613605  -0.0197731277
        0.0085591153  -0.0001655283   0.0002841433  -0.0002671958  -0.0003132381
       -0.0000450328   0.0003217866   0.0001388493  -0.0000916076   0.0002497701
        0.0010203357  -0.0008558780  -0.0006388211   0.0003072183  -0.0130953312
       -0.0175588455  -0.0440864893   0.0172918478   0.0175131772  -0.0074811564
        0.0190393004   0.0209631315   0.0018762843   0.0006319947  -0.0017916472
        0.0000747977  -0.0001206272   0.0001784410   0.0001344875   0.0000449193
        0.0000075477  -0.0006766166   0.0002707099   0.0001026486  -0.0029586509
       -0.0001948735  -0.0028143532  -0.0007591334  -0.0001486517  -0.0004511763
        0.0013564450  -0.0001886774  -0.0003613605   0.0561757285  -0.0233589656
       -0.0191321123  -0.0053940363   0.0000136482   0.0036486574   0.0005388611
        0.0006107487   0.0004467884  -0.0001280754   0.0000598356  -0.0001120755
        0.0007448461   0.0008613019   0.0016157559  -0.0007690053   0.0003834768
       -0.0017301238   0.0179574471  -0.1620221821  -0.1155559658   0.0010560490
        0.0015744603   0.0001478962   0.0002245903   0.0010238407  -0.0001632262
        0.0001926897  -0.0002142575   0.0001839818   0.0000040377   0.0001198511
        0.0002713199   0.0001042422   0.0004019710   0.0000662331  -0.0001505377
        0.0000216484   0.0007162067  -0.0001166159  -0.0001997508  -0.0001409913
        0.0038916744  -0.0271384534  -0.0197731277  -0.0233589656   0.1844637910
        0.1335789378  -0.0001384923   0.0008348076   0.0004421093   0.0003225132
        0.0000345250   0.0001806572   0.0000355269  -0.0001450303   0.0001603369
        0.0010646995  -0.0008017453   0.0011889736  -0.0021209144  -0.0138047895
       -0.0185773298   0.0181277505  -0.1144000920  -0.1554749711   0.0058681123
       -0.0117606656  -0.0122755746  -0.0017529240   0.0000890994   0.0008131077
        0.0003767133  -0.0001193961   0.0002888003   0.0001220299   0.0004099873
       -0.0005871625  -0.0006513239   0.0002272319   0.0002287143  -0.0035058726
       -0.0008602773  -0.0034716119  -0.0003682983  -0.0002788824  -0.0007661341
       -0.0013087256   0.0080688508   0.0085591153  -0.0191321123   0.1335789378
        0.1811232075   0.0035419748  -0.0003033324  -0.0013998954  -0.0005953030
        0.0001036379   0.0004969954   0.0003341938  -0.0001485643  -0.0001462349
       -0.0000617274  -0.0000773443  -0.0002589940   0.0010278056   0.0006927758
        0.0015884185  -0.0089131772   0.0183473091   0.0221518655  -0.0480205554
        0.0196456191   0.0169946493   0.0029491253  -0.0037392748  -0.0020988960
       -0.0000076497  -0.0000418268  -0.0000515817  -0.0000018347  -0.0000184900
        0.0000596020   0.0001046037  -0.0001020460  -0.0000757143  -0.0003382111
        0.0000238905  -0.0008047363   0.0001842382   0.0000168853   0.0000275417
        0.0005487877   0.0002936517  -0.0001655283  -0.0053940363  -0.0001384923
        0.0035419748   0.0554674160  -0.0212610354  -0.0239266987   0.0018018884
       -0.0145348661  -0.0177543993   0.0006533269   0.0008932442   0.0007724966
        0.0000830320   0.0001244855   0.0001059960  -0.0004350432   0.0001624604
        0.0001400126   0.0015942725   0.0002345548  -0.0028163216   0.0229256766
       -0.1355458744  -0.1031292353  -0.0016227488  -0.0501073645  -0.0083621791
        0.0000468041   0.0000028876   0.0000341028  -0.0001884892  -0.0000243248
       -0.0000503595  -0.0000443858  -0.0000061880  -0.0000344887   0.0004573955
       -0.0000599865   0.0003230658  -0.0000970784   0.0000147990   0.0000383414
       -0.0002550228   0.0005149009   0.0002841433   0.0000136482   0.0008348076
       -0.0003033324  -0.0212610354   0.1826557595   0.1167988418  -0.0009467855
        0.0003573161  -0.0027318307  -0.0002702397   0.0008417671  -0.0002967563
       -0.0001459320   0.0001305827   0.0001071169  -0.0012405208   0.0003133420
        0.0010911430   0.0063256626  -0.0103220867  -0.0128865799   0.0169838432
       -0.1033487785  -0.1466785254  -0.0006054855   0.0108696950   0.0101848784
        0.0000260604   0.0000666089   0.0000688486   0.0000365533   0.0000564242
       -0.0001115532  -0.0001307776   0.0000391566  -0.0000436059   0.0000963440
       -0.0000652856   0.0003663411  -0.0001641476   0.0000108484  -0.0001677320
       -0.0000549078  -0.0000462118  -0.0002671958   0.0036486574   0.0004421093
       -0.0013998954  -0.0239266987   0.1167988418   0.1679758450   0.0000181201
       -0.0171392753  -0.0201490306  -0.0008667709   0.0021940290   0.0019099453
       -0.0002245514   0.0000968120  -0.0002442920  -0.0049362344  -0.0008773725
        0.0030410012  -0.0259937555   0.0004156300  -0.0175153510  -0.1562446327
        0.0099438173  -0.1136075400   0.0030018116   0.0033629744  -0.0011432899
       -0.0000356319   0.0001065348  -0.0000035231  -0.0000233062  -0.0001345984
        0.0000427007  -0.0000175644  -0.0000376701   0.0000208756   0.0002250184
        0.0001119362   0.0005271699  -0.0014356823  -0.0001105643  -0.0007883098
        0.0001825510  -0.0002551017  -0.0003132381   0.0005388611   0.0003225132
       -0.0005953030   0.0018018884  -0.0009467855   0.0000181201   0.1820311061
       -0.0116823017   0.1299007127   0.0011301221  -0.0003158239   0.0006602666
       -0.0000649213   0.0000418934  -0.0000889250  -0.0005155829   0.0008428386
       -0.0000293987  -0.0006896688   0.0008659348  -0.0004424844   0.0073635051
       -0.0419278349   0.0015084499   0.0197075112  -0.0109552134   0.0292472516
       -0.0000015547   0.0000313783   0.0000131689  -0.0000761653  -0.0000342453
        0.0000786946  -0.0000102137   0.0000418837  -0.0000096713   0.0000135370
       -0.0000617100   0.0003103037   0.0000677544   0.0000310345   0.0001434611
       -0.0007782301  -0.0001067990  -0.0000450328   0.0006107487   0.0000345250
        0.0001036379  -0.0145348661   0.0003573161  -0.0171392753  -0.0116823017
        0.0559339771  -0.0169024035   0.0005904480  -0.0050949790   0.0032522235
        0.0000465621   0.0000800321   0.0002116194   0.0017817780   0.0001071163
       -0.0000994153   0.0075306170  -0.0007684415   0.0062846681  -0.1123406195
        0.0051664406  -0.1531442784  -0.0099154389   0.0112634509  -0.0176468128
        0.0000450289  -0.0000762002   0.0000143391   0.0000300620  -0.0000676505
       -0.0000871279  -0.0000643653   0.0000180332   0.0000545817   0.0001100867
        0.0000830800   0.0000874693   0.0002824976   0.0000587477   0.0003103447
        0.0002135617  -0.0002484942   0.0003217866   0.0004467884   0.0001806572
        0.0004969954  -0.0177543993  -0.0027318307  -0.0201490306   0.1299007127
       -0.0169024035   0.1832715048  -0.0003128720   0.0038374626   0.0000733560
       -0.0006052152   0.0002600252  -0.0000785944   0.0004381465  -0.0000437700
       -0.0000889590   0.0008293470  -0.0000925005   0.0005049960   0.0026979322
        0.0042984178   0.0051257447  -0.1616962493   0.0030783487  -0.2085253913
       -0.0001574316  -0.0000260209   0.0000386142  -0.0008852924   0.0011102897
        0.0004640887  -0.0000624283   0.0000292472  -0.0000687534   0.0001091586
       -0.0005584846  -0.0001781267   0.0003120361  -0.0000488741  -0.0000524302
       -0.0000838383   0.0000126603   0.0001388493  -0.0001280754   0.0000355269
        0.0003341938   0.0006533269  -0.0002702397  -0.0008667709   0.0011301221
        0.0005904480  -0.0003128720   0.1574484610  -0.0083750739   0.2035654113
        0.0003193543   0.0001529954  -0.0000865918   0.0001735017   0.0001450825
        0.0001507489  -0.0000757390   0.0002998769   0.0001476142   0.0203918827
       -0.0079574310   0.0270813847  -0.0136062121  -0.0327378847   0.0037538055
        0.0000053798   0.0000369432   0.0000581047   0.0007795151   0.0001690147
       -0.0003412781  -0.0000425281  -0.0000624975  -0.0000717856  -0.0005592464
       -0.0004615809  -0.0004202219   0.0002324274  -0.0000487907  -0.0001110090
        0.0001194825   0.0001916193  -0.0000916076   0.0000598356  -0.0001450303
       -0.0001485643   0.0008932442   0.0008417671   0.0021940290  -0.0003158239
       -0.0050949790   0.0038374626  -0.0083750739   0.0446708949  -0.0359520913
       -0.0001275062   0.0002671874  -0.0004207946   0.0001256136   0.0004710390
        0.0000109421  -0.0007952134  -0.0002270320  -0.0004979644  -0.0071415904
        0.0070104546  -0.0154158425  -0.1980822810   0.0271010456  -0.2778191044
       -0.0002777388  -0.0002019807   0.0000112848   0.0013601761  -0.0010156308
        0.0004692241  -0.0000616017  -0.0000686694   0.0000149778   0.0002118941
        0.0000662889   0.0004042967  -0.0000951165  -0.0001372322   0.0002362640
       -0.0000027348  -0.0004291833   0.0002497701  -0.0001120755   0.0001603369
       -0.0001462349   0.0007724966  -0.0002967563   0.0019099453   0.0006602666
        0.0032522235   0.0000733560   0.2035654113  -0.0359520913   0.2909198798
