           1           2   1.02045972691605     
           2           3   1.00541411928169     
           3           4  0.997980585961325     
           4           5  0.992953631825465     
           1           6  0.987158370684987     
           1           7  0.983707169631269     
           1           8  0.987911585956524     
           2           9  0.976691036964488     
           2          10  0.979849886328358     
           3          11  0.976664259805198     
           3          12  0.975813636210007     
           4          13  0.971608938702419     
           4          14  0.973967599099264     
           5          15  0.867323780143647     
