           1           2   1.00902563874732     
           2           3  0.974651438237576     
           3           4  0.974422003209219     
           4           5   1.00906149927479     
           1           6  0.984172407813046     
           1           7  0.983076775956294     
           1           8  0.986091832655058     
           2           9  0.970781790748366     
           2          10  0.968150516377252     
           4          11  0.968241784592517     
           4          12  0.970844799216063     
           5          13  0.984181971042100     
           5          14  0.986092659912840     
           5          15  0.983054509142119     
