$hessian                                                                        
        0.4938858510  -0.0219780535  -0.0323080382  -0.0987988981  -0.0283266148
       -0.0466571288  -0.0268560137  -0.0257945752  -0.0066097061   0.0006624238
       -0.0004671957  -0.0004581905  -0.0001602639   0.0000794324   0.0000342601
       -0.1045897549   0.0950440275   0.0474922416  -0.0686867902   0.0478753199
       -0.0562562186  -0.1920462303  -0.0656435391   0.1006985024   0.0068976566
        0.0055177209   0.0082938753  -0.0091697809  -0.0059229562  -0.0139580334
        0.0000801950  -0.0000518874  -0.0001897725  -0.0010137793  -0.0004194298
        0.0000502191  -0.0000955131   0.0000478641  -0.0000178674  -0.0000855745
       -0.0000357695  -0.0000608900  -0.0000235276   0.0000756564  -0.0000532529
       -0.0219780535   0.5070557129  -0.0259315021  -0.0296250337  -0.0964357038
       -0.0424014676  -0.0226256640  -0.0143159773  -0.0048543833   0.0004545375
       -0.0000044396   0.0005854983  -0.0000794279  -0.0004026685  -0.0000752435
        0.0944491470  -0.1866473659  -0.0708262401   0.0478780582  -0.1316511208
        0.1060242549  -0.0655053051  -0.0714503257   0.0454492414  -0.0113524597
       -0.0147113424  -0.0181153032   0.0083750226   0.0074584098   0.0101406350
        0.0001224076   0.0000470228  -0.0001470538  -0.0001779254   0.0007401678
        0.0001286268  -0.0000186901   0.0001343749  -0.0000854337   0.0000989485
        0.0002361432   0.0001262451  -0.0000155621  -0.0000528874  -0.0000178743
       -0.0323080382  -0.0259315021   0.4986070874  -0.0462234918  -0.0425946390
       -0.1215276607   0.0087763656   0.0086049307   0.0115180373   0.0004638243
        0.0001336628   0.0006767929   0.0000342711   0.0000752445  -0.0004127811
        0.0475378362  -0.0716176667  -0.0801189104  -0.0557304726   0.1065771523
       -0.1728609222   0.1001663764   0.0450012176  -0.1082446982  -0.0079098725
       -0.0106755874  -0.0110815469  -0.0149694001  -0.0099914004  -0.0176239634
        0.0001239726   0.0000968914   0.0001675719  -0.0000980556   0.0004188633
        0.0005630617  -0.0000123385  -0.0000401191   0.0001336634  -0.0000335430
       -0.0000818460   0.0000569410   0.0001825662   0.0000247980   0.0001473272
       -0.0987988981  -0.0296250337  -0.0462234918   0.4399993572  -0.0637110191
        0.0091649492  -0.1117339283  -0.0417052006   0.0453496371  -0.0291908465
       -0.0060130240   0.0169583478   0.0006624181  -0.0004544292   0.0004639287
        0.0093715119   0.0064357278   0.0080912139  -0.0085959833  -0.0045696764
       -0.0100705729  -0.0157615606  -0.0130492196  -0.0123552533  -0.1027288203
        0.0921001185   0.0502248125  -0.0802803107   0.0588331310  -0.0625775262
       -0.0030381880   0.0022938824   0.0023143868   0.0010630120  -0.0004323298
       -0.0015623866   0.0002080514  -0.0002590986  -0.0001954091  -0.0008584111
        0.0000316256   0.0003587640  -0.0003174036   0.0001245455   0.0000585997
       -0.0283266148  -0.0964357038  -0.0425946390  -0.0637110191   0.4959055050
        0.0137487476  -0.0545955493  -0.1297625667   0.0390726758   0.0060181442
        0.0175183153  -0.0031550646   0.0004670643  -0.0000046360  -0.0001334835
       -0.0126301801  -0.0152264814  -0.0172953201   0.0091016878   0.0091095604
        0.0105747255  -0.0078049656  -0.0062714044  -0.0058709379   0.0883226121
       -0.1598775508  -0.0705112136   0.0588404607  -0.1157345791   0.0796833212
        0.0028988403  -0.0003018650  -0.0024503017   0.0001485197   0.0011000447
       -0.0007467022   0.0006810966  -0.0000826008  -0.0000288283   0.0004277395
       -0.0001386127  -0.0004178024   0.0001621638   0.0002025753   0.0001248232
       -0.0466571288  -0.0424014676  -0.1215276607   0.0091649492   0.0137487476
        0.4568128338   0.0422639745   0.0294459817  -0.0750712817   0.0169568930
        0.0031460258  -0.0168362121  -0.0004583207  -0.0005853143   0.0006769606
       -0.0068819590  -0.0101871913  -0.0100817768  -0.0169011368  -0.0105035675
       -0.0183620342   0.0088385804   0.0068826092   0.0075247639   0.0518020262
       -0.0727119708  -0.0865491743  -0.0616815413   0.0830729591  -0.1360199113
        0.0034293820  -0.0017300519  -0.0012243990   0.0008403018   0.0011768664
        0.0006788310  -0.0004238781   0.0004212625  -0.0002413304   0.0000857227
        0.0004894475   0.0004834629  -0.0003778650  -0.0002643363  -0.0002630715
       -0.0268560137  -0.0226256640   0.0087763656  -0.1117339283  -0.0545955493
        0.0422639745   0.3231794043  -0.0000198935  -0.1506318303  -0.1117323984
        0.0546060170   0.0422497681  -0.0268553512   0.0226282372   0.0087705359
        0.0005069830   0.0003600737   0.0005218881   0.0016729036   0.0015114896
        0.0011563400  -0.0045148800  -0.0043141411  -0.0035193824  -0.0250196704
       -0.0082477492   0.0185945811   0.0043538767  -0.0067186510   0.0075345033
       -0.0250202389   0.0082534706   0.0185923216   0.0043544011   0.0067201067
        0.0075324387  -0.0045147718   0.0043132957  -0.0035203354   0.0005069314
       -0.0003599361   0.0005220127   0.0016727526  -0.0015111061   0.0011568185
       -0.0257945752  -0.0143159773   0.0086049307  -0.0417052006  -0.1297625667
        0.0294459817  -0.0000198935   0.3138967555  -0.0000148570   0.0417165222
       -0.1297814355  -0.0294329968   0.0257932454  -0.0143177503  -0.0085984941
        0.0008396419   0.0001328641   0.0004470404   0.0013153705   0.0010823650
        0.0003962640  -0.0035568832  -0.0033175923  -0.0034651162   0.0132173216
        0.0102583131  -0.0093667316  -0.0209500209  -0.0210103021   0.0227823930
       -0.0132119802   0.0102587762   0.0093609151   0.0209547339  -0.0210220442
       -0.0227819265   0.0035563355  -0.0033162685   0.0034658188  -0.0008395478
        0.0001326908  -0.0004470412  -0.0013150696   0.0010821722  -0.0003961802
       -0.0066097061  -0.0048543833   0.0115180373   0.0453496371   0.0390726758
       -0.0750712817  -0.1506318303  -0.0000148570   0.1857279296   0.0453385296
       -0.0390597363  -0.0750537464  -0.0066162236   0.0048610808   0.0115190133
        0.0002699217   0.0004983053   0.0001526091   0.0009608087   0.0000323896
        0.0017571884  -0.0023651293  -0.0020193434  -0.0008526144   0.0174651259
        0.0063133884  -0.0116304041   0.0202556026   0.0218521168  -0.0187514814
        0.0174680656  -0.0063191940  -0.0116314386   0.0202499673  -0.0218518995
       -0.0187400581  -0.0023659878   0.0020200040  -0.0008539462   0.0002701036
       -0.0004983052   0.0001528855   0.0009611150  -0.0000322421   0.0017573076
        0.0006624238   0.0004545375   0.0004638243  -0.0291908465   0.0060181442
        0.0169568930  -0.1117323984   0.0417165222   0.0453385296   0.4400014932
        0.0637143495   0.0091484495  -0.0987977481   0.0296131116  -0.0462303530
       -0.0008584171  -0.0000315321   0.0003587793  -0.0003174032  -0.0001245230
        0.0000586278   0.0002080389   0.0002590594  -0.0001954673  -0.0030382774
       -0.0022932417   0.0023149915   0.0010630157   0.0004319399  -0.0015624943
       -0.1027319157  -0.0920884454   0.0502492824  -0.0802822995  -0.0588494561
       -0.0625638791  -0.0157612713   0.0130462605  -0.0123585165   0.0093716015
       -0.0064340859   0.0080931375  -0.0085959961   0.0045673594  -0.0100718045
       -0.0004671957  -0.0000044396   0.0001336628  -0.0060130240   0.0175183153
        0.0031460258   0.0546060170  -0.1297814355  -0.0390597363   0.0637143495
        0.4958953557  -0.0137588815   0.0283146184  -0.0964148977   0.0425889585
       -0.0004277048  -0.0001386266   0.0004179833  -0.0001622478   0.0002026082
       -0.0001249426  -0.0006812110  -0.0000826879   0.0000288170  -0.0028979394
       -0.0003006986   0.0024499924  -0.0001483097   0.0010999701   0.0007466219
       -0.0883104788  -0.1598378302   0.0705291456  -0.0588565959  -0.1157737417
       -0.0796871860   0.0078073978  -0.0062720239   0.0058744971   0.0126280218
       -0.0152195751   0.0172965471  -0.0091056972   0.0091097075  -0.0105815051
       -0.0004581905   0.0005854983   0.0006767929   0.0169583478  -0.0031550646
       -0.0168362121   0.0422497681  -0.0294329968  -0.0750537464   0.0091484495
       -0.0137588815   0.4568196436  -0.0466636276   0.0423957905  -0.1215493155
        0.0000858238  -0.0004892728   0.0004834747  -0.0003778104   0.0002642521
       -0.0002630917  -0.0004237134  -0.0004213020  -0.0002412162   0.0034301154
        0.0017297315  -0.0012254630   0.0008403290  -0.0011769971   0.0006789389
        0.0518255724   0.0727299270  -0.0865856312  -0.0616679921  -0.0830767730
       -0.1359786585   0.0088364390  -0.0068793798   0.0075251862  -0.0068849883
        0.0101885968  -0.0100888083  -0.0168985226   0.0104968715  -0.0183618932
       -0.0001602639  -0.0000794279   0.0000342711   0.0006624181   0.0004670643
       -0.0004583207  -0.0268553512   0.0257932454  -0.0066162236  -0.0987977481
        0.0283146184  -0.0466636276   0.4938865964   0.0219699222  -0.0323132764
       -0.0000855705   0.0000357609  -0.0000609168  -0.0000235301  -0.0000756727
       -0.0000532388  -0.0000955115  -0.0000478757  -0.0000178670   0.0000801878
        0.0000518248  -0.0001897770  -0.0010137813   0.0004194605   0.0000501066
        0.0068977480  -0.0055159617   0.0082955825  -0.0091697335   0.0059196459
       -0.0139595930  -0.1920443716   0.0656711795   0.1006812896  -0.1045928100
       -0.0950334110   0.0475173939  -0.0686882787  -0.0478903728  -0.0562458027
        0.0000794324  -0.0004026685   0.0000752445  -0.0004544292  -0.0000046360
       -0.0005853143   0.0226282372  -0.0143177503   0.0048610808   0.0296131116
       -0.0964148977   0.0423957905   0.0219699222   0.5070682956   0.0259297358
       -0.0000989540   0.0002361297  -0.0001262865   0.0000156036  -0.0000529373
        0.0000179226   0.0000187013   0.0001343842   0.0000854413  -0.0001224103
        0.0000470193   0.0001470853   0.0001779333   0.0007400113  -0.0001286625
        0.0113501002  -0.0147040860   0.0181161065  -0.0083785586   0.0074585051
       -0.0101467479   0.0655327942  -0.0714756442  -0.0454602042  -0.0944384788
       -0.1866084234   0.0708523098  -0.0478930051  -0.1317033017  -0.1060335014
        0.0000342601  -0.0000752435  -0.0004127811   0.0004639287  -0.0001334835
        0.0006769606   0.0087705359  -0.0085984941   0.0115190133  -0.0462303530
        0.0425889585  -0.1215493155  -0.0323132764   0.0259297358   0.4985937888
       -0.0000335228   0.0000817942   0.0000569670   0.0001825838  -0.0000247752
        0.0001473046  -0.0000123497   0.0000401377   0.0001336432   0.0001239605
       -0.0000968475   0.0001674961  -0.0000981167  -0.0004188761   0.0005632106
       -0.0079126382   0.0106766313  -0.0110889178  -0.0149669699   0.0099852601
       -0.0176237689   0.1001491645  -0.0450121883  -0.1082218095   0.0475628583
        0.0716437668  -0.0801548660  -0.0557200650  -0.1065863761  -0.1728069254
       -0.1045897549   0.0944491470   0.0475378362   0.0093715119  -0.0126301801
       -0.0068819590   0.0005069830   0.0008396419   0.0002699217  -0.0008584171
       -0.0004277048   0.0000858238  -0.0000855705  -0.0000989540  -0.0000335228
        0.1207268682  -0.1088189092  -0.0550206267  -0.0066548309   0.0103138266
        0.0033007123  -0.0169536315   0.0200801748   0.0124108847  -0.0010814812
       -0.0025926251  -0.0025678682   0.0008092346  -0.0005201219   0.0003921210
        0.0001596582   0.0000843467   0.0000081649  -0.0013323524  -0.0009003813
        0.0006945515  -0.0000423940   0.0000252484   0.0000090256  -0.0000483900
        0.0001023780  -0.0002165860   0.0000725665   0.0000941130   0.0000115210
        0.0950440275  -0.1866473659  -0.0716176667   0.0064357278  -0.0152264814
       -0.0101871913   0.0003600737   0.0001328641   0.0004983053  -0.0000315321
       -0.0001386266  -0.0004892728   0.0000357609   0.0002361297   0.0000817942
       -0.1088189092   0.2138466459   0.0854405366   0.0138753559  -0.0190820303
       -0.0057897636  -0.0039393702   0.0072475130   0.0032699076  -0.0023175521
       -0.0014810473  -0.0029502232   0.0004128717   0.0007477993   0.0008070216
        0.0001731326   0.0001532177   0.0001260582  -0.0012391786   0.0001671783
        0.0008324387   0.0000271660   0.0000100911   0.0000141801  -0.0001023859
        0.0000858435  -0.0001172321   0.0000848119  -0.0000517311   0.0000811073
        0.0474922416  -0.0708262401  -0.0801189104   0.0080912139  -0.0172953201
       -0.0100817768   0.0005218881   0.0004470404   0.0001526091   0.0003587793
        0.0004179833   0.0004834747  -0.0000609168  -0.0001262865   0.0000569670
       -0.0550206267   0.0854405366   0.0920616421  -0.0124646468   0.0182917862
        0.0079737483   0.0125485185  -0.0134524870  -0.0079811601  -0.0026613977
       -0.0030608119  -0.0027236629   0.0007651686  -0.0003972600   0.0002893401
       -0.0000101101   0.0000362227  -0.0000827023   0.0005637919   0.0002845379
        0.0003080725   0.0000610123   0.0000528591  -0.0000318545  -0.0002165487
        0.0001171404  -0.0002259031   0.0000316327   0.0000702992  -0.0000798836
       -0.0686867902   0.0478780582  -0.0557304726  -0.0085959833   0.0091016878
       -0.0169011368   0.0016729036   0.0013153705   0.0009608087  -0.0003174032
       -0.0001622478  -0.0003778104  -0.0000235301   0.0000156036   0.0001825838
       -0.0066548309   0.0138753559  -0.0124646468   0.0772636839  -0.0549711090
        0.0681679600   0.0070974901  -0.0153980238   0.0190358028   0.0003845729
        0.0003505523   0.0005585933  -0.0020213599  -0.0022326555  -0.0035654859
       -0.0000042188   0.0000068325  -0.0000116015  -0.0003293369   0.0003287673
       -0.0000081976   0.0000316473  -0.0000287426   0.0000444422   0.0000725536
       -0.0000848141   0.0000316579   0.0001106018   0.0000053646   0.0000775027
        0.0478753199  -0.1316511208   0.1065771523  -0.0045696764   0.0091095604
       -0.0105035675   0.0015114896   0.0010823650   0.0000323896  -0.0001245230
        0.0002026082   0.0002642521  -0.0000756727  -0.0000529373  -0.0000247752
        0.0103138266  -0.0190820303   0.0182917862  -0.0549711090   0.1488306597
       -0.1225148089   0.0026240413  -0.0082801098   0.0106687542  -0.0003008975
        0.0006219198  -0.0001921891  -0.0024712481  -0.0005916302  -0.0024196490
       -0.0000132432  -0.0000136559  -0.0000501586   0.0002963336  -0.0001652445
       -0.0000203149   0.0000048480  -0.0000157970   0.0000047453  -0.0000941387
       -0.0000518091  -0.0000703418  -0.0000053507   0.0000572219  -0.0000432745
       -0.0562562186   0.1060242549  -0.1728609222  -0.0100705729   0.0105747255
       -0.0183620342   0.0011563400   0.0003962640   0.0017571884   0.0000586278
       -0.0001249426  -0.0002630917  -0.0000532388   0.0000179226   0.0001473046
        0.0033007123  -0.0057897636   0.0079737483   0.0681679600  -0.1225148089
        0.2001864956  -0.0036003114   0.0134565007  -0.0154286812   0.0001376790
        0.0005757842  -0.0000136092  -0.0028772411  -0.0025960829  -0.0030788304
        0.0000395072   0.0000092693  -0.0000116005  -0.0000852119   0.0000193811
        0.0000157883  -0.0000070613  -0.0000106331   0.0000525392   0.0000115456
       -0.0000811162  -0.0000798596   0.0000774839   0.0000432450  -0.0000344352
       -0.1920462303  -0.0655053051   0.1001663764  -0.0157615606  -0.0078049656
        0.0088385804  -0.0045148800  -0.0035568832  -0.0023651293   0.0002080389
       -0.0006812110  -0.0004237134  -0.0000955115   0.0000187013  -0.0000123497
       -0.0169536315  -0.0039393702   0.0125485185   0.0070974901   0.0026240413
       -0.0036003114   0.2211116510   0.0782191253  -0.1155273724   0.0005845847
        0.0001382731   0.0005303976  -0.0001432390   0.0002585567  -0.0000013734
        0.0000699646   0.0000596286  -0.0000467134   0.0004041937   0.0001893982
       -0.0001501761   0.0000498718   0.0000119973  -0.0000106902  -0.0000423898
       -0.0000271396   0.0000610240   0.0000316480  -0.0000048471  -0.0000070677
       -0.0656435391  -0.0714503257   0.0450012176  -0.0130492196  -0.0062714044
        0.0068826092  -0.0043141411  -0.0033175923  -0.0020193434   0.0002590594
       -0.0000826879  -0.0004213020  -0.0000478757   0.0001343842   0.0000401377
        0.0200801748   0.0072475130  -0.0134524870  -0.0153980238  -0.0082801098
        0.0134565007   0.0782191253   0.0819335268  -0.0503218051  -0.0004639807
       -0.0000926491   0.0005373089   0.0001874133   0.0001673901   0.0001264574
        0.0000553376   0.0001072429   0.0001001356   0.0001241804  -0.0000987898
        0.0001061954  -0.0000120046   0.0000092069   0.0000065870  -0.0000252579
        0.0000100681  -0.0000528590   0.0000287518  -0.0000157731   0.0000106470
        0.1006985024   0.0454492414  -0.1082446982  -0.0123552533  -0.0058709379
        0.0075247639  -0.0035193824  -0.0034651162  -0.0008526144  -0.0001954673
        0.0000288170  -0.0002412162  -0.0000178670   0.0000854413   0.0001336432
        0.0124108847   0.0032699076  -0.0079811601   0.0190358028   0.0106687542
       -0.0154286812  -0.1155273724  -0.0503218051   0.1240047490  -0.0005041748
        0.0000493338   0.0007142662  -0.0000920126  -0.0001193327   0.0001797424
       -0.0000165784   0.0000669494   0.0000622861   0.0000401522   0.0001842409
        0.0001057608  -0.0000106811  -0.0000065632   0.0000024288   0.0000090429
       -0.0000141829  -0.0000318374   0.0000444042  -0.0000047475   0.0000525672
        0.0068976566  -0.0113524597  -0.0079098725  -0.1027288203   0.0883226121
        0.0518020262  -0.0250196704   0.0132173216   0.0174651259  -0.0030382774
       -0.0028979394   0.0034301154   0.0000801878  -0.0001224103   0.0001239605
       -0.0010814812  -0.0023175521  -0.0026613977   0.0003845729  -0.0003008975
        0.0001376790   0.0005845847  -0.0004639807  -0.0005041748   0.1333147733
       -0.0979881060  -0.0670953791  -0.0086105731   0.0139045748   0.0047213421
       -0.0009658699   0.0004834246   0.0007205859  -0.0000424814  -0.0002693027
       -0.0002427446   0.0000699487  -0.0000553806  -0.0000166256   0.0001596509
       -0.0001731473  -0.0000100885  -0.0000042014   0.0000132431   0.0000394479
        0.0055177209  -0.0147113424  -0.0106755874   0.0921001185  -0.1598775508
       -0.0727119708  -0.0082477492   0.0102583131   0.0063133884  -0.0022932417
       -0.0003006986   0.0017297315   0.0000518248   0.0000470193  -0.0000968475
       -0.0025926251  -0.0014810473  -0.0030608119   0.0003505523   0.0006219198
        0.0005757842   0.0001382731  -0.0000926491   0.0000493338  -0.0979881060
        0.1822732931   0.0841601235   0.0137248040  -0.0172439526  -0.0068212689
       -0.0004832575   0.0002595794   0.0004003485  -0.0001274968   0.0000004066
        0.0002503007  -0.0000596560   0.0001071982  -0.0000669590  -0.0000843442
        0.0001531730  -0.0000362796  -0.0000068172  -0.0000136616  -0.0000092854
        0.0082938753  -0.0181153032  -0.0110815469   0.0502248125  -0.0705112136
       -0.0865491743   0.0185945811  -0.0093667316  -0.0116304041   0.0023149915
        0.0024499924  -0.0012254630  -0.0001897770   0.0001470853   0.0001674961
       -0.0025678682  -0.0029502232  -0.0027236629   0.0005585933  -0.0001921891
       -0.0000136092   0.0005303976   0.0005373089   0.0007142662  -0.0670953791
        0.0841601235   0.1047641469  -0.0111349416   0.0142754853   0.0080256201
        0.0007207343  -0.0004006129  -0.0005244619  -0.0001999174   0.0001423575
        0.0001088678  -0.0000466921  -0.0001001692   0.0000622652   0.0000081903
       -0.0001261088  -0.0000826730  -0.0000116004   0.0000501987  -0.0000116669
       -0.0091697809   0.0083750226  -0.0149694001  -0.0802803107   0.0588404607
       -0.0616815413   0.0043538767  -0.0209500209   0.0202556026   0.0010630157
       -0.0001483097   0.0008403290  -0.0010137813   0.0001779333  -0.0000981167
        0.0008092346   0.0004128717   0.0007651686  -0.0020213599  -0.0024712481
       -0.0028772411  -0.0001432390   0.0001874133  -0.0000920126  -0.0086105731
        0.0137248040  -0.0111349416   0.0964942389  -0.0591000413   0.0687679910
       -0.0000424381   0.0001274324  -0.0001999260  -0.0001813916   0.0000048364
       -0.0000944029   0.0004041932  -0.0001241811   0.0000401709  -0.0013323245
        0.0012393758   0.0005634470  -0.0003293599  -0.0002963490  -0.0000851266
       -0.0059229562   0.0074584098  -0.0099914004   0.0588331310  -0.1157345791
        0.0830729591  -0.0067186510  -0.0210103021   0.0218521168   0.0004319399
        0.0010999701  -0.0011769971   0.0004194605   0.0007400113  -0.0004188761
       -0.0005201219   0.0007477993  -0.0003972600  -0.0022326555  -0.0005916302
       -0.0025960829   0.0002585567   0.0001673901  -0.0001193327   0.0139045748
       -0.0172439526   0.0142754853  -0.0591000413   0.1445478504  -0.1038093186
        0.0002692248   0.0000003210  -0.0001423421  -0.0000048582  -0.0000839960
       -0.0000609631  -0.0001894572  -0.0000988464  -0.0001841740   0.0009006115
        0.0001668239  -0.0002845007  -0.0003287579  -0.0001652694  -0.0000193134
       -0.0139580334   0.0101406350  -0.0176239634  -0.0625775262   0.0796833212
       -0.1360199113   0.0075345033   0.0227823930  -0.0187514814  -0.0015624943
        0.0007466219   0.0006789389   0.0000501066  -0.0001286625   0.0005632106
        0.0003921210   0.0008070216   0.0002893401  -0.0035654859  -0.0024196490
       -0.0030788304  -0.0000013734   0.0001264574   0.0001797424   0.0047213421
       -0.0068212689   0.0080256201   0.0687679910  -0.1038093186   0.1655191749
       -0.0002428051  -0.0002502862   0.0001089569  -0.0000943956   0.0000608804
       -0.0003208240  -0.0001501260  -0.0001061362   0.0001058487   0.0006942907
       -0.0008323893   0.0003083867  -0.0000081146   0.0000203801   0.0000157912
        0.0000801950   0.0001224076   0.0001239726  -0.0030381880   0.0028988403
        0.0034293820  -0.0250202389  -0.0132119802   0.0174680656  -0.1027319157
       -0.0883104788   0.0518255724   0.0068977480   0.0113501002  -0.0079126382
        0.0001596582   0.0001731326  -0.0000101101  -0.0000042188  -0.0000132432
        0.0000395072   0.0000699646   0.0000553376  -0.0000165784  -0.0009658699
       -0.0004832575   0.0007207343  -0.0000424381   0.0002692248  -0.0002428051
        0.1333186558   0.0979717714  -0.0671212925  -0.0086111035  -0.0139034958
        0.0047249480   0.0005845842   0.0004638790  -0.0005043632  -0.0010813660
        0.0023168755  -0.0026619781   0.0003845331   0.0003008862   0.0001375835
       -0.0000518874   0.0000470228   0.0000968914   0.0022938824  -0.0003018650
       -0.0017300519   0.0082534706   0.0102587762  -0.0063191940  -0.0920884454
       -0.1598378302   0.0727299270  -0.0055159617  -0.0147040860   0.0106766313
        0.0000843467   0.0001532177   0.0000362227   0.0000068325  -0.0000136559
        0.0000092693   0.0000596286   0.0001072429   0.0000669494   0.0004834246
        0.0002595794  -0.0004006129   0.0001274324   0.0000003210  -0.0002502862
        0.0979717714   0.1822273633  -0.0841789686  -0.0137277799  -0.0172454062
        0.0068276461  -0.0001381561  -0.0000928267  -0.0000491077   0.0025919480
       -0.0014795949   0.0030605591  -0.0003505067   0.0006217416  -0.0005758750
       -0.0001897725  -0.0001470538   0.0001675719   0.0023143868  -0.0024503017
       -0.0012243990   0.0185923216   0.0093609151  -0.0116314386   0.0502492824
        0.0705291456  -0.0865856312   0.0082955825   0.0181161065  -0.0110889178
        0.0000081649   0.0001260582  -0.0000827023  -0.0000116015  -0.0000501586
       -0.0000116005  -0.0000467134   0.0001001356   0.0000622861   0.0007205859
        0.0004003485  -0.0005244619  -0.0001999260  -0.0001423421   0.0001089569
       -0.0671212925  -0.0841789686   0.1048073101  -0.0111317366  -0.0142688192
        0.0080274514   0.0005304264  -0.0005371069   0.0007144746  -0.0025684663
        0.0029499411  -0.0027252503   0.0005587583   0.0001921003  -0.0000136496
       -0.0010137793  -0.0001779254  -0.0000980556   0.0010630120   0.0001485197
        0.0008403018   0.0043544011   0.0209547339   0.0202499673  -0.0802822995
       -0.0588565959  -0.0616679921  -0.0091697335  -0.0083785586  -0.0149669699
       -0.0013323524  -0.0012391786   0.0005637919  -0.0003293369   0.0002963336
       -0.0000852119   0.0004041937   0.0001241804   0.0000401522  -0.0000424814
       -0.0001274968  -0.0001999174  -0.0001813916  -0.0000048582  -0.0000943956
       -0.0086111035  -0.0137277799  -0.0111317366   0.0964961242   0.0591182245
        0.0687545569  -0.0001432412  -0.0001874443  -0.0000919722   0.0008092394
       -0.0004126777   0.0007652844  -0.0020212512   0.0024705234  -0.0028778033
       -0.0004194298   0.0007401678   0.0004188633  -0.0004323298   0.0011000447
        0.0011768664   0.0067201067  -0.0210220442  -0.0218518995  -0.0588494561
       -0.1157737417  -0.0830767730   0.0059196459   0.0074585051   0.0099852601
       -0.0009003813   0.0001671783   0.0002845379   0.0003287673  -0.0001652445
        0.0000193811   0.0001893982  -0.0000987898   0.0001842409  -0.0002693027
        0.0000004066   0.0001423575   0.0000048364  -0.0000839960   0.0000608804
       -0.0139034958  -0.0172454062  -0.0142688192   0.0591182245   0.1445982273
        0.1038131995  -0.0002585525   0.0001673965   0.0001193106   0.0005202155
        0.0007477066   0.0003971187   0.0022317534  -0.0005904105   0.0025954755
        0.0000502191   0.0001286268   0.0005630617  -0.0015623866  -0.0007467022
        0.0006788310   0.0075324387  -0.0227819265  -0.0187400581  -0.0625638791
       -0.0796871860  -0.1359786585  -0.0139595930  -0.0101467479  -0.0176237689
        0.0006945515   0.0008324387   0.0003080725  -0.0000081976  -0.0000203149
        0.0000157883  -0.0001501761   0.0001061954   0.0001057608  -0.0002427446
        0.0002503007   0.0001088678  -0.0000944029  -0.0000609631  -0.0003208240
        0.0047249480   0.0068276461   0.0080274514   0.0687545569   0.1038131995
        0.1654663190  -0.0000013236  -0.0001264557   0.0001797333   0.0003919744
       -0.0008071487   0.0002895031  -0.0035659851   0.0024190380  -0.0030800794
       -0.0000955131  -0.0000186901  -0.0000123385   0.0002080514   0.0006810966
       -0.0004238781  -0.0045147718   0.0035563355  -0.0023659878  -0.0157612713
        0.0078073978   0.0088364390  -0.1920443716   0.0655327942   0.1001491645
       -0.0000423940   0.0000271660   0.0000610123   0.0000316473   0.0000048480
       -0.0000070613   0.0000498718  -0.0000120046  -0.0000106811   0.0000699487
       -0.0000596560  -0.0000466921   0.0004041932  -0.0001894572  -0.0001501260
        0.0005845842  -0.0001381561   0.0005304264  -0.0001432412  -0.0002585525
       -0.0000013236   0.2211095915  -0.0782508957  -0.1155067881  -0.0169539401
        0.0039429623   0.0125477340   0.0070976150  -0.0026251882  -0.0035998995
        0.0000478641   0.0001343749  -0.0000401191  -0.0002590986  -0.0000826008
        0.0004212625   0.0043132957  -0.0033162685   0.0020200040   0.0130462605
       -0.0062720239  -0.0068793798   0.0656711795  -0.0714756442  -0.0450121883
        0.0000252484   0.0000100911   0.0000528591  -0.0000287426  -0.0000157970
       -0.0000106331   0.0000119973   0.0000092069  -0.0000065632  -0.0000553806
        0.0001071982  -0.0001001692  -0.0001241811  -0.0000988464  -0.0001061362
        0.0004638790  -0.0000928267  -0.0005371069  -0.0001874443   0.0001673965
       -0.0001264557  -0.0782508957   0.0819619294   0.0503343857  -0.0200766461
        0.0072503097   0.0134484439   0.0154026645  -0.0082864993  -0.0134582037
       -0.0000178674  -0.0000854337   0.0001336634  -0.0001954091  -0.0000288283
       -0.0002413304  -0.0035203354   0.0034658188  -0.0008539462  -0.0123585165
        0.0058744971   0.0075251862   0.1006812896  -0.0454602042  -0.1082218095
        0.0000090256   0.0000141801  -0.0000318545   0.0000444422   0.0000047453
        0.0000525392  -0.0000106902   0.0000065870   0.0000024288  -0.0000166256
       -0.0000669590   0.0000622652   0.0000401709  -0.0001841740   0.0001058487
       -0.0005043632  -0.0000491077   0.0007144746  -0.0000919722   0.0001193106
        0.0001797333  -0.1155067881   0.0503343857   0.1239791704   0.0124159383
       -0.0032739463  -0.0079837494   0.0190317010  -0.0106708714  -0.0154226196
       -0.0000855745   0.0000989485  -0.0000335430  -0.0008584111   0.0004277395
        0.0000857227   0.0005069314  -0.0008395478   0.0002701036   0.0093716015
        0.0126280218  -0.0068849883  -0.1045928100  -0.0944384788   0.0475628583
       -0.0000483900  -0.0001023859  -0.0002165487   0.0000725536  -0.0000941387
        0.0000115456  -0.0000423898  -0.0000252579   0.0000090429   0.0001596509
       -0.0000843442   0.0000081903  -0.0013323245   0.0009006115   0.0006942907
       -0.0010813660   0.0025919480  -0.0025684663   0.0008092394   0.0005202155
        0.0003919744  -0.0169539401  -0.0200766461   0.0124159383   0.1207304296
        0.1088064770  -0.0550495435  -0.0066552004  -0.0103131623   0.0033034230
       -0.0000357695   0.0002361432  -0.0000818460   0.0000316256  -0.0001386127
        0.0004894475  -0.0003599361   0.0001326908  -0.0004983052  -0.0064340859
       -0.0152195751   0.0101885968  -0.0950334110  -0.1866084234   0.0716437668
        0.0001023780   0.0000858435   0.0001171404  -0.0000848141  -0.0000518091
       -0.0000811162  -0.0000271396   0.0000100681  -0.0000141829  -0.0001731473
        0.0001531730  -0.0001261088   0.0012393758   0.0001668239  -0.0008323893
        0.0023168755  -0.0014795949   0.0029499411  -0.0004126777   0.0007477066
       -0.0008071487   0.0039429623   0.0072503097  -0.0032739463   0.1088064770
        0.2138001208  -0.0854704469  -0.0138787129  -0.0190848642   0.0057965976
       -0.0000608900   0.0001262451   0.0000569410   0.0003587640  -0.0004178024
        0.0004834629   0.0005220127  -0.0004470412   0.0001528855   0.0080931375
        0.0172965471  -0.0100888083   0.0475173939   0.0708523098  -0.0801548660
       -0.0002165860  -0.0001172321  -0.0002259031   0.0000316579  -0.0000703418
       -0.0000798596   0.0000610240  -0.0000528590  -0.0000318374  -0.0000100885
       -0.0000362796  -0.0000826730   0.0005634470  -0.0002845007   0.0003083867
       -0.0026619781   0.0030605591  -0.0027252503   0.0007652844   0.0003971187
        0.0002895031   0.0125477340   0.0134484439  -0.0079837494  -0.0550495435
       -0.0854704469   0.0921048366  -0.0124613694  -0.0182847198   0.0079769314
       -0.0000235276  -0.0000155621   0.0001825662  -0.0003174036   0.0001621638
       -0.0003778650   0.0016727526  -0.0013150696   0.0009611150  -0.0085959961
       -0.0091056972  -0.0168985226  -0.0686882787  -0.0478930051  -0.0557200650
        0.0000725665   0.0000848119   0.0000316327   0.0001106018  -0.0000053507
        0.0000774839   0.0000316480   0.0000287518   0.0000444042  -0.0000042014
       -0.0000068172  -0.0000116004  -0.0003293599  -0.0003287579  -0.0000081146
        0.0003845331  -0.0003505067   0.0005587583  -0.0020212512   0.0022317534
       -0.0035659851   0.0070976150   0.0154026645   0.0190317010  -0.0066552004
       -0.0138787129  -0.0124613694   0.0772655020   0.0549893339   0.0681558608
        0.0000756564  -0.0000528874   0.0000247980   0.0001245455   0.0002025753
       -0.0002643363  -0.0015111061   0.0010821722  -0.0000322421   0.0045673594
        0.0091097075   0.0104968715  -0.0478903728  -0.1317033017  -0.1065863761
        0.0000941130  -0.0000517311   0.0000702992   0.0000053646   0.0000572219
        0.0000432450  -0.0000048471  -0.0000157731  -0.0000047475   0.0000132431
       -0.0000136616   0.0000501987  -0.0002963490  -0.0001652694   0.0000203801
        0.0003008862   0.0006217416   0.0001921003   0.0024705234  -0.0005904105
        0.0024190380  -0.0026251882  -0.0082864993  -0.0106708714  -0.0103131623
       -0.0190848642  -0.0182847198   0.0549893339   0.1488909799   0.1225263626
       -0.0000532529  -0.0000178743   0.0001473272   0.0000585997   0.0001248232
       -0.0002630715   0.0011568185  -0.0003961802   0.0017573076  -0.0100718045
       -0.0105815051  -0.0183618932  -0.0562458027  -0.1060335014  -0.1728069254
        0.0000115210   0.0000811073  -0.0000798836   0.0000775027  -0.0000432745
       -0.0000344352  -0.0000070677   0.0000106470   0.0000525672   0.0000394479
       -0.0000092854  -0.0000116669  -0.0000851266  -0.0000193134   0.0000157912
        0.0001375835  -0.0005758750  -0.0000136496  -0.0028778033   0.0025954755
       -0.0030800794  -0.0035998995  -0.0134582037  -0.0154226196   0.0033034230
        0.0057965976   0.0079769314   0.0681558608   0.1225263626   0.2001242998
