           1           2   1.01049784770179     
           2           3  0.972852292761164     
           3           4  0.972852324669470     
           4           5   1.01049786027387     
           1           6  0.984888503815341     
           1           7  0.986517267210634     
           1           8  0.983934519478884     
           2           9  0.971048597715948     
           2          10  0.968716131258813     
           4          11  0.971048598673343     
           4          12  0.968716114694178     
           5          13  0.983934542895460     
           5          14  0.984888507582782     
           5          15  0.986517229324207     
