$hessian                                                                        
        0.6664787160  -0.0194366131   0.0809750845  -0.1054336082   0.0894642888
        0.0040578545   0.0000400477   0.0334953856   0.0046098436  -0.0025760701
       -0.0199293873  -0.0022242823  -0.0595346664   0.0031566103  -0.0088226216
       -0.2191834582  -0.1515277038  -0.0476533253  -0.0005627511   0.0003116706
       -0.0003620454   0.0001136197  -0.0004054729   0.0003806307   0.0000342422
        0.0005058381  -0.0001837091  -0.2773424976   0.0775222424  -0.0259796065
        0.0036669778  -0.0206634271  -0.0025089227  -0.0050522205   0.0023021784
       -0.0016424091  -0.0047958903   0.0021564600  -0.0017371616   0.0040327596
        0.0030371107   0.0010442441   0.0001147993   0.0000108191   0.0000464263
       -0.0194366131   0.6409970300   0.0709007786   0.0120425155  -0.3152842487
       -0.0352072224   0.0910949873  -0.0107272574   0.0117780273  -0.0200894214
       -0.0600081566  -0.0107925952  -0.0544367302   0.0531337907  -0.0006605934
       -0.0741093212  -0.1981685288  -0.0328529449   0.0010608782   0.0003067886
        0.0005665231  -0.0005025505  -0.0003300321   0.0000165858   0.0003379296
        0.0005983996  -0.0004229496   0.0774862041  -0.0684388524   0.0069723046
        0.0023576077  -0.0214425659  -0.0028134318   0.0018929848   0.0007819726
       -0.0007739347   0.0024057592   0.0006178166  -0.0006280839  -0.0200932186
       -0.0220950122  -0.0062555836  -0.0000110115   0.0000588559   0.0001731202
        0.0809750845   0.0709007786   0.1396799916  -0.0070033419  -0.0235962987
       -0.0530789940   0.0126724914   0.0032905453   0.0040417524  -0.0021869036
       -0.0106919258  -0.0083660492  -0.0169419970   0.0077938345   0.0001009853
       -0.0364481260  -0.0444728674  -0.0606076666   0.0000815578   0.0002191829
       -0.0002421865  -0.0000880418  -0.0002192401   0.0001170668  -0.0000935691
        0.0002473361  -0.0001118747  -0.0259716074   0.0069803277  -0.0373531708
        0.0007419608  -0.0062009061   0.0001570912  -0.0017119145  -0.0006534283
        0.0077842661  -0.0016037097  -0.0007519254   0.0076537286  -0.0024477211
       -0.0028756898   0.0001906126   0.0000258378   0.0000302765   0.0000344470
       -0.1054336082   0.0120425155  -0.0070033419   0.6574308490   0.0046039241
        0.0818166459  -0.3125928831   0.1104468205  -0.0250221182  -0.0609883421
       -0.0541279759  -0.0169164485  -0.0278468011   0.0342599815   0.0016190198
        0.0484648854  -0.0071489962   0.0059662149   0.0004583259  -0.0029765839
       -0.0009054951  -0.0025294381   0.0001152513  -0.0005274942   0.0004121138
        0.0000585806  -0.0002655746  -0.0083216095   0.0273039488   0.0025062661
       -0.1794559619  -0.1257532543  -0.0393152721  -0.0072731056   0.0041990000
       -0.0005693707   0.0000781990   0.0005888660   0.0002061380  -0.0023113376
       -0.0035713344  -0.0019990780  -0.0000912858  -0.0000407437   0.0004099087
        0.0894642888  -0.3152842487  -0.0235962987   0.0046039241   0.6509545896
        0.0753075371   0.0337530170  -0.1170626135  -0.0047299299   0.0063436752
        0.0538574272   0.0090133264   0.0344544787  -0.0342606082   0.0006418835
       -0.0650307446  -0.0544220378  -0.0177911543  -0.0054112960  -0.0020939067
       -0.0025230865  -0.0009399626  -0.0011351725   0.0000845271   0.0000462441
        0.0009753884  -0.0002015153   0.0041776239  -0.0106356200  -0.0009562166
       -0.1254617219  -0.1587479775  -0.0361419065   0.0267710574  -0.0103748150
        0.0024272613   0.0006168825   0.0001618389   0.0001620881  -0.0030896890
       -0.0019803556  -0.0019390560  -0.0002977777   0.0000481115   0.0002425404
        0.0040578545  -0.0352072224  -0.0530789940   0.0818166459   0.0753075371
        0.1398510258  -0.0353868463   0.0064900029  -0.0501231605  -0.0080684745
        0.0000258969  -0.0030350585   0.0014145054   0.0008366978  -0.0040483000
       -0.0023048487  -0.0090910546   0.0003920477  -0.0005288055  -0.0019904551
        0.0069650800  -0.0016070849  -0.0001573832   0.0005230526   0.0001675810
        0.0004723836   0.0000528188  -0.0007620285   0.0025434364   0.0008347802
       -0.0393018339  -0.0362418089  -0.0454813570   0.0025900687  -0.0008979313
        0.0007422536   0.0001719567   0.0001581569  -0.0003017605  -0.0019700383
       -0.0019646893   0.0071604254  -0.0002886515  -0.0002835668  -0.0004528538
        0.0000400477   0.0910949873   0.0126724914  -0.3125928831   0.0337530170
       -0.0353868463   0.6508947913  -0.0329698350   0.0757140003  -0.1859944336
       -0.0726870234  -0.0287461919   0.0430585674  -0.0592416358  -0.0029006464
       -0.0607725858  -0.0139486185  -0.0103599251  -0.0514007356  -0.0180277338
       -0.0103258835  -0.0007889608   0.0028279791  -0.0022952710  -0.0000869404
       -0.0001594819   0.0001571545   0.0007714839   0.0017804950  -0.0007902891
       -0.0240401320   0.0049145113  -0.0029050604  -0.0576444070   0.0612289403
        0.0050582531   0.0008702094   0.0019195129  -0.0006793615  -0.0005074628
       -0.0003561831  -0.0001759028  -0.0018065586  -0.0001289316   0.0009634788
        0.0334953856  -0.0107272574   0.0032905453   0.1104468205  -0.1170626135
        0.0064900029  -0.0329698350   0.6629157199   0.0714738868  -0.1438800902
       -0.2000827406  -0.0410119491  -0.0065085035  -0.0509625056  -0.0087115786
       -0.0140593743   0.0004843418  -0.0013980549   0.0049487687   0.0110014880
       -0.0001231003   0.0005486406  -0.0038253442   0.0023309662   0.0003855703
        0.0026453228  -0.0007215799   0.0018493322  -0.0053139322  -0.0015355399
       -0.0181770265   0.0051002114  -0.0020691652   0.0617486397  -0.2897984120
       -0.0260032279   0.0016377360  -0.0052849029  -0.0016009158  -0.0002730067
        0.0008872663   0.0001351372   0.0008069426   0.0000233581  -0.0005454268
        0.0046098436   0.0117780273   0.0040417524  -0.0250221182  -0.0047299299
       -0.0501231605   0.0757140003   0.0714738868   0.1336109511  -0.0412319777
       -0.0307516418  -0.0595958122   0.0059223218  -0.0168396069  -0.0006620704
       -0.0104889971  -0.0014087528  -0.0065892854  -0.0071745280  -0.0022958247
        0.0015351602   0.0009829582   0.0013624441  -0.0006278972  -0.0004685632
       -0.0009211810   0.0005897551  -0.0007970414  -0.0015343502   0.0072681772
       -0.0062426500   0.0013878839  -0.0003277787   0.0050749739  -0.0262880063
       -0.0361366277  -0.0006555517  -0.0014781937   0.0069222340  -0.0001058284
        0.0001021968  -0.0001564264  -0.0001168420   0.0001430484   0.0002510286
       -0.0025760701  -0.0200894214  -0.0021869036  -0.0609883421   0.0063436752
       -0.0080684745  -0.1859944336  -0.1438800902  -0.0412319777   0.5395790572
        0.0233526964   0.0592931229  -0.0919430787   0.0708740763   0.0064024033
       -0.0020496172   0.0323076080   0.0046640119  -0.1430045894   0.0487819783
       -0.0141646578  -0.0578223317   0.0007925533  -0.0002364762   0.0048582063
       -0.0019963442   0.0001025974   0.0009028093  -0.0005013134  -0.0000078694
       -0.0036438795   0.0019625806  -0.0015119349   0.0045283189   0.0035548734
        0.0008360046   0.0037166809  -0.0216367977  -0.0033363808  -0.0039962430
        0.0018610345  -0.0017513881  -0.0015664872  -0.0017271090   0.0011979230
       -0.0199293873  -0.0600081566  -0.0106919258  -0.0541279759   0.0538574272
        0.0000258969  -0.0726870234  -0.2000827406  -0.0307516418   0.0233526964
        0.6534491977   0.0707101273  -0.0039347678  -0.3080178532  -0.0394341175
        0.0936621900  -0.0087864373   0.0131861815   0.0546826085  -0.1046311536
        0.0142697884  -0.0022381896   0.0162194573  -0.0063146396  -0.0000940595
        0.0013089647  -0.0022559491  -0.0005516828  -0.0005990307  -0.0003013776
        0.0024666419   0.0007626829  -0.0008774501  -0.0199758673  -0.0237279956
       -0.0067197590   0.0020868854  -0.0222416233  -0.0030004654   0.0012091832
        0.0012596467  -0.0006920458  -0.0039212516   0.0012376145   0.0028473775
       -0.0022242823  -0.0107925952  -0.0083660492  -0.0169164485   0.0090133264
       -0.0030350585  -0.0287461919  -0.0410119491  -0.0595958122   0.0592931229
        0.0707101273   0.1487607484  -0.0063462062  -0.0281400287  -0.0534425112
        0.0132997566   0.0037898809   0.0006645255  -0.0181630233   0.0136879570
       -0.0484879673   0.0033384398  -0.0045356949   0.0016488497   0.0000580777
       -0.0035641415  -0.0028670855  -0.0000819689  -0.0002806442   0.0007716328
       -0.0014946944  -0.0007768357   0.0082301021  -0.0024774800  -0.0029831645
        0.0011209996   0.0006210282  -0.0069025331   0.0006717701  -0.0016629228
       -0.0007643422   0.0079787425   0.0015027932   0.0025506376   0.0059471130
       -0.0595346664  -0.0544367302  -0.0169419970  -0.0278468011   0.0344544787
        0.0014145054   0.0430585674  -0.0065085035   0.0059223218  -0.0919430787
       -0.0039347678  -0.0063462062   0.6582165504   0.0090442887   0.0827540952
       -0.3054359391   0.1077743202  -0.0239173424  -0.0228139565   0.0395709366
        0.0006532928   0.0019386887   0.0002761791   0.0010051769  -0.0022904689
        0.0015316608   0.0005386230  -0.0025726195  -0.0030688066  -0.0020822840
        0.0001759637   0.0007863756   0.0000406522  -0.0026615009  -0.0034230971
       -0.0019621497  -0.1793793066  -0.1263879214  -0.0404605056  -0.0087576910
        0.0046982781  -0.0004981047  -0.0001537416  -0.0003766914  -0.0001200778
        0.0031566103   0.0531337907   0.0077938345   0.0342599815  -0.0342606082
        0.0008366978  -0.0592416358  -0.0509625056  -0.0168396069   0.0708740763
       -0.3080178532  -0.0281400287   0.0090442887   0.6482516127   0.0793869172
        0.0295635575  -0.1153488957  -0.0054906317   0.0181225339  -0.0179610489
        0.0007057808  -0.0022276403   0.0033821215  -0.0003897344   0.0013042263
       -0.0028019651  -0.0005954949  -0.0031371494  -0.0016490150  -0.0018031171
        0.0006457015   0.0001053598   0.0002595511  -0.0028169603  -0.0018518590
       -0.0015443132  -0.1274873538  -0.1604541174  -0.0366932008   0.0278679496
       -0.0115035139   0.0023932741   0.0000718140  -0.0000615027   0.0001200721
       -0.0088226216  -0.0006605934   0.0001009853   0.0016190198   0.0006418835
       -0.0040483000  -0.0029006464  -0.0087115786  -0.0006620704   0.0064024033
       -0.0394341175  -0.0534425112   0.0827540952   0.0793869172   0.1373984609
       -0.0353634264   0.0061389246  -0.0505331399  -0.0037029812   0.0049542156
        0.0018745149   0.0004034065   0.0003804507  -0.0000488440   0.0017712729
       -0.0007459716  -0.0005052303  -0.0020463897  -0.0017952098   0.0070712443
        0.0001559318   0.0001614071  -0.0001228589  -0.0018523670  -0.0016936091
        0.0064919306  -0.0411632864  -0.0372994375  -0.0447182872   0.0027125395
       -0.0010951969   0.0008345402   0.0000330496  -0.0002280844   0.0003095657
       -0.2191834582  -0.0741093212  -0.0364481260   0.0484648854  -0.0650307446
       -0.0023048487  -0.0607725858  -0.0140593743  -0.0104889971  -0.0020496172
        0.0936621900   0.0132997566  -0.3054359391   0.0295635575  -0.0353634264
        0.6380775561  -0.0135330294   0.0772469433   0.0030254734   0.0001830442
       -0.0011559536  -0.0010342210   0.0000016021  -0.0001683926  -0.0006409441
       -0.0010275489   0.0008918393  -0.0234724487  -0.0176869986  -0.0061206194
        0.0010391573   0.0018045232  -0.0007143433  -0.0004298164  -0.0002266061
       -0.0000141197  -0.0225160134   0.0050305576  -0.0030250285  -0.0551983157
        0.0554308402   0.0045536241   0.0001262874  -0.0000026918  -0.0001883079
       -0.1515277038  -0.1981685288  -0.0444728674  -0.0071489962  -0.0544220378
       -0.0090910546  -0.0139486185   0.0004843418  -0.0014087528   0.0323076080
       -0.0087864373   0.0037898809   0.1077743202  -0.1153488957   0.0061389246
       -0.0135330294   0.6670185317   0.0772822881   0.0018873906  -0.0071941012
       -0.0013952128   0.0012233777   0.0007011362  -0.0002353688  -0.0010458582
       -0.0004788475   0.0003881913   0.0055642404   0.0052297433   0.0015223801
        0.0013566854  -0.0055458182  -0.0016224424  -0.0001957987   0.0007696660
        0.0001193016  -0.0176940990   0.0055535720  -0.0023462094   0.0550406548
       -0.2900755280  -0.0287409722  -0.0000601733   0.0002632037   0.0000719139
       -0.0476533253  -0.0328529449  -0.0606076666   0.0059662149  -0.0177911543
        0.0003920477  -0.0103599251  -0.0013980549  -0.0065892854   0.0046640119
        0.0131861815   0.0006645255  -0.0239173424  -0.0054906317  -0.0505331399
        0.0772469433   0.0772822881   0.1400999906  -0.0001163900  -0.0028054801
        0.0081156313  -0.0006022997   0.0011207599  -0.0003743022   0.0001855509
       -0.0003152642   0.0005118691  -0.0028414725  -0.0020184112  -0.0001314263
       -0.0008098550  -0.0015875152   0.0073591468  -0.0000357495   0.0001243199
       -0.0003306295  -0.0063039452   0.0014317319   0.0001218920   0.0047946146
       -0.0286458985  -0.0380542423  -0.0002170310  -0.0002399264  -0.0006444107
       -0.0005627511   0.0010608782   0.0000815578   0.0004583259  -0.0054112960
       -0.0005288055  -0.0514007356   0.0049487687  -0.0071745280  -0.1430045894
        0.0546826085  -0.0181630233  -0.0228139565   0.0181225339  -0.0037029812
        0.0030254734   0.0018873906  -0.0001163900   0.4928318697   0.0581483643
       -0.0424553839  -0.2082424602  -0.0826501592   0.0445415127  -0.0166987361
       -0.0459722608   0.0212321629  -0.0002291852   0.0000038297   0.0000719834
       -0.0020281738   0.0002534512  -0.0003467776   0.0018940462   0.0008894490
        0.0006747429   0.0000083488  -0.0005955260   0.0009317185  -0.0015321407
        0.0008106810   0.0000841621  -0.0517053354  -0.0061787132   0.0048700491
        0.0003116706   0.0003067886   0.0002191829  -0.0029765839  -0.0020939067
       -0.0019904551  -0.0180277338   0.0110014880  -0.0022958247   0.0487819783
       -0.1046311536   0.0136879570   0.0395709366  -0.0179610489   0.0049542156
        0.0001830442  -0.0071941012  -0.0028054801   0.0581483643   0.3010323265
       -0.0864701767  -0.0767154556  -0.1272182169   0.0348650719  -0.0587590434
       -0.0625383923   0.0390541257  -0.0001636429   0.0000054235   0.0003077462
       -0.0009884409   0.0000943442  -0.0001401170   0.0003370766   0.0012889775
        0.0009880730  -0.0007226712   0.0024748936   0.0009992490   0.0019925817
       -0.0008353730   0.0001204020   0.0090279192   0.0062679507  -0.0014939699
       -0.0003620454   0.0005665231  -0.0002421865  -0.0009054951  -0.0025230865
        0.0069650800  -0.0103258835  -0.0001231003   0.0015351602  -0.0141646578
        0.0142697884  -0.0484879673   0.0006532928   0.0007057808   0.0018745149
       -0.0011559536  -0.0013952128   0.0081156313  -0.0424553839  -0.0864701767
        0.0909772953   0.0403738651   0.0337393728  -0.0621051750   0.0267826403
        0.0391700087   0.0042958271   0.0003721605   0.0003314500  -0.0019211469
       -0.0002779684   0.0001788979  -0.0000391176   0.0008751701   0.0011383900
       -0.0029542725   0.0010055534   0.0007476620  -0.0029035637   0.0001237918
       -0.0000463851  -0.0000225124  -0.0005390863  -0.0002899124   0.0049124331
        0.0001136197  -0.0005025505  -0.0000880418  -0.0025294381  -0.0009399626
       -0.0016070849  -0.0007889608   0.0005486406   0.0009829582  -0.0578223317
       -0.0022381896   0.0033384398   0.0019386887  -0.0022276403   0.0004034065
       -0.0010342210   0.0012233777  -0.0006022997  -0.2082424602  -0.0767154556
        0.0403738651   0.4938340498   0.0113249635  -0.0202636009  -0.0720698474
       -0.0182521675   0.0094241858   0.0004332049  -0.0000852356   0.0002731245
        0.0001260724   0.0003654736   0.0000374076  -0.0003356663   0.0001520466
        0.0001737234   0.0007576523   0.0002956902   0.0000515727   0.0004143707
       -0.0004498982  -0.0000275203  -0.1547947330   0.0875009079  -0.0324701361
       -0.0004054729  -0.0003300321  -0.0002192401   0.0001152513  -0.0011351725
       -0.0001573832   0.0028279791  -0.0038253442   0.0013624441   0.0007925533
        0.0162194573  -0.0045356949   0.0002761791   0.0033821215   0.0003804507
        0.0000016021   0.0007011362   0.0011207599  -0.0826501592  -0.1272182169
        0.0337393728   0.0113249635   0.7852425523  -0.2718794709  -0.0260292615
       -0.5724593724   0.2255842634   0.0001903811  -0.0000229850  -0.0001252028
        0.0004397793   0.0001419894   0.0000506354  -0.0007137634  -0.0003804756
       -0.0004824436   0.0023386382  -0.0023459715  -0.0014776974   0.0002591319
       -0.0002818577   0.0000384451   0.0912321982  -0.0976878290   0.0166007614
        0.0003806307   0.0000165858   0.0001170668  -0.0005274942   0.0000845271
        0.0005230526  -0.0022952710   0.0023309662  -0.0006278972  -0.0002364762
       -0.0063146396   0.0016488497   0.0010051769  -0.0003897344  -0.0000488440
       -0.0001683926  -0.0002353688  -0.0003743022   0.0445415127   0.0348650719
       -0.0621051750  -0.0202636009  -0.2718794709   0.2681123449   0.0120018812
        0.2245454727  -0.1537629635  -0.0001273671  -0.0000079762  -0.0000431070
       -0.0003407525  -0.0000815500  -0.0000782286   0.0001606491  -0.0001059802
        0.0002097375  -0.0004424107   0.0003256905   0.0004368945  -0.0001515739
        0.0001158781  -0.0000157692  -0.0335365114   0.0167305279  -0.0539916592
        0.0000342422   0.0003379296  -0.0000935691   0.0004121138   0.0000462441
        0.0001675810  -0.0000869404   0.0003855703  -0.0004685632   0.0048582063
       -0.0000940595   0.0000580777  -0.0022904689   0.0013042263   0.0017712729
       -0.0006409441  -0.0010458582   0.0001855509  -0.0166987361  -0.0587590434
        0.0267826403  -0.0720698474  -0.0260292615   0.0120018812   0.0852143038
        0.0581174647  -0.0307453169  -0.0002097633  -0.0000091300  -0.0001533709
       -0.0001174417  -0.0000855414   0.0000463163   0.0000274010   0.0000515219
        0.0000392970  -0.0033436333   0.0002567917   0.0007745244  -0.0000200821
        0.0000374086   0.0000145199   0.0049315903   0.0254857366  -0.0103808415
        0.0005058381   0.0005983996   0.0002473361   0.0000585806   0.0009753884
        0.0004723836  -0.0001594819   0.0026453228  -0.0009211810  -0.0019963442
        0.0013089647  -0.0035641415   0.0015316608  -0.0028019651  -0.0007459716
       -0.0010275489  -0.0004788475  -0.0003152642  -0.0459722608  -0.0625383923
        0.0391700087  -0.0182521675  -0.5724593724   0.2245454727   0.0581174647
        0.6740026923  -0.2846154719  -0.0000818056   0.0000496724  -0.0000157427
       -0.0002319663  -0.0000880241   0.0000150707   0.0004077230   0.0003813840
        0.0001796226   0.0000308482   0.0013656067   0.0002937061  -0.0001685539
        0.0001668854  -0.0000558765   0.0072380135  -0.0431277150   0.0253100489
       -0.0001837091  -0.0004229496  -0.0001118747  -0.0002655746  -0.0002015153
        0.0000528188   0.0001571545  -0.0007215799   0.0005897551   0.0001025974
       -0.0022559491  -0.0028670855   0.0005386230  -0.0005954949  -0.0005052303
        0.0008918393   0.0003881913   0.0005118691   0.0212321629   0.0390541257
        0.0042958271   0.0094241858   0.2255842634  -0.1537629635  -0.0307453169
       -0.2846154719   0.1466527571   0.0001469939   0.0000190311  -0.0000413717
        0.0001322214   0.0000571268  -0.0000027284  -0.0001493001  -0.0000781352
       -0.0002498648   0.0014195403  -0.0003838772  -0.0003216309   0.0000827557
       -0.0000826268   0.0000103135  -0.0027841735   0.0242548615   0.0057494089
       -0.2773424976   0.0774862041  -0.0259716074  -0.0083216095   0.0041776239
       -0.0007620285   0.0007714839   0.0018493322  -0.0007970414   0.0009028093
       -0.0005516828  -0.0000819689  -0.0025726195  -0.0031371494  -0.0020463897
       -0.0234724487   0.0055642404  -0.0028414725  -0.0002291852  -0.0001636429
        0.0003721605   0.0004332049   0.0001903811  -0.0001273671  -0.0002097633
       -0.0000818056   0.0001469939   0.3102873300  -0.0855320142   0.0314260383
        0.0007550999  -0.0007245670   0.0003775465  -0.0004523261   0.0000393677
       -0.0000463274  -0.0010973148   0.0004025803  -0.0001541746   0.0005969181
        0.0004999908   0.0005428151  -0.0000490814  -0.0000188586  -0.0000371769
        0.0775222424  -0.0684388524   0.0069803277   0.0273039488  -0.0106356200
        0.0025434364   0.0017804950  -0.0053139322  -0.0015343502  -0.0005013134
       -0.0005990307  -0.0002806442  -0.0030688066  -0.0016490150  -0.0017952098
       -0.0176869986   0.0052297433  -0.0020184112   0.0000038297   0.0000054235
        0.0003314500  -0.0000852356  -0.0000229850  -0.0000079762  -0.0000091300
        0.0000496724   0.0000190311  -0.0855320142   0.0806227246  -0.0050088132
        0.0007453427   0.0004879799   0.0005129583   0.0014125335  -0.0005539616
        0.0001281974  -0.0009238184   0.0001708947  -0.0001302600  -0.0009589765
        0.0006528633   0.0002935708  -0.0000020991  -0.0000059046  -0.0000333067
       -0.0259796065   0.0069723046  -0.0373531708   0.0025062661  -0.0009562166
        0.0008347802  -0.0007902891  -0.0015355399   0.0072681772  -0.0000078694
       -0.0003013776   0.0007716328  -0.0020822840  -0.0018031171   0.0070712443
       -0.0061206194   0.0015223801  -0.0001314263   0.0000719834   0.0003077462
       -0.0019211469   0.0002731245  -0.0001252028  -0.0000431070  -0.0001533709
       -0.0000157427  -0.0000413717   0.0314260383  -0.0050088132   0.0280911602
        0.0005801925   0.0002957030  -0.0022450826   0.0001333658  -0.0000629337
       -0.0000362214  -0.0002381368   0.0001081695  -0.0001190393   0.0003255792
        0.0005242833  -0.0023206790   0.0000556264   0.0000783568   0.0001742502
        0.0036669778   0.0023576077   0.0007419608  -0.1794559619  -0.1254617219
       -0.0393018339  -0.0240401320  -0.0181770265  -0.0062426500  -0.0036438795
        0.0024666419  -0.0014946944   0.0001759637   0.0006457015   0.0001559318
        0.0010391573   0.0013566854  -0.0008098550  -0.0020281738  -0.0009884409
       -0.0002779684   0.0001260724   0.0004397793  -0.0003407525  -0.0001174417
       -0.0002319663   0.0001322214   0.0007550999   0.0007453427   0.0005801925
        0.2029625090   0.1374193247   0.0460555347   0.0005881233  -0.0007471244
        0.0003869499   0.0000407448   0.0000142668   0.0002496180   0.0000990439
        0.0001836991   0.0000636162  -0.0001681033  -0.0000227691   0.0001017289
       -0.0206634271  -0.0214425659  -0.0062009061  -0.1257532543  -0.1587479775
       -0.0362418089   0.0049145113   0.0051002114   0.0013878839   0.0019625806
        0.0007626829  -0.0007768357   0.0007863756   0.0001053598   0.0001614071
        0.0018045232  -0.0055458182  -0.0015875152   0.0002534512   0.0000943442
        0.0001788979   0.0003654736   0.0001419894  -0.0000815500  -0.0000855414
       -0.0000880241   0.0000571268  -0.0007245670   0.0004879799   0.0002957030
        0.1374193247   0.1794731330   0.0423282996   0.0007445525   0.0008201848
        0.0005938941   0.0000370311   0.0000322742   0.0002434004  -0.0010824023
       -0.0012031900  -0.0003329379   0.0000213684   0.0000094160  -0.0000250590
       -0.0025089227  -0.0028134318   0.0001570912  -0.0393152721  -0.0361419065
       -0.0454813570  -0.0029050604  -0.0020691652  -0.0003277787  -0.0015119349
       -0.0008774501   0.0082301021   0.0000406522   0.0002595511  -0.0001228589
       -0.0007143433  -0.0016224424   0.0073591468  -0.0003467776  -0.0001401170
       -0.0000391176   0.0000374076   0.0000506354  -0.0000782286   0.0000463163
        0.0000150707  -0.0000027284   0.0003775465   0.0005129583  -0.0022450826
        0.0460555347   0.0423282996   0.0369666016   0.0005975932   0.0003713511
       -0.0025416468   0.0002640829   0.0002580223  -0.0016695167  -0.0001014163
       -0.0001098794  -0.0002069532  -0.0000154061  -0.0000214960   0.0000023268
       -0.0050522205   0.0018929848  -0.0017119145  -0.0072731056   0.0267710574
        0.0025900687  -0.0576444070   0.0617486397   0.0050749739   0.0045283189
       -0.0199758673  -0.0024774800  -0.0026615009  -0.0028169603  -0.0018523670
       -0.0004298164  -0.0001957987  -0.0000357495   0.0018940462   0.0003370766
        0.0008751701  -0.0003356663  -0.0007137634   0.0001606491   0.0000274010
        0.0004077230  -0.0001493001  -0.0004523261   0.0014125335   0.0001333658
        0.0005881233   0.0007445525   0.0005975932   0.0667580655  -0.0684492000
       -0.0032426908   0.0001122641  -0.0011227700  -0.0001856582  -0.0000490927
       -0.0000511849   0.0002357801  -0.0000100836   0.0000109772  -0.0000124408
        0.0023021784   0.0007819726  -0.0006534283   0.0041990000  -0.0103748150
       -0.0008979313   0.0612289403  -0.2897984120  -0.0262880063   0.0035548734
       -0.0237279956  -0.0029831645  -0.0034230971  -0.0018518590  -0.0016936091
       -0.0002266061   0.0007696660   0.0001243199   0.0008894490   0.0012889775
        0.0011383900   0.0001520466  -0.0003804756  -0.0001059802   0.0000515219
        0.0003813840  -0.0000781352   0.0000393677  -0.0005539616  -0.0000629337
       -0.0007471244   0.0008201848   0.0003713511  -0.0684492000   0.3235989265
        0.0311164494   0.0003642054  -0.0010869741  -0.0001684565  -0.0000486376
        0.0000835936   0.0002335891   0.0001130824   0.0000497879  -0.0000524544
       -0.0016424091  -0.0007739347   0.0077842661  -0.0005693707   0.0024272613
        0.0007422536   0.0050582531  -0.0260032279  -0.0361366277   0.0008360046
       -0.0067197590   0.0011209996  -0.0019621497  -0.0015443132   0.0064919306
       -0.0000141197   0.0001193016  -0.0003306295   0.0006747429   0.0009880730
       -0.0029542725   0.0001737234  -0.0004824436   0.0002097375   0.0000392970
        0.0001796226  -0.0002498648  -0.0000463274   0.0001281974  -0.0000362214
        0.0003869499   0.0005938941  -0.0025416468  -0.0032426908   0.0311164494
        0.0273399002  -0.0000090710  -0.0003579487   0.0000565503   0.0002436068
        0.0002500592  -0.0016244464   0.0000735605   0.0000787685   0.0001280714
       -0.0047958903   0.0024057592  -0.0016037097   0.0000781990   0.0006168825
        0.0001719567   0.0008702094   0.0016377360  -0.0006555517   0.0037166809
        0.0020868854   0.0006210282  -0.1793793066  -0.1274873538  -0.0411632864
       -0.0225160134  -0.0176940990  -0.0063039452   0.0000083488  -0.0007226712
        0.0010055534   0.0007576523   0.0023386382  -0.0004424107  -0.0033436333
        0.0000308482   0.0014195403  -0.0010973148  -0.0009238184  -0.0002381368
        0.0000407448   0.0000370311   0.0002640829   0.0001122641   0.0003642054
       -0.0000090710   0.2051772539   0.1383087378   0.0466211755   0.0005551207
       -0.0007572709   0.0003635036  -0.0001843154  -0.0002415105  -0.0000507290
        0.0021564600   0.0006178166  -0.0007519254   0.0005888660   0.0001618389
        0.0001581569   0.0019195129  -0.0052849029  -0.0014781937  -0.0216367977
       -0.0222416233  -0.0069025331  -0.1263879214  -0.1604541174  -0.0372994375
        0.0050305576   0.0055535720   0.0014317319  -0.0005955260   0.0024748936
        0.0007476620   0.0002956902  -0.0023459715   0.0003256905   0.0002567917
        0.0013656067  -0.0003838772   0.0004025803   0.0001708947   0.0001081695
        0.0000142668   0.0000322742   0.0002580223  -0.0011227700  -0.0010869741
       -0.0003579487   0.1383087378   0.1801276716   0.0436531225   0.0008328538
        0.0008481753   0.0006491122  -0.0000633021   0.0000608455  -0.0001577523
       -0.0017371616  -0.0006280839   0.0076537286   0.0002061380   0.0001620881
       -0.0003017605  -0.0006793615  -0.0016009158   0.0069222340  -0.0033363808
       -0.0030004654   0.0006717701  -0.0404605056  -0.0366932008  -0.0447182872
       -0.0030250285  -0.0023462094   0.0001218920   0.0009317185   0.0009992490
       -0.0029035637   0.0000515727  -0.0014776974   0.0004368945   0.0007745244
        0.0002937061  -0.0003216309  -0.0001541746  -0.0001302600  -0.0001190393
        0.0002496180   0.0002434004  -0.0016695167  -0.0001856582  -0.0001684565
        0.0000565503   0.0466211755   0.0436531225   0.0366005411   0.0006138913
        0.0004092299  -0.0025120564   0.0001296322   0.0002844931   0.0000822440
        0.0040327596  -0.0200932186  -0.0024477211  -0.0023113376  -0.0030896890
       -0.0019700383  -0.0005074628  -0.0002730067  -0.0001058284  -0.0039962430
        0.0012091832  -0.0016629228  -0.0087576910   0.0278679496   0.0027125395
       -0.0551983157   0.0550406548   0.0047946146  -0.0015321407   0.0019925817
        0.0001237918   0.0004143707   0.0002591319  -0.0001515739  -0.0000200821
       -0.0001685539   0.0000827557   0.0005969181  -0.0009589765   0.0003255792
        0.0000990439  -0.0010824023  -0.0001014163  -0.0000490927  -0.0000486376
        0.0002436068   0.0005551207   0.0008328538   0.0006138913   0.0667160676
       -0.0614081093  -0.0024366181  -0.0000419151  -0.0000797610  -0.0000206600
        0.0030371107  -0.0220950122  -0.0028756898  -0.0035713344  -0.0019803556
       -0.0019646893  -0.0003561831   0.0008872663   0.0001021968   0.0018610345
        0.0012596467  -0.0007643422   0.0046982781  -0.0115035139  -0.0010951969
        0.0554308402  -0.2900755280  -0.0286458985   0.0008106810  -0.0008353730
       -0.0000463851  -0.0004498982  -0.0002818577   0.0001158781   0.0000374086
        0.0001668854  -0.0000826268   0.0004999908   0.0006528633   0.0005242833
        0.0001836991  -0.0012031900  -0.0001098794  -0.0000511849   0.0000835936
        0.0002500592  -0.0007572709   0.0008481753   0.0004092299  -0.0614081093
        0.3240364216   0.0341698485   0.0000349377   0.0000399782   0.0000132123
        0.0010442441  -0.0062555836   0.0001906126  -0.0019990780  -0.0019390560
        0.0071604254  -0.0001759028   0.0001351372  -0.0001564264  -0.0017513881
       -0.0006920458   0.0079787425  -0.0004981047   0.0023932741   0.0008345402
        0.0045536241  -0.0287409722  -0.0380542423   0.0000841621   0.0001204020
       -0.0000225124  -0.0000275203   0.0000384451  -0.0000157692   0.0000145199
       -0.0000558765   0.0000103135   0.0005428151   0.0002935708  -0.0023206790
        0.0000636162  -0.0003329379  -0.0002069532   0.0002357801   0.0002335891
       -0.0016244464   0.0003635036   0.0006491122  -0.0025120564  -0.0024366181
        0.0341698485   0.0287574753  -0.0000136533  -0.0000169070  -0.0000190244
        0.0001147993  -0.0000110115   0.0000258378  -0.0000912858  -0.0002977777
       -0.0002886515  -0.0018065586   0.0008069426  -0.0001168420  -0.0015664872
       -0.0039212516   0.0015027932  -0.0001537416   0.0000718140   0.0000330496
        0.0001262874  -0.0000601733  -0.0002170310  -0.0517053354   0.0090279192
       -0.0005390863  -0.1547947330   0.0912321982  -0.0335365114   0.0049315903
        0.0072380135  -0.0027841735  -0.0000490814  -0.0000020991   0.0000556264
       -0.0001681033   0.0000213684  -0.0000154061  -0.0000100836   0.0001130824
        0.0000735605  -0.0001843154  -0.0000633021   0.0001296322  -0.0000419151
        0.0000349377  -0.0000136533   0.2053989635  -0.1041906608   0.0356908552
        0.0000108191   0.0000588559   0.0000302765  -0.0000407437   0.0000481115
       -0.0002835668  -0.0001289316   0.0000233581   0.0001430484  -0.0017271090
        0.0012376145   0.0025506376  -0.0003766914  -0.0000615027  -0.0002280844
       -0.0000026918   0.0002632037  -0.0002399264  -0.0061787132   0.0062679507
       -0.0002899124   0.0875009079  -0.0976878290   0.0167305279   0.0254857366
       -0.0431277150   0.0242548615  -0.0000188586  -0.0000059046   0.0000783568
       -0.0000227691   0.0000094160  -0.0000214960   0.0000109772   0.0000497879
        0.0000787685  -0.0002415105   0.0000608455   0.0002844931  -0.0000797610
        0.0000399782  -0.0000169070  -0.1041906608   0.1328238292  -0.0430710775
        0.0000464263   0.0001731202   0.0000344470   0.0004099087   0.0002425404
       -0.0004528538   0.0009634788  -0.0005454268   0.0002510286   0.0011979230
        0.0028473775   0.0059471130  -0.0001200778   0.0001200721   0.0003095657
       -0.0001883079   0.0000719139  -0.0006444107   0.0048700491  -0.0014939699
        0.0049124331  -0.0324701361   0.0166007614  -0.0539916592  -0.0103808415
        0.0253100489   0.0057494089  -0.0000371769  -0.0000333067   0.0001742502
        0.0001017289  -0.0000250590   0.0000023268  -0.0000124408  -0.0000524544
        0.0001280714  -0.0000507290  -0.0001577523   0.0000822440  -0.0000206600
        0.0000132123  -0.0000190244   0.0356908552  -0.0430710775   0.0375170595
