           1           2   1.43153363332551     
           2           3   1.45094320917158     
           1           4  0.101941111053346     
           3           4   1.38451135879617     
           2           5  0.109985746314247     
           4           5   1.40358742165475     
           1           6   1.44516268543793     
           3           6  0.111951820676970     
           5           6   1.43425150480973     
           4           7  0.936967909199533     
           7           8   1.19644693362627     
           7           9  0.185514148406200     
           8           9   1.74879613770221     
           1          10  0.968093515780044     
           2          11  0.967360214072777     
           3          12  0.965253313931871     
           5          13  0.965799593892880     
           6          14  0.968214759224947     
           8          15  0.914276308441483     
