$hessian                                                                        
        0.4908365519  -0.0388878782  -0.0000069378  -0.1401220253  -0.0668557307
       -0.0000138632  -0.0378301629  -0.0150593646  -0.0000018412  -0.0040375325
        0.0031958204   0.0000002987  -0.0011571713  -0.0007649809   0.0000000037
       -0.0429015001   0.0063655303   0.0081290442  -0.2155175418   0.1138318057
        0.0000438146  -0.0429031159   0.0063854957  -0.0081483973  -0.0027494413
       -0.0042261167   0.0018100371  -0.0027506529  -0.0042258929  -0.0018122214
       -0.0001945774   0.0000440830   0.0001127957  -0.0001946859   0.0000440407
       -0.0001127278   0.0000196873  -0.0000619518  -0.0000673771   0.0000196962
       -0.0000619688   0.0000673611  -0.0005175282   0.0002771089   0.0000000105
       -0.0388878782   0.5030178405  -0.0000030952  -0.0709668709  -0.1244875346
       -0.0000109416   0.0116710227   0.0124078685   0.0000016786   0.0022532357
       -0.0017187563  -0.0000002178   0.0007649921   0.0003870280  -0.0000000423
        0.0069432542  -0.1246235214  -0.1148253480   0.1122506520  -0.1143144628
       -0.0000279576   0.0069637314  -0.1247519527   0.1148707048  -0.0156491793
       -0.0132551292   0.0025953542  -0.0156405299  -0.0132461970  -0.0026001871
        0.0001262426   0.0002328062   0.0002158808   0.0001262116   0.0002329172
       -0.0002157937  -0.0001069215   0.0000951927   0.0000248280  -0.0001069120
        0.0000951372  -0.0000248684   0.0002589496  -0.0000712363   0.0000000054
       -0.0000069378  -0.0000030952   0.5254458091  -0.0000149903  -0.0000112250
       -0.0688084556   0.0000034637   0.0000022821   0.0027438939   0.0000007547
       -0.0000005881   0.0003813147   0.0000002517   0.0000001426   0.0001448880
        0.0087846843  -0.1139315897  -0.2075608466   0.0000432862  -0.0000279679
       -0.0426600459  -0.0088036424   0.1139775486  -0.2074306434   0.0188298981
        0.0170064124  -0.0012600918  -0.0188368722  -0.0170120393  -0.0012682066
        0.0001645133   0.0000949621   0.0000964003  -0.0001644576  -0.0000948478
        0.0000964088  -0.0000362328   0.0000574803   0.0000354693   0.0000361972
       -0.0000574580   0.0000354364   0.0000000840  -0.0000000172   0.0000086693
       -0.1401220253  -0.0709668709  -0.0000149903   0.4266529460   0.0369232353
        0.0000077580  -0.1401844287   0.0564256982   0.0000145486  -0.0391184105
        0.0092888955   0.0000025599  -0.0040375764  -0.0022532178   0.0000001585
       -0.0019316626  -0.0033385961  -0.0024383924  -0.0230890359  -0.0137538867
       -0.0000023240  -0.0019291535  -0.0033376477   0.0024370631  -0.0389666316
       -0.0058434056   0.0047320565  -0.0389665307  -0.0058451019  -0.0047383737
        0.0016662539   0.0011049281   0.0008662245   0.0016666470   0.0011045959
       -0.0008662400  -0.0002770103  -0.0003432975  -0.0002859542  -0.0002770759
       -0.0003432910   0.0002859107  -0.0010863052   0.0011779623  -0.0000000052
       -0.0668557307  -0.1244875346  -0.0000112250   0.0369232353   0.4672502945
       -0.0000079416   0.0755152176  -0.1326383611  -0.0000171868  -0.0092884825
        0.0126934631   0.0000034219  -0.0031958026  -0.0017187147  -0.0000001049
       -0.0164363661  -0.0148440015  -0.0034770452   0.0125966345   0.0085113763
        0.0000015059  -0.0164471515  -0.0148554260   0.0034718386  -0.0024561742
       -0.1018078496   0.0883078449  -0.0024573894  -0.1017293052  -0.0882719834
       -0.0035728702   0.0012490452   0.0003320864  -0.0035736566   0.0012490921
       -0.0003312354   0.0002191472   0.0003598908   0.0002729415   0.0002192712
        0.0003597533  -0.0002729309  -0.0011898818   0.0004082774   0.0000000138
       -0.0000138632  -0.0000109416  -0.0688084556   0.0000077580  -0.0000079416
        0.4880969614   0.0000173517  -0.0000147704  -0.0510734710  -0.0000001337
        0.0000016649  -0.0057567275  -0.0000008837  -0.0000004417   0.0003813345
       -0.0200796278  -0.0175774969  -0.0013872736   0.0000047932   0.0000031778
        0.0001341200   0.0200707537   0.0175708547  -0.0013784839   0.0022850152
        0.0888746300  -0.1817235418  -0.0022896533  -0.0888392426  -0.1817993074
       -0.0026975924   0.0010603141   0.0016531874   0.0026963235  -0.0010599751
        0.0016519819   0.0001510763  -0.0000958144  -0.0000988977  -0.0001510247
        0.0000959380  -0.0000990551  -0.0000002927   0.0000000448   0.0002076284
       -0.0378301629   0.0116710227   0.0000034637  -0.1401844287   0.0755152176
        0.0000173517   0.4205587354  -0.0000004041  -0.0000219563  -0.1401854780
       -0.0755151592  -0.0000049112  -0.0378301031  -0.0116705965  -0.0000006002
        0.0022691485   0.0006299095  -0.0005820418  -0.0057067487  -0.0035939692
       -0.0000007726   0.0022724437   0.0006278673   0.0005816587  -0.0155496217
        0.0185747158  -0.0103704170  -0.0155492709   0.0185716914   0.0103791323
       -0.0155496029  -0.0185717665  -0.0103756007  -0.0155499878  -0.0185747799
        0.0103740969   0.0022708605  -0.0006290418   0.0005819559   0.0022708972
       -0.0006287095  -0.0005815873  -0.0057066804   0.0035940024   0.0000002280
       -0.0150593646   0.0124078685   0.0000022821   0.0564256982  -0.1326383611
       -0.0000147704  -0.0000004041   0.3391775772   0.0000354353  -0.0564256379
       -0.1326373197  -0.0000088281   0.0150597885   0.0124078536   0.0000004346
        0.0001160301   0.0003835347   0.0003425914  -0.0049808915  -0.0015387060
       -0.0000002372   0.0001141093   0.0003857183  -0.0003420957   0.0251994652
       -0.0243002730   0.0093285303   0.0251894841  -0.0242893944  -0.0093396024
       -0.0251931771  -0.0242927259  -0.0093356842  -0.0251959002  -0.0242962597
        0.0093322802  -0.0001150687   0.0003846250   0.0003421279  -0.0001150568
        0.0003846529  -0.0003423696   0.0049809253  -0.0015387905  -0.0000000942
       -0.0000018412   0.0000016786   0.0027438939   0.0000145486  -0.0000171868
       -0.0510734710  -0.0000219563   0.0000354353   0.0883091925  -0.0000010838
       -0.0000060289  -0.0510734531   0.0000015311   0.0000008106   0.0027439018
        0.0004283652   0.0006448015   0.0002061703  -0.0000006649  -0.0000002923
        0.0004034499  -0.0004290523  -0.0006442796   0.0002057273  -0.0227070478
        0.0192287473   0.0016858104   0.0227185740  -0.0192393687   0.0016737779
       -0.0227139815  -0.0192360030   0.0016774067   0.0227119316   0.0192317484
        0.0016821577  -0.0004287214   0.0006444920   0.0002059034   0.0004288642
       -0.0006444028   0.0002061282   0.0000005345  -0.0000001517   0.0004034042
       -0.0040375325   0.0022532357   0.0000007547  -0.0391184105  -0.0092884825
       -0.0000001337  -0.1401854780  -0.0564256379  -0.0000010838   0.4266523762
       -0.0369229174  -0.0000043994  -0.1401209281   0.0709669944   0.0000027381
       -0.0002770809   0.0003431543   0.0002860142  -0.0010863051  -0.0011779504
       -0.0000003259  -0.0002770018   0.0003434440  -0.0002858585   0.0016662880
       -0.0011050928   0.0008659033   0.0016666332  -0.0011044323  -0.0008665674
       -0.0389666084   0.0058432271   0.0047355105  -0.0389664236   0.0058442807
       -0.0047334714  -0.0019300325   0.0033377432   0.0024378678  -0.0019304705
        0.0033382943  -0.0024375358  -0.0230890255   0.0137541396   0.0000005872
        0.0031958204  -0.0017187563  -0.0000005881   0.0092888955   0.0126934631
        0.0000016649  -0.0755151592  -0.1326373197  -0.0000060289  -0.0369229174
        0.4672508849   0.0000016263   0.0668558561  -0.1244886324  -0.0000022596
       -0.0002192488   0.0003597879   0.0002730021   0.0011898934   0.0004082770
       -0.0000000067  -0.0002191656   0.0003598538  -0.0002728568   0.0035733844
        0.0012493214  -0.0003321076   0.0035731441   0.0012487770   0.0003312284
        0.0024566413  -0.1017607474  -0.0882863982   0.0024559201  -0.1017765339
        0.0882934737   0.0164410412  -0.0148492167  -0.0034750179   0.0164422775
       -0.0148505257   0.0034739162  -0.0125963828   0.0085113670   0.0000003522
        0.0000002987  -0.0000002178   0.0003813147   0.0000025599   0.0000034219
       -0.0057567275  -0.0000049112  -0.0000088281  -0.0510734531  -0.0000043994
        0.0000016263   0.4880964352   0.0000026039  -0.0000025338  -0.0688084385
       -0.0001510262  -0.0000958559  -0.0000989809   0.0000001027   0.0000000126
        0.0002076326   0.0001510673   0.0000959395  -0.0000989195  -0.0026964512
       -0.0010602912   0.0016527051   0.0026974513   0.0010599781   0.0016524386
        0.0022876074  -0.0888531488  -0.1817702534  -0.0022856199   0.0888606992
       -0.1817521405   0.0200755300  -0.0175748283  -0.0013836616  -0.0200745717
        0.0175738475  -0.0013820517  -0.0000002417   0.0000001788   0.0001341004
       -0.0011571713   0.0007649921   0.0000002517  -0.0040375764  -0.0031958026
       -0.0000008837  -0.0378301031   0.0150597885   0.0000015311  -0.1401209281
        0.0668558561   0.0000026039   0.4908371273   0.0388880338   0.0000013689
        0.0000196629   0.0000619460   0.0000673745  -0.0005175325  -0.0002771082
       -0.0000000541   0.0000197233   0.0000619722  -0.0000673607  -0.0001946210
       -0.0000440843   0.0001127683  -0.0001946463  -0.0000440345  -0.0001127519
       -0.0027499056   0.0042258874   0.0018112360  -0.0027498737   0.0042259575
       -0.0018109818  -0.0429024764  -0.0063771053  -0.0081414894  -0.0429023334
       -0.0063752887   0.0081377677  -0.2155193455  -0.1138310098  -0.0000013804
       -0.0007649809   0.0003870280   0.0000001426  -0.0022532178  -0.0017187147
       -0.0000004417  -0.0116705965   0.0124078536   0.0000008106   0.0709669944
       -0.1244886324  -0.0000025338   0.0388880338   0.5030165766  -0.0000009200
        0.0001067837   0.0000952244   0.0000248273  -0.0002589466  -0.0000712370
       -0.0000000339   0.0001070430   0.0000950967  -0.0000248500  -0.0001263045
        0.0002329129  -0.0002158142  -0.0001261428   0.0002328099   0.0002158623
        0.0156439712  -0.0132499337  -0.0025982278   0.0156455643  -0.0132517067
        0.0025973443  -0.0069550666  -0.1246813102  -0.1148457138  -0.0069532759
       -0.1246933034   0.1148503013  -0.1122498588  -0.1143126641  -0.0000007533
        0.0000000037  -0.0000000423   0.0001448880   0.0000001585  -0.0000001049
        0.0003813345  -0.0000006002   0.0000004346   0.0027439018   0.0000027381
       -0.0000022596  -0.0688084385   0.0000013689  -0.0000009200   0.5254458162
        0.0000361936   0.0000575240   0.0000354513  -0.0000000179  -0.0000000241
        0.0000086628  -0.0000362412  -0.0000574266   0.0000354405   0.0001644897
       -0.0000949058   0.0000962972  -0.0001644739   0.0000948888   0.0000965197
        0.0188339478  -0.0170097851  -0.0012648891  -0.0188325502   0.0170089965
       -0.0012634332  -0.0087968943  -0.1139523806  -0.2075017926   0.0087932415
        0.1139567285  -0.2074897175  -0.0000013641  -0.0000007232  -0.0426600413
       -0.0429015001   0.0069432542   0.0087846843  -0.0019316626  -0.0164363661
       -0.0200796278   0.0022691485   0.0001160301   0.0004283652  -0.0002770809
       -0.0002192488  -0.0001510262   0.0000196629   0.0001067837   0.0000361936
        0.0476219237  -0.0039082043  -0.0088598572  -0.0026769635   0.0170566901
        0.0225107289   0.0008455032  -0.0005861877  -0.0016466307   0.0006997935
        0.0005191825  -0.0005318547  -0.0038952881  -0.0038003464  -0.0005800704
        0.0001012575   0.0001254457   0.0001462201   0.0001152696   0.0000616121
       -0.0000874610  -0.0000592872   0.0000143947   0.0000237711  -0.0000051701
       -0.0000102589  -0.0000053848   0.0000743938   0.0000172191   0.0000119496
        0.0063655303  -0.1246235214  -0.1139315897  -0.0033385961  -0.0148440015
       -0.0175774969   0.0006299095   0.0003835347   0.0006448015   0.0003431543
        0.0003597879  -0.0000958559   0.0000619460   0.0000952244   0.0000575240
       -0.0039082043   0.1438398169   0.1337810137   0.0036533199  -0.0121456596
       -0.0163443926  -0.0005852536   0.0096792079   0.0142788270   0.0005710333
        0.0000789941  -0.0005487897  -0.0040741326  -0.0027716639  -0.0003030488
        0.0001726969  -0.0000117584   0.0000699604   0.0000719061  -0.0000239058
       -0.0000329130  -0.0000143830   0.0000309735   0.0000125466   0.0000101155
       -0.0000197647  -0.0000056971   0.0000409579  -0.0000272640  -0.0000048896
        0.0081290442  -0.1148253480  -0.2075608466  -0.0024383924  -0.0034770452
       -0.0013872736  -0.0005820418   0.0003425914   0.0002061703   0.0002860142
        0.0002730021  -0.0000989809   0.0000673745   0.0000248273   0.0000354513
       -0.0088598572   0.1337810137   0.2367365299   0.0014662342  -0.0020473283
       -0.0018153825   0.0016422766  -0.0142573703  -0.0280552276   0.0003402545
        0.0004728871   0.0007362631  -0.0002962247  -0.0004611049   0.0011866327
        0.0001348593   0.0000779771   0.0000391192   0.0001013836   0.0000724071
       -0.0000163399  -0.0000238683   0.0000124803   0.0000540116  -0.0000053127
        0.0000057362  -0.0000560028   0.0000382560   0.0000052744  -0.0000041241
       -0.2155175418   0.1122506520   0.0000432862  -0.0230890359   0.0125966345
        0.0000047932  -0.0057067487  -0.0049808915  -0.0000006649  -0.0010863051
        0.0011898934   0.0000001027  -0.0005175325  -0.0002589466  -0.0000000179
       -0.0026769635   0.0036533199   0.0014662342   0.2506678187  -0.1288366438
       -0.0000499937  -0.0026802436   0.0036562153  -0.0014638738   0.0002778778
        0.0003938922   0.0001887015   0.0002779463   0.0003942426  -0.0001885302
        0.0000210632  -0.0000136627  -0.0000359961   0.0000210670  -0.0000136500
        0.0000359995   0.0000743978  -0.0000409759  -0.0000382701   0.0000743895
       -0.0000409839   0.0000382323  -0.0001401894   0.0000509045  -0.0000000029
        0.1138318057  -0.1143144628  -0.0000279679  -0.0137538867   0.0085113763
        0.0000031778  -0.0035939692  -0.0015387060  -0.0000002923  -0.0011779504
        0.0004082770   0.0000000126  -0.0002771082  -0.0000712370  -0.0000000241
        0.0170566901  -0.0121456596  -0.0020473283  -0.1288366438   0.1302277145
        0.0000327636   0.0170693139  -0.0121559142   0.0020393049  -0.0002210679
        0.0004668031  -0.0001803029  -0.0002210871   0.0004669884   0.0001806816
        0.0001047973   0.0000759203   0.0000586198   0.0001047771   0.0000759601
       -0.0000585618  -0.0000173800  -0.0000273509   0.0000052817  -0.0000173874
       -0.0000274115  -0.0000053547  -0.0000509035   0.0000477023  -0.0000000097
        0.0000438146  -0.0000279576  -0.0426600459  -0.0000023240   0.0000015059
        0.0001341200  -0.0000007726  -0.0000002372   0.0004034499  -0.0000003259
       -0.0000000067   0.0002076326  -0.0000000541  -0.0000000339   0.0000086628
        0.0225107289  -0.0163443926  -0.0018153825  -0.0000499937   0.0000327636
        0.0456005235  -0.0225007196   0.0163381372  -0.0018017952   0.0003335346
       -0.0000322801  -0.0000307680  -0.0003339138   0.0000325315  -0.0000304896
        0.0000266522   0.0000237022  -0.0000058397  -0.0000265850  -0.0000236957
       -0.0000058727  -0.0000119679  -0.0000048954  -0.0000041533   0.0000119355
        0.0000048678  -0.0000041474  -0.0000000093  -0.0000000092   0.0000041054
       -0.0429031159   0.0069637314  -0.0088036424  -0.0019291535  -0.0164471515
        0.0200707537   0.0022724437   0.0001141093  -0.0004290523  -0.0002770018
       -0.0002191656   0.0001510673   0.0000197233   0.0001070430  -0.0000362412
        0.0008455032  -0.0005852536   0.0016422766  -0.0026802436   0.0170693139
       -0.0225007196   0.0476214550  -0.0039300250   0.0088838495  -0.0038955051
       -0.0038006348   0.0005786773   0.0006994292   0.0005186388   0.0005321260
        0.0001152305   0.0000616190   0.0000876351   0.0001011296   0.0001256819
       -0.0001460737  -0.0000051077  -0.0000099278   0.0000052505  -0.0000591820
        0.0000144902  -0.0000239441   0.0000743953   0.0000175309  -0.0000119627
        0.0063854957  -0.1247519527   0.1139775486  -0.0033376477  -0.0148554260
        0.0175708547   0.0006278673   0.0003857183  -0.0006442796   0.0003434440
        0.0003598538   0.0000959395   0.0000619722   0.0000950967  -0.0000574266
       -0.0005861877   0.0096792079  -0.0142573703   0.0036562153  -0.0121559142
        0.0163381372  -0.0039300250   0.1439885537  -0.1338334846  -0.0040738866
       -0.0027719077   0.0003009991   0.0005712794   0.0000791042   0.0005480773
        0.0000720891  -0.0000238691   0.0000328483   0.0001728353  -0.0000118741
       -0.0000701649   0.0000100576  -0.0000199994   0.0000058527  -0.0000145086
        0.0000309064  -0.0000124283   0.0000409998  -0.0000274978   0.0000048968
       -0.0081483973   0.1148707048  -0.2074306434   0.0024370631   0.0034718386
       -0.0013784839   0.0005816587  -0.0003420957   0.0002057273  -0.0002858585
       -0.0002728568  -0.0000989195  -0.0000673607  -0.0000248500   0.0000354405
       -0.0016466307   0.0142788270  -0.0280552276  -0.0014638738   0.0020393049
       -0.0018017952   0.0088838495  -0.1338334846   0.2365846875   0.0002946706
        0.0004597159   0.0011868080  -0.0003399184  -0.0004730634   0.0007359296
       -0.0001013500  -0.0000724033  -0.0000164255  -0.0001347915  -0.0000780274
        0.0000390073   0.0000053349  -0.0000058170  -0.0000559878   0.0000238513
       -0.0000124565   0.0000540491  -0.0000382473  -0.0000053365  -0.0000041664
       -0.0027494413  -0.0156491793   0.0188298981  -0.0389666316  -0.0024561742
        0.0022850152  -0.0155496217   0.0251994652  -0.0227070478   0.0016662880
        0.0035733844  -0.0026964512  -0.0001946210  -0.0001263045   0.0001644897
        0.0006997935   0.0005710333   0.0003402545   0.0002778778  -0.0002210679
        0.0003335346  -0.0038955051  -0.0040738866   0.0002946706   0.0561973448
       -0.0050295496   0.0025073446   0.0019978931  -0.0003515142  -0.0009159860
       -0.0001590322  -0.0001741197   0.0002491976   0.0004381358  -0.0009124864
        0.0012550202   0.0001152739  -0.0000720269  -0.0001013658   0.0001011943
       -0.0001727791   0.0001348146   0.0000210517  -0.0001047945   0.0000266113
       -0.0042261167  -0.0132551292   0.0170064124  -0.0058434056  -0.1018078496
        0.0888746300   0.0185747158  -0.0243002730   0.0192287473  -0.0011050928
        0.0012493214  -0.0010602912  -0.0000440843   0.0002329129  -0.0000949058
        0.0005191825   0.0000789941   0.0004728871   0.0003938922   0.0004668031
       -0.0000322801  -0.0038006348  -0.0027719077   0.0004597159  -0.0050295496
        0.1316475608  -0.1117009438  -0.0003522204   0.0080103133  -0.0128498717
        0.0001740830  -0.0000635709  -0.0000070924   0.0009128178   0.0004725867
       -0.0002676738  -0.0000616526  -0.0000238747   0.0000724076  -0.0001256073
       -0.0000118327  -0.0000780394   0.0000136728   0.0000759453  -0.0000237021
        0.0018100371   0.0025953542  -0.0012600918   0.0047320565   0.0883078449
       -0.1817235418  -0.0103704170   0.0093285303   0.0016858104   0.0008659033
       -0.0003321076   0.0016527051   0.0001127683  -0.0002158142   0.0000962972
       -0.0005318547  -0.0005487897   0.0007362631   0.0001887015  -0.0001803029
       -0.0000307680   0.0005786773   0.0003009991   0.0011868080   0.0025073446
       -0.1117009438   0.2100688562   0.0009149877   0.0128669050  -0.0316074447
        0.0002492864   0.0000072544  -0.0007405124  -0.0012551386  -0.0002673797
       -0.0000811626   0.0000875490  -0.0000328844  -0.0000163828   0.0001461013
       -0.0000700744   0.0000390197  -0.0000360026  -0.0000585913  -0.0000058556
       -0.0027506529  -0.0156405299  -0.0188368722  -0.0389665307  -0.0024573894
       -0.0022896533  -0.0155492709   0.0251894841   0.0227185740   0.0016666332
        0.0035731441   0.0026974513  -0.0001946463  -0.0001261428  -0.0001644739
       -0.0038952881  -0.0040741326  -0.0002962247   0.0002779463  -0.0002210871
       -0.0003339138   0.0006994292   0.0005712794  -0.0003399184   0.0019978931
       -0.0003522204   0.0009149877   0.0561978730  -0.0050261945  -0.0025048580
        0.0004381057  -0.0009124999  -0.0012554440  -0.0001589724  -0.0001742170
       -0.0002495722   0.0001011895  -0.0001727485  -0.0001348246   0.0001152150
       -0.0000719711   0.0001013599   0.0000210765  -0.0001047743  -0.0000266179
       -0.0042258929  -0.0132461970  -0.0170120393  -0.0058451019  -0.1017293052
       -0.0888392426   0.0185716914  -0.0242893944  -0.0192393687  -0.0011044323
        0.0012487770   0.0010599781  -0.0000440345   0.0002328099   0.0000948888
       -0.0038003464  -0.0027716639  -0.0004611049   0.0003942426   0.0004669884
        0.0000325315   0.0005186388   0.0000791042  -0.0004730634  -0.0003515142
        0.0080103133   0.0128669050  -0.0050261945   0.1315494788   0.1116665180
        0.0009121613   0.0004724729   0.0002675344   0.0001742557  -0.0000636270
        0.0000071700  -0.0001255348  -0.0000118363   0.0000779930  -0.0000615789
       -0.0000238576  -0.0000723967   0.0000136405   0.0000759370   0.0000236968
       -0.0018122214  -0.0026001871  -0.0012682066  -0.0047383737  -0.0882719834
       -0.1817993074   0.0103791323  -0.0093396024   0.0016737779  -0.0008665674
        0.0003312284   0.0016524386  -0.0001127519   0.0002158623   0.0000965197
       -0.0005800704  -0.0003030488   0.0011866327  -0.0001885302   0.0001806816
       -0.0000304896   0.0005321260   0.0005480773   0.0007359296  -0.0009159860
       -0.0128498717  -0.0316074447  -0.0025048580   0.1116665180   0.2101645192
        0.0012553270   0.0002678253  -0.0000810441  -0.0002494826  -0.0000070210
       -0.0007402012  -0.0001461764   0.0000700948   0.0000391046  -0.0000875614
        0.0000328368  -0.0000163849   0.0000359939   0.0000585899  -0.0000058439
       -0.0001945774   0.0001262426   0.0001645133   0.0016662539  -0.0035728702
       -0.0026975924  -0.0155496029  -0.0251931771  -0.0227139815  -0.0389666084
        0.0024566413   0.0022876074  -0.0027499056   0.0156439712   0.0188339478
        0.0001012575   0.0001726969   0.0001348593   0.0000210632   0.0001047973
        0.0000266522   0.0001152305   0.0000720891  -0.0001013500  -0.0001590322
        0.0001740830   0.0002492864   0.0004381057   0.0009121613   0.0012553270
        0.0561977098   0.0050275236   0.0025065341   0.0019978992   0.0003520459
       -0.0009151582  -0.0038953517   0.0040739576   0.0002955993   0.0006996600
       -0.0005711958   0.0003400586   0.0002778985   0.0002210332   0.0003336966
        0.0000440830   0.0002328062   0.0000949621   0.0011049281   0.0012490452
        0.0010603141  -0.0185717665  -0.0242927259  -0.0192360030   0.0058432271
       -0.1017607474  -0.0888531488   0.0042258874  -0.0132499337  -0.0170097851
        0.0001254457  -0.0000117584   0.0000779771  -0.0000136627   0.0000759203
        0.0000237022   0.0000616190  -0.0000238691  -0.0000724033  -0.0001741197
       -0.0000635709   0.0000072544  -0.0009124999   0.0004724729   0.0002678253
        0.0050275236   0.1315878722   0.1116800651   0.0003517813   0.0080103116
        0.0128604175   0.0038004792  -0.0027717906  -0.0004605951  -0.0005188776
        0.0000791000  -0.0004730117  -0.0003940481   0.0004668675   0.0000324294
        0.0001127957   0.0002158808   0.0000964003   0.0008662245   0.0003320864
        0.0016531874  -0.0103756007  -0.0093356842   0.0016774067   0.0047355105
       -0.0882863982  -0.1817702534   0.0018112360  -0.0025982278  -0.0012648891
        0.0001462201   0.0000699604   0.0000391192  -0.0000359961   0.0000586198
       -0.0000058397   0.0000876351   0.0000328483  -0.0000164255   0.0002491976
       -0.0000070924  -0.0007405124  -0.0012554440   0.0002675344  -0.0000810441
        0.0025065341   0.1116800651   0.2101280736   0.0009156158  -0.0128563622
       -0.0316074275   0.0005794978  -0.0003021204   0.0011866843  -0.0005320259
        0.0005483981   0.0007361558   0.0001885995   0.0001804920  -0.0000306356
       -0.0001946859   0.0001262116  -0.0001644576   0.0016666470  -0.0035736566
        0.0026963235  -0.0155499878  -0.0251959002   0.0227119316  -0.0389664236
        0.0024559201  -0.0022856199  -0.0027498737   0.0156455643  -0.0188325502
        0.0001152696   0.0000719061   0.0001013836   0.0000210670   0.0001047771
       -0.0000265850   0.0001011296   0.0001728353  -0.0001347915   0.0004381358
        0.0009128178  -0.0012551386  -0.0001589724   0.0001742557  -0.0002494826
        0.0019978992   0.0003517813   0.0009156158   0.0561976106   0.0050294305
       -0.0025074797   0.0006995790  -0.0005711428  -0.0003401092  -0.0038953206
        0.0040740789  -0.0002952912   0.0002779263   0.0002211210  -0.0003337490
        0.0000440407   0.0002329172  -0.0000948478   0.0011045959   0.0012490921
       -0.0010599751  -0.0185747799  -0.0242962597   0.0192317484   0.0058442807
       -0.1017765339   0.0888606992   0.0042259575  -0.0132517067   0.0170089965
        0.0000616121  -0.0000239058   0.0000724071  -0.0000136500   0.0000759601
       -0.0000236957   0.0001256819  -0.0000118741  -0.0000780274  -0.0009124864
        0.0004725867  -0.0002673797  -0.0001742170  -0.0000636270  -0.0000070210
        0.0003520459   0.0080103116  -0.0128563622   0.0050294305   0.1316090023
       -0.1116873132  -0.0005189489   0.0000790531   0.0004729224   0.0038005187
       -0.0027719428   0.0004602268  -0.0003940819   0.0004669270  -0.0000323783
       -0.0001127278  -0.0002157937   0.0000964088  -0.0008662400  -0.0003312354
        0.0016519819   0.0103740969   0.0093322802   0.0016821577  -0.0047334714
        0.0882934737  -0.1817521405  -0.0018109818   0.0025973443  -0.0012634332
       -0.0000874610  -0.0000329130  -0.0000163399   0.0000359995  -0.0000585618
       -0.0000058727  -0.0001460737  -0.0000701649   0.0000390073   0.0012550202
       -0.0002676738  -0.0000811626  -0.0002495722   0.0000071700  -0.0007402012
       -0.0009151582   0.0128604175  -0.0316074275  -0.0025074797  -0.1116873132
        0.2101048781   0.0005319341  -0.0005484203   0.0007360076  -0.0005792497
        0.0003018794   0.0011867274  -0.0001886352  -0.0001804890  -0.0000305912
        0.0000196873  -0.0001069215  -0.0000362328  -0.0002770103   0.0002191472
        0.0001510763   0.0022708605  -0.0001150687  -0.0004287214  -0.0019300325
        0.0164410412   0.0200755300  -0.0429024764  -0.0069550666  -0.0087968943
       -0.0000592872  -0.0000143830  -0.0000238683   0.0000743978  -0.0000173800
       -0.0000119679  -0.0000051077   0.0000100576   0.0000053349   0.0001152739
       -0.0000616526   0.0000875490   0.0001011895  -0.0001255348  -0.0001461764
       -0.0038953517   0.0038004792   0.0005794978   0.0006995790  -0.0005189489
        0.0005319341   0.0476217409   0.0039211082   0.0088749127   0.0008455219
        0.0005856235   0.0016443170  -0.0026789850  -0.0170625009  -0.0225062909
       -0.0000619518   0.0000951927   0.0000574803  -0.0003432975   0.0003598908
       -0.0000958144  -0.0006290418   0.0003846250   0.0006444920   0.0033377432
       -0.0148492167  -0.0175748283  -0.0063771053  -0.1246813102  -0.1139523806
        0.0000143947   0.0000309735   0.0000124803  -0.0000409759  -0.0000273509
       -0.0000048954  -0.0000099278  -0.0000199994  -0.0000058170  -0.0000720269
       -0.0000238747  -0.0000328844  -0.0001727485  -0.0000118363   0.0000700948
        0.0040739576  -0.0027717906  -0.0003021204  -0.0005711428   0.0000790531
       -0.0005484203   0.0039211082   0.1439066234   0.1338048446   0.0005859697
        0.0096791643   0.0142690926  -0.0036549551  -0.0121501440  -0.0163413240
       -0.0000673771   0.0000248280   0.0000354693  -0.0002859542   0.0002729415
       -0.0000988977   0.0005819559   0.0003421279   0.0002059034   0.0024378678
       -0.0034750179  -0.0013836616  -0.0081414894  -0.1148457138  -0.2075017926
        0.0000237711   0.0000125466   0.0000540116  -0.0000382701   0.0000052817
       -0.0000041533   0.0000052505   0.0000058527  -0.0000559878  -0.0001013658
        0.0000724076  -0.0000163828  -0.0001348246   0.0000779930   0.0000391046
        0.0002955993  -0.0004605951   0.0011866843  -0.0003401092   0.0004729224
        0.0007360076   0.0088749127   0.1338048446   0.2366677182  -0.0016448087
       -0.0142670222  -0.0280552043  -0.0014651583  -0.0020433971  -0.0018088191
        0.0000196962  -0.0001069120   0.0000361972  -0.0002770759   0.0002192712
       -0.0001510247   0.0022708972  -0.0001150568   0.0004288642  -0.0019304705
        0.0164422775  -0.0200745717  -0.0429023334  -0.0069532759   0.0087932415
       -0.0000051701   0.0000101155  -0.0000053127   0.0000743895  -0.0000173874
        0.0000119355  -0.0000591820  -0.0000145086   0.0000238513   0.0001011943
       -0.0001256073   0.0001461013   0.0001152150  -0.0000615789  -0.0000875614
        0.0006996600  -0.0005188776  -0.0005320259  -0.0038953206   0.0038005187
       -0.0005792497   0.0008455219   0.0005859697  -0.0016448087   0.0476215374
        0.0039186951  -0.0088710525  -0.0026785589  -0.0170636433   0.0225054164
       -0.0000619688   0.0000951372  -0.0000574580  -0.0003432910   0.0003597533
        0.0000959380  -0.0006287095   0.0003846529  -0.0006444028   0.0033382943
       -0.0148505257   0.0175738475  -0.0063752887  -0.1246933034   0.1139567285
       -0.0000102589  -0.0000197647   0.0000057362  -0.0000409839  -0.0000274115
        0.0000048678   0.0000144902   0.0000309064  -0.0000124565  -0.0001727791
       -0.0000118327  -0.0000700744  -0.0000719711  -0.0000238576   0.0000328368
       -0.0005711958   0.0000791000   0.0005483981   0.0040740789  -0.0027719428
        0.0003018794   0.0005856235   0.0096791643  -0.0142670222   0.0039186951
        0.1439210276  -0.1338096838  -0.0036547350  -0.0121511034   0.0163408654
        0.0000673611  -0.0000248684   0.0000354364   0.0002859107  -0.0002729309
       -0.0000990551  -0.0005815873  -0.0003423696   0.0002061282  -0.0024375358
        0.0034739162  -0.0013820517   0.0081377677   0.1148503013  -0.2074897175
       -0.0000053848  -0.0000056971  -0.0000560028   0.0000382323  -0.0000053547
       -0.0000041474  -0.0000239441  -0.0000124283   0.0000540491   0.0001348146
       -0.0000780394   0.0000390197   0.0001013599  -0.0000723967  -0.0000163849
        0.0003400586  -0.0004730117   0.0007361558  -0.0002952912   0.0004602268
        0.0011867274   0.0016443170   0.0142690926  -0.0280552043  -0.0088710525
       -0.1338096838   0.2366533968   0.0014649737   0.0020432439  -0.0018083498
       -0.0005175282   0.0002589496   0.0000000840  -0.0010863052  -0.0011898818
       -0.0000002927  -0.0057066804   0.0049809253   0.0000005345  -0.0230890255
       -0.0125963828  -0.0000002417  -0.2155193455  -0.1122498588  -0.0000013641
        0.0000743938   0.0000409579   0.0000382560  -0.0001401894  -0.0000509035
       -0.0000000093   0.0000743953   0.0000409998  -0.0000382473   0.0000210517
        0.0000136728  -0.0000360026   0.0000210765   0.0000136405   0.0000359939
        0.0002778985  -0.0003940481   0.0001885995   0.0002779263  -0.0003940819
       -0.0001886352  -0.0026789850  -0.0036549551  -0.0014651583  -0.0026785589
       -0.0036547350   0.0014649737   0.2506698760   0.1288357010   0.0000015095
        0.0002771089  -0.0000712363  -0.0000000172   0.0011779623   0.0004082774
        0.0000000448   0.0035940024  -0.0015387905  -0.0000001517   0.0137541396
        0.0085113670   0.0000001788  -0.1138310098  -0.1143126641  -0.0000007232
        0.0000172191  -0.0000272640   0.0000052744   0.0000509045   0.0000477023
       -0.0000000092   0.0000175309  -0.0000274978  -0.0000053365  -0.0001047945
        0.0000759453  -0.0000585913  -0.0001047743   0.0000759370   0.0000585899
        0.0002210332   0.0004668675   0.0001804920   0.0002211210   0.0004669270
       -0.0001804890  -0.0170625009  -0.0121501440  -0.0020433971  -0.0170636433
       -0.0121511034   0.0020432439   0.1288357010   0.1302256767   0.0000008914
        0.0000000105   0.0000000054   0.0000086693  -0.0000000052   0.0000000138
        0.0002076284   0.0000002280  -0.0000000942   0.0004034042   0.0000005872
        0.0000003522   0.0001341004  -0.0000013804  -0.0000007533  -0.0426600413
        0.0000119496  -0.0000048896  -0.0000041241  -0.0000000029  -0.0000000097
        0.0000041054  -0.0000119627   0.0000048968  -0.0000041664   0.0000266113
       -0.0000237021  -0.0000058556  -0.0000266179   0.0000236968  -0.0000058439
        0.0003336966   0.0000324294  -0.0000306356  -0.0003337490  -0.0000323783
       -0.0000305912  -0.0225062909  -0.0163413240  -0.0018088191   0.0225054164
        0.0163408654  -0.0018083498   0.0000015095   0.0000008914   0.0456005193
