           1           2   1.01567277984949     
           2           3  0.973593884932714     
           3           4  0.973593864869746     
           4           5   1.01567277816945     
           1           6  0.985478966916568     
           1           7  0.983727916751203     
           1           8  0.985477950692914     
           2           9  0.968843806186112     
           2          10  0.968842872151830     
           4          11  0.968843592739300     
           4          12  0.968843084441118     
           5          13  0.985478262316807     
           5          14  0.985478653372123     
           5          15  0.983727914115762     
