$hessian                                                                        
        0.5166798550  -0.0291148362   0.0034372889  -0.0684324808  -0.0275925443
        0.0008835390  -0.0215947865  -0.0287402580   0.0167225154   0.0005344613
       -0.0007733425   0.0002201058   0.0002280588   0.0008641719  -0.0006042376
       -0.2637131100   0.0111726587   0.0704090951  -0.1201179536   0.0553794758
       -0.0989301028  -0.0448759761   0.0089531190   0.0117557748   0.0037055287
        0.0158562401  -0.0033064384   0.0005382279  -0.0049994800  -0.0008133684
       -0.0002594797  -0.0000746093  -0.0000329239  -0.0008344378  -0.0001090225
       -0.0003684869  -0.0003315438  -0.0002839553   0.0001908203  -0.0000238681
       -0.0002366460  -0.0000770497  -0.0015024951  -0.0003009715   0.0005134683
       -0.0291148362   0.4592356891   0.0124035814  -0.0270478571  -0.1775278227
        0.0193948181  -0.0115262524   0.0000649601   0.0062990871   0.0008417599
        0.0003325632   0.0002841136  -0.0008062420  -0.0001741432  -0.0000406921
        0.0104994946  -0.0417828132  -0.0033744902   0.0555204639  -0.0821094466
        0.0703527790   0.0097998035  -0.1171336402  -0.1118824332  -0.0025061408
       -0.0188060856   0.0065285305  -0.0059316263  -0.0225614621   0.0003251144
        0.0000906167   0.0000285696  -0.0000568440  -0.0001073341   0.0001260537
       -0.0000261693  -0.0001905315   0.0001854528  -0.0000365204   0.0000013171
        0.0000527123   0.0000642576   0.0004773647   0.0000694128  -0.0002351327
        0.0034372889   0.0124035814   0.5263757935   0.0014128059   0.0203902535
       -0.0700333466   0.0145973411   0.0147899276  -0.0048838678  -0.0005208886
        0.0002411765  -0.0001042969   0.0007723258  -0.0001940157  -0.0001116037
        0.0704412986  -0.0038305641  -0.0659301176  -0.0985315129   0.0698504376
       -0.1710016111   0.0119246198  -0.1113996359  -0.2125562415   0.0025405603
        0.0214473892  -0.0049244005  -0.0063100460  -0.0238396436   0.0027124424
        0.0003285174  -0.0002224344   0.0000847533   0.0003636756   0.0000499875
        0.0002353191   0.0002031167   0.0000202678  -0.0000222728   0.0000374158
        0.0001663470   0.0000727091  -0.0006965185   0.0001269256   0.0000867411
       -0.0684324808  -0.0270478571   0.0014128059   0.4354733885  -0.0122586951
        0.0577701402  -0.1507183427  -0.0023928488   0.0488392037  -0.0394901142
       -0.0027259967   0.0046205465   0.0000096215  -0.0008004318   0.0005090576
       -0.0117617908  -0.0245114142   0.0062457700   0.0055718117   0.0159354373
       -0.0036464206   0.0002673121  -0.0003126552  -0.0010140832  -0.1259427545
        0.0610525381  -0.0951924676  -0.0427051762  -0.0095491611  -0.0193631469
        0.0015878392   0.0006978912   0.0020422477  -0.0041853244   0.0012463791
       -0.0018363744   0.0003694912   0.0004762472   0.0000207677  -0.0002637135
        0.0000352969  -0.0002562194   0.0002202330   0.0001552703  -0.0001518274
       -0.0275925443  -0.1775278227   0.0203902535  -0.0122586951   0.4479349587
        0.0001305413  -0.0034247944  -0.0419654619   0.0091468529   0.0034401135
       -0.0059323838  -0.0052066560   0.0012407214  -0.0000974116   0.0009036403
       -0.0008960460  -0.0005637784   0.0005839552  -0.0024415151  -0.0162841634
        0.0062344533  -0.0073235015  -0.0220043354  -0.0000961786   0.0618975577
       -0.0831030155   0.0594499800  -0.0074187441  -0.1008412086  -0.0923100200
       -0.0024841431   0.0013380772   0.0013649414  -0.0034238983  -0.0000000390
       -0.0009068990   0.0001216177  -0.0005266562   0.0001508466   0.0003399138
       -0.0001447576  -0.0003526158   0.0002239577  -0.0002820018   0.0005169048
        0.0008835390   0.0193948181  -0.0700333466   0.0577701402   0.0001305413
        0.5034031482   0.0700370648   0.0085664733  -0.1223704250  -0.0102724219
       -0.0045671752   0.0122828601  -0.0006715051   0.0002960883  -0.0002181767
        0.0041681402   0.0084303508  -0.0020308067   0.0055151929   0.0216652538
       -0.0054931017  -0.0072507125  -0.0243717729   0.0038347587  -0.0912578286
        0.0599339082  -0.1372754586  -0.0195958957  -0.0898367048  -0.1843523257
       -0.0053240721   0.0006840741   0.0030378090  -0.0039281472  -0.0007527002
       -0.0008881160  -0.0003670143   0.0002037280  -0.0001452662   0.0001298687
        0.0001953695   0.0001331799   0.0001636516   0.0000277475   0.0001152674
       -0.0215947865  -0.0115262524   0.0145973411  -0.1507183427  -0.0034247944
        0.0700370648   0.4334183541  -0.0044960210   0.0015325695  -0.1407197398
        0.0054694650  -0.0694463029  -0.0212916118   0.0120357210  -0.0158410961
       -0.0015119406  -0.0046505015   0.0015343942   0.0004962023   0.0001032316
        0.0002280625   0.0010013355   0.0009648285  -0.0011367390  -0.0371863095
        0.0039303809   0.0096724656  -0.0146331631   0.0059143279   0.0180080870
       -0.0093429549  -0.0034507857  -0.0148757004  -0.0375427541  -0.0046231444
       -0.0142526658  -0.0018648577   0.0048633037  -0.0009446820   0.0008278671
       -0.0011590020   0.0010386327   0.0006627018   0.0000492426  -0.0001514311
       -0.0287402580   0.0000649601   0.0147899276  -0.0023928488  -0.0419654619
        0.0085664733  -0.0044960210   0.0805860523  -0.0255052187   0.0043284686
       -0.0439198194   0.0115022829   0.0280338344  -0.0002324004   0.0161086344
       -0.0036794343  -0.0057445788   0.0021967008   0.0003250702   0.0010028159
       -0.0004574257   0.0009332214   0.0028636723   0.0002713792   0.0080421141
        0.0017624369  -0.0048816838   0.0127181478   0.0020566189  -0.0095696225
       -0.0076796942   0.0020268352  -0.0075480808  -0.0097470152   0.0032386705
       -0.0070314510   0.0039949256  -0.0057611615   0.0014910535  -0.0012095506
        0.0025051185   0.0005704328  -0.0004309601   0.0015162415  -0.0005034020
        0.0167225154   0.0062990871  -0.0048838678   0.0488392037   0.0091468529
       -0.1223704250   0.0015325695  -0.0255052187   0.3063647767  -0.0477965623
        0.0100598200  -0.1298689929  -0.0131760992   0.0069533243  -0.0040904327
        0.0010733166   0.0030571126  -0.0004893304  -0.0000433438  -0.0003384431
       -0.0002946086  -0.0008123855  -0.0005277298   0.0005269310  -0.0144975083
       -0.0006592359   0.0088549901   0.0320610617  -0.0048684377  -0.0287322681
       -0.0315298041  -0.0036753484  -0.0335392369   0.0075758450  -0.0017443289
        0.0081779220  -0.0007324715   0.0023099495   0.0001559386   0.0007457088
       -0.0004032323   0.0005171905   0.0000379540  -0.0001041717  -0.0003285864
        0.0005344613   0.0008417599  -0.0005208886  -0.0394901142   0.0034401135
       -0.0102724219  -0.1407197398   0.0043284686  -0.0477965623   0.4414013145
        0.0158500433  -0.0607381653  -0.0722927275   0.0327507524   0.0029295748
        0.0004082802  -0.0003415596   0.0000077212   0.0001995516  -0.0001953366
        0.0000940218  -0.0002738420  -0.0000870947   0.0001883933  -0.0049631041
       -0.0009672328   0.0018986076   0.0016792234  -0.0011904535  -0.0019869921
       -0.0488950678   0.0146327479   0.0380502344  -0.1305650216  -0.0798747621
        0.0788430621  -0.0123880548   0.0235004279  -0.0034039180  -0.0012960535
        0.0042102138   0.0011388531   0.0066608943  -0.0168980880   0.0015684800
       -0.0007733425   0.0003325632   0.0002411765  -0.0027259967  -0.0059323838
       -0.0045671752   0.0054694650  -0.0439198194   0.0100598200   0.0158500433
        0.4493442150  -0.0018276605   0.0333000353  -0.1781624518   0.0054831891
       -0.0000508201  -0.0003987992   0.0001715285  -0.0001683548   0.0000463007
        0.0005126155  -0.0003354321  -0.0002653879  -0.0004103008   0.0026498682
        0.0005691232  -0.0003263338   0.0022930902   0.0010191710   0.0016834814
        0.0128364705  -0.0746289206  -0.0740907306  -0.0808835129  -0.1091812984
        0.0610476604   0.0009069963  -0.0006037328   0.0004915352   0.0072829395
       -0.0171041498  -0.0028137296   0.0043485505  -0.0211144295   0.0043449238
        0.0002201058   0.0002841136  -0.0001042969   0.0046205465  -0.0052066560
        0.0122828601  -0.0694463029   0.0115022829  -0.1298689929  -0.0607381653
       -0.0018276605   0.4947672915   0.0025841064   0.0046839650  -0.0655841375
        0.0002958815   0.0000516462  -0.0001048218  -0.0000621329   0.0001171093
        0.0001424834  -0.0002055966   0.0001547303   0.0000572882   0.0034056430
       -0.0006719407  -0.0001796278   0.0053112737   0.0000099972   0.0031518752
        0.0392223735  -0.0714748426  -0.2082628417   0.0757831877   0.0617900737
       -0.1035281777  -0.0057123279   0.0108852222  -0.0013940259   0.0099181749
       -0.0271606998   0.0003265242  -0.0051967676   0.0168626591  -0.0017014004
        0.0002280588  -0.0008062420   0.0007723258   0.0000096215   0.0012407214
       -0.0006715051  -0.0212916118   0.0280338344  -0.0131760992  -0.0722927275
        0.0333000353   0.0025841064   0.5144762968   0.0333786864  -0.0004760027
       -0.0002720477   0.0002239836  -0.0002085078  -0.0014780580   0.0002896667
       -0.0002755757   0.0000071279   0.0002274138   0.0001181680  -0.0009009127
        0.0000067501   0.0002553218  -0.0002661948   0.0001388082   0.0000075049
       -0.0011033354   0.0080013929   0.0016144495   0.0045626094  -0.0165129966
        0.0013025420  -0.2445808215  -0.0110380862  -0.0913119300  -0.0449291405
        0.0053410545   0.0146897076  -0.1321688645  -0.0818250224   0.0847754945
        0.0008641719  -0.0001741432  -0.0001940157  -0.0008004318  -0.0000974116
        0.0002960883   0.0120357210  -0.0002324004   0.0069533243   0.0327507524
       -0.1781624518   0.0046839650   0.0333786864   0.4617427585   0.0033428825
        0.0002742456   0.0001404636   0.0000200155  -0.0005092965   0.0001835830
       -0.0000131078   0.0000239865   0.0000638852   0.0000550143   0.0001104162
        0.0000798036  -0.0000039643  -0.0001000420   0.0000305571  -0.0000092934
        0.0060440029  -0.0172835722  -0.0022001721   0.0037595955  -0.0239660896
        0.0041085617  -0.0103834002  -0.0419601489  -0.0041666029   0.0046782866
       -0.0830857250  -0.0902314797  -0.0821266943  -0.1172791085   0.0773587842
       -0.0006042376  -0.0000406921  -0.0001116037   0.0005090576   0.0009036403
       -0.0002181767  -0.0158410961   0.0161086344  -0.0040904327   0.0029295748
        0.0054831891  -0.0655841375  -0.0004760027   0.0033428825   0.5275554460
       -0.0001411327   0.0000367172   0.0000479151   0.0005985417  -0.0001851510
       -0.0001921014   0.0000561036   0.0001415954   0.0002509531  -0.0004269307
        0.0000342729   0.0002612217  -0.0005626030  -0.0000478354  -0.0000354621
        0.0085606902  -0.0260806706  -0.0003015543  -0.0024622783   0.0173719979
       -0.0011141664  -0.0912756485  -0.0047331726  -0.0847189782   0.0144506726
       -0.0895190872  -0.2466377886   0.0846852891   0.0771836794  -0.1251111343
       -0.2637131100   0.0104994946   0.0704412986  -0.0117617908  -0.0008960460
        0.0041681402  -0.0015119406  -0.0036794343   0.0010733166   0.0004082802
       -0.0000508201   0.0002958815  -0.0002720477   0.0002742456  -0.0001411327
        0.3041132875  -0.0112522286  -0.0828667422  -0.0229992472   0.0031774822
        0.0039366028  -0.0045375589   0.0017466812   0.0031596255   0.0005628795
        0.0005206709   0.0001083289  -0.0000486686   0.0000048022  -0.0003135877
       -0.0000073049   0.0000624997  -0.0000001113  -0.0001118143  -0.0000265827
       -0.0000613641  -0.0000608493  -0.0001063587   0.0000638046   0.0000722380
       -0.0000993495  -0.0000833660  -0.0001323528  -0.0001750564   0.0002193053
        0.0111726587  -0.0417828132  -0.0038305641  -0.0245114142  -0.0005637784
        0.0084303508  -0.0046505015  -0.0057445788   0.0030571126  -0.0003415596
       -0.0003987992   0.0000516462   0.0002239836   0.0001404636   0.0000367172
       -0.0112522286   0.0490029610   0.0022715793   0.0130141547  -0.0003833838
       -0.0030925332   0.0175498653  -0.0011373280  -0.0068909903  -0.0008761667
        0.0007292448   0.0001803817  -0.0001288231   0.0000926728  -0.0000154016
        0.0000194067  -0.0000291118   0.0000525598  -0.0002345365   0.0000098518
       -0.0001325184   0.0001037424   0.0000368727  -0.0000254837  -0.0000132284
       -0.0000226988   0.0000210345  -0.0000753527   0.0000504253  -0.0001138910
        0.0704090951  -0.0033744902  -0.0659301176   0.0062457700   0.0005839552
       -0.0020308067   0.0015343942   0.0021967008  -0.0004893304   0.0000077212
        0.0001715285  -0.0001048218  -0.0002085078   0.0000200155   0.0000479151
       -0.0828667422   0.0022715793   0.0734759470  -0.0229488970   0.0018943967
        0.0059208958   0.0273205654  -0.0035795284  -0.0109467343   0.0005385550
        0.0000569918  -0.0001084995  -0.0001562615  -0.0001684602   0.0000116988
        0.0000004276   0.0000466847   0.0000226500   0.0001190523   0.0000017862
        0.0000642011  -0.0000694374  -0.0000319195   0.0000986816  -0.0000833563
       -0.0000234225   0.0000219106   0.0001576214  -0.0000658180  -0.0000535894
       -0.1201179536   0.0555204639  -0.0985315129   0.0055718117  -0.0024415151
        0.0055151929   0.0004962023   0.0003250702  -0.0000433438   0.0001995516
       -0.0001683548  -0.0000621329  -0.0014780580  -0.0005092965   0.0005985417
       -0.0229992472   0.0130141547  -0.0229488970   0.1387082087  -0.0646106541
        0.1149826662   0.0005375916  -0.0004663674  -0.0003519550   0.0006608690
       -0.0017299545   0.0006654819   0.0002586949   0.0002873114   0.0003838975
        0.0000516059  -0.0000668022  -0.0000302680  -0.0000151211   0.0000886400
       -0.0000608097  -0.0001506233   0.0000512189  -0.0000892989   0.0001318389
        0.0001433181  -0.0000649415  -0.0018553714   0.0005627673   0.0000373796
        0.0553794758  -0.0821094466   0.0698504376   0.0159354373  -0.0162841634
        0.0216652538   0.0001032316   0.0010028159  -0.0003384431  -0.0001953366
        0.0000463007   0.0001171093   0.0002896667   0.0001835830  -0.0001851510
        0.0031774822  -0.0003833838   0.0018943967  -0.0646106541   0.0963768041
       -0.0828594472  -0.0093735150   0.0065729746  -0.0125857353  -0.0015344524
       -0.0065481063   0.0020663628   0.0006853824   0.0008566550   0.0006917144
       -0.0000775173  -0.0003726197  -0.0001322920   0.0001756230  -0.0000834335
       -0.0001270986   0.0000315428  -0.0000097913   0.0000098168   0.0000193894
       -0.0000172923  -0.0000829303  -0.0000057557   0.0007691037   0.0000160060
       -0.0989301028   0.0703527790  -0.1710016111  -0.0036464206   0.0062344533
       -0.0054931017   0.0002280625  -0.0004574257  -0.0002946086   0.0000940218
        0.0005126155   0.0001424834  -0.0002755757  -0.0000131078  -0.0001921014
        0.0039366028  -0.0030925332   0.0059208958   0.1149826662  -0.0828594472
        0.1936019875  -0.0176222048   0.0089381864  -0.0248672957   0.0004369141
        0.0017961332   0.0006638722   0.0001963517  -0.0008608959   0.0007409516
        0.0000487615   0.0000131486   0.0000732180  -0.0000524531  -0.0000615171
        0.0000587568  -0.0002858855  -0.0001693799   0.0000537519   0.0001049949
       -0.0000268644  -0.0002458228   0.0007842670  -0.0003061449   0.0008386241
       -0.0448759761   0.0097998035   0.0119246198   0.0002673121  -0.0073235015
       -0.0072507125   0.0010013355   0.0009332214  -0.0008123855  -0.0002738420
       -0.0003354321  -0.0002055966   0.0000071279   0.0000239865   0.0000561036
       -0.0045375589   0.0175498653   0.0273205654   0.0005375916  -0.0093735150
       -0.0176222048   0.0479810290  -0.0094506852  -0.0136242638   0.0000148168
        0.0005418480   0.0000649138   0.0000548627  -0.0025238713   0.0001856878
        0.0000096219   0.0000899270   0.0001231258   0.0000188023   0.0000413078
       -0.0000096977   0.0001177058   0.0000503026   0.0000537498  -0.0002932231
        0.0000066719   0.0001443176  -0.0000296055  -0.0000299287  -0.0003482227
        0.0089531190  -0.1171336402  -0.1113996359  -0.0003126552  -0.0220043354
       -0.0243717729   0.0009648285   0.0028636723  -0.0005277298  -0.0000870947
       -0.0002653879   0.0001547303   0.0002274138   0.0000638852   0.0001415954
        0.0017466812  -0.0011373280  -0.0035795284  -0.0004663674   0.0065729746
        0.0089381864  -0.0094506852   0.1374574665   0.1303615968   0.0001101447
        0.0003544786  -0.0006919741  -0.0019916177  -0.0067717351   0.0008461655
        0.0002507582  -0.0001150758   0.0001271514   0.0001039780  -0.0000424093
       -0.0000190975   0.0001049417  -0.0000159395   0.0000180378  -0.0000573159
        0.0000751910   0.0000381473  -0.0000961289   0.0000981832  -0.0000358723
        0.0117557748  -0.1118824332  -0.2125562415  -0.0010140832  -0.0000961786
        0.0038347587  -0.0011367390   0.0002713792   0.0005269310   0.0001883933
       -0.0004103008   0.0000572882   0.0001181680   0.0000550143   0.0002509531
        0.0031596255  -0.0068909903  -0.0109467343  -0.0003519550  -0.0125857353
       -0.0248672957  -0.0136242638   0.1303615968   0.2426331283   0.0002284404
        0.0002718363   0.0004043592   0.0006799999   0.0008065881   0.0009580411
        0.0000543163   0.0000405155  -0.0000152071   0.0000061278   0.0000533954
        0.0000269998   0.0001561658   0.0000721550  -0.0000475930  -0.0000776247
        0.0000136363   0.0001824586  -0.0001423460  -0.0000804790  -0.0004418463
        0.0037055287  -0.0025061408   0.0025405603  -0.1259427545   0.0618975577
       -0.0912578286  -0.0371863095   0.0080421141  -0.0144975083  -0.0049631041
        0.0026498682   0.0034056430  -0.0009009127   0.0001104162  -0.0004269307
        0.0005628795  -0.0008761667   0.0005385550   0.0006608690  -0.0015344524
        0.0004369141   0.0000148168   0.0001101447   0.0002284404   0.1668004936
       -0.0695863881   0.1040366551  -0.0020646401   0.0014718591  -0.0052531275
        0.0003303522   0.0001114975   0.0006678734  -0.0008537439   0.0000552927
       -0.0003728537  -0.0001435663   0.0002816868  -0.0000768819   0.0000205380
       -0.0000770365  -0.0000257347  -0.0000404466  -0.0001502524   0.0000562239
        0.0158562401  -0.0188060856   0.0214473892   0.0610525381  -0.0831030155
        0.0599339082   0.0039303809   0.0017624369  -0.0006592359  -0.0009672328
        0.0005691232  -0.0006719407   0.0000067501   0.0000798036   0.0000342729
        0.0005206709   0.0007292448   0.0000569918  -0.0017299545  -0.0065481063
        0.0017961332   0.0005418480   0.0003544786   0.0002718363  -0.0695863881
        0.0985927493  -0.0719993126  -0.0094194122   0.0064297280  -0.0103136293
       -0.0001046113  -0.0000431454  -0.0000148696  -0.0000107299   0.0000147486
        0.0001082251   0.0000077558   0.0000276348  -0.0000136377  -0.0000062392
       -0.0000192623   0.0000290182  -0.0000916157  -0.0000403327  -0.0000051490
       -0.0033064384   0.0065285305  -0.0049244005  -0.0951924676   0.0594499800
       -0.1372754586   0.0096724656  -0.0048816838   0.0088549901   0.0018986076
       -0.0003263338  -0.0001796278   0.0002553218  -0.0000039643   0.0002612217
        0.0001083289   0.0001803817  -0.0001084995   0.0006654819   0.0020663628
        0.0006638722   0.0000649138  -0.0006919741   0.0004043592   0.1040366551
       -0.0719993126   0.1529313604  -0.0186511450   0.0096191478  -0.0212799750
        0.0000614376   0.0001889007   0.0001942107   0.0002987177   0.0000684098
        0.0003432116   0.0000605768  -0.0001095763   0.0000428545  -0.0000152284
        0.0000141310   0.0000551207   0.0000427726  -0.0001029993   0.0000167604
        0.0005382279  -0.0059316263  -0.0063100460  -0.0427051762  -0.0074187441
       -0.0195958957  -0.0146331631   0.0127181478   0.0320610617   0.0016792234
        0.0022930902   0.0053112737  -0.0002661948  -0.0001000420  -0.0005626030
       -0.0000486686  -0.0001288231  -0.0001562615   0.0002586949   0.0006853824
        0.0001963517   0.0000548627  -0.0019916177   0.0006799999  -0.0020646401
       -0.0094194122  -0.0186511450   0.0566651069   0.0099043165   0.0085195203
        0.0000671771  -0.0005469570  -0.0015365666   0.0004328549   0.0001821990
        0.0001680431  -0.0000281099   0.0000013170  -0.0000098649   0.0000307763
       -0.0002548002  -0.0000841032   0.0000190287   0.0000075697  -0.0000297645
       -0.0049994800  -0.0225614621  -0.0238396436  -0.0095491611  -0.1008412086
       -0.0898367048   0.0059143279   0.0020566189  -0.0048684377  -0.0011904535
        0.0010191710   0.0000099972   0.0001388082   0.0000305571  -0.0000478354
        0.0000048022   0.0000926728  -0.0001684602   0.0002873114   0.0008566550
       -0.0008608959  -0.0025238713  -0.0067717351   0.0008065881   0.0014718591
        0.0064297280   0.0096191478   0.0099043165   0.1202571979   0.1087872492
        0.0007879472  -0.0001947437   0.0001692960  -0.0001203314  -0.0000598553
        0.0002322966   0.0000114578  -0.0000185331   0.0000256002  -0.0001065322
       -0.0000496315   0.0000475027  -0.0000310007  -0.0002454313  -0.0000757001
       -0.0008133684   0.0003251144   0.0027124424  -0.0193631469  -0.0923100200
       -0.1843523257   0.0180080870  -0.0095696225  -0.0287322681  -0.0019869921
        0.0016834814   0.0031518752   0.0000075049  -0.0000092934  -0.0000354621
       -0.0003135877  -0.0000154016   0.0000116988   0.0003838975   0.0006917144
        0.0007409516   0.0001856878   0.0008461655   0.0009580411  -0.0052531275
       -0.0103136293  -0.0212799750   0.0085195203   0.1087872492   0.2258055020
        0.0012432556  -0.0001726337   0.0008718916  -0.0004891997  -0.0000580504
        0.0000927357   0.0000184292   0.0000612728   0.0000492581  -0.0001471202
        0.0000862505   0.0000136460   0.0000001602  -0.0000325975  -0.0000080115
       -0.0002594797   0.0000906167   0.0003285174   0.0015878392  -0.0024841431
       -0.0053240721  -0.0093429549  -0.0076796942  -0.0315298041  -0.0488950678
        0.0128364705   0.0392223735  -0.0011033354   0.0060440029   0.0085606902
       -0.0000073049   0.0000194067   0.0000004276   0.0000516059  -0.0000775173
        0.0000487615   0.0000096219   0.0002507582   0.0000543163   0.0003303522
       -0.0001046113   0.0000614376   0.0000671771   0.0007879472   0.0012432556
        0.0620402507  -0.0179541265  -0.0326941188  -0.0045386004   0.0064248855
        0.0205388315  -0.0000920357   0.0001274480   0.0001951837  -0.0001717412
        0.0024669261  -0.0004331398   0.0003236730  -0.0007483693  -0.0002726601
       -0.0000746093   0.0000285696  -0.0002224344   0.0006978912   0.0013380772
        0.0006840741  -0.0034507857   0.0020268352  -0.0036753484   0.0146327479
       -0.0746289206  -0.0714748426   0.0080013929  -0.0172835722  -0.0260806706
        0.0000624997  -0.0000291118   0.0000466847  -0.0000668022  -0.0003726197
        0.0000131486   0.0000899270  -0.0001150758   0.0000405155   0.0001114975
       -0.0000431454   0.0001889007  -0.0005469570  -0.0001947437  -0.0001726337
       -0.0179541265   0.0886064531   0.0870017859  -0.0040568122   0.0061341407
        0.0147954924  -0.0001036887   0.0002205237  -0.0001597839   0.0028514984
       -0.0065463188  -0.0001774727  -0.0001936732   0.0008589085  -0.0008074157
       -0.0000329239  -0.0000568440   0.0000847533   0.0020422477   0.0013649414
        0.0030378090  -0.0148757004  -0.0075480808  -0.0335392369   0.0380502344
       -0.0740907306  -0.2082628417   0.0016144495  -0.0022001721  -0.0003015543
       -0.0000001113   0.0000525598   0.0000226500  -0.0000302680  -0.0001322920
        0.0000732180   0.0001231258   0.0001271514  -0.0000152071   0.0006678734
       -0.0000148696   0.0001942107  -0.0015365666   0.0001692960   0.0008718916
       -0.0326941188   0.0870017859   0.2545684649   0.0067740996  -0.0052384989
       -0.0184392063   0.0002780801   0.0000871894   0.0000782824   0.0000753706
       -0.0001004557   0.0010214495  -0.0004557920   0.0005790198   0.0006053168
       -0.0008344378  -0.0001073341   0.0003636756  -0.0041853244  -0.0034238983
       -0.0039281472  -0.0375427541  -0.0097470152   0.0075758450  -0.1305650216
       -0.0808835129   0.0757831877   0.0045626094   0.0037595955  -0.0024622783
       -0.0001118143  -0.0002345365   0.0001190523  -0.0000151211   0.0001756230
       -0.0000524531   0.0000188023   0.0001039780   0.0000061278  -0.0008537439
       -0.0000107299   0.0002987177   0.0004328549  -0.0001203314  -0.0004891997
       -0.0045386004  -0.0040568122   0.0067740996   0.1724013013   0.0919381630
       -0.0831134566   0.0005450417   0.0008072212  -0.0002967971   0.0001251504
       -0.0000343255  -0.0003091914   0.0005610576   0.0018339153  -0.0002691825
       -0.0001090225   0.0001260537   0.0000499875   0.0012463791  -0.0000000390
       -0.0007527002  -0.0046231444   0.0032386705  -0.0017443289  -0.0798747621
       -0.1091812984   0.0617900737  -0.0165129966  -0.0239660896   0.0173719979
       -0.0000265827   0.0000098518   0.0000017862   0.0000886400  -0.0000834335
       -0.0000615171   0.0000413078  -0.0000424093   0.0000533954   0.0000552927
        0.0000147486   0.0000684098   0.0001821990  -0.0000598553  -0.0000580504
        0.0064248855   0.0061341407  -0.0052384989   0.0919381630   0.1296040569
       -0.0726409673  -0.0004776671   0.0006256293   0.0001162865  -0.0006136108
        0.0004631498   0.0002291621   0.0022609191  -0.0068831763   0.0008149637
       -0.0003684869  -0.0000261693   0.0002353191  -0.0018363744  -0.0009068990
       -0.0008881160  -0.0142526658  -0.0070314510   0.0081779220   0.0788430621
        0.0610476604  -0.1035281777   0.0013025420   0.0041085617  -0.0011141664
       -0.0000613641  -0.0001325184   0.0000642011  -0.0000608097  -0.0001270986
        0.0000587568  -0.0000096977  -0.0000190975   0.0000269998  -0.0003728537
        0.0001082251   0.0003432116   0.0001680431   0.0002322966   0.0000927357
        0.0205388315   0.0147954924  -0.0184392063  -0.0831134566  -0.0726409673
        0.1137235619  -0.0001330266   0.0003534458  -0.0001340205  -0.0001551767
       -0.0007577197   0.0003602351  -0.0004885667   0.0009962388   0.0010207440
       -0.0003315438  -0.0001905315   0.0002031167   0.0003694912   0.0001216177
       -0.0003670143  -0.0018648577   0.0039949256  -0.0007324715  -0.0123880548
        0.0009069963  -0.0057123279  -0.2445808215  -0.0103834002  -0.0912756485
       -0.0000608493   0.0001037424  -0.0000694374  -0.0001506233   0.0000315428
       -0.0002858855   0.0001177058   0.0001049417   0.0001561658  -0.0001435663
        0.0000077558   0.0000605768  -0.0000281099   0.0000114578   0.0000184292
       -0.0000920357  -0.0001036887   0.0002780801   0.0005450417  -0.0004776671
       -0.0001330266   0.2818997758   0.0107277071   0.1071271470  -0.0001830128
       -0.0010297336  -0.0017286117  -0.0231085394  -0.0038256661  -0.0075390921
       -0.0002839553   0.0001854528   0.0000202678   0.0004762472  -0.0005266562
        0.0002037280   0.0048633037  -0.0057611615   0.0023099495   0.0235004279
       -0.0006037328   0.0108852222  -0.0110380862  -0.0419601489  -0.0047331726
       -0.0001063587   0.0000368727  -0.0000319195   0.0000512189  -0.0000097913
       -0.0001693799   0.0000503026  -0.0000159395   0.0000721550   0.0002816868
        0.0000276348  -0.0001095763   0.0000013170  -0.0000185331   0.0000612728
        0.0001274480   0.0002205237   0.0000871894   0.0008072212   0.0006256293
        0.0003534458   0.0107277071   0.0493792020   0.0040140529  -0.0122172805
       -0.0004601099  -0.0065497382  -0.0172411997  -0.0011192420  -0.0064134971
        0.0001908203  -0.0000365204  -0.0000222728   0.0000207677   0.0001508466
       -0.0001452662  -0.0009446820   0.0014910535   0.0001559386  -0.0034039180
        0.0004915352  -0.0013940259  -0.0913119300  -0.0041666029  -0.0847189782
        0.0000638046  -0.0000254837   0.0000986816  -0.0000892989   0.0000098168
        0.0000537519   0.0000537498   0.0000180378  -0.0000475930  -0.0000768819
       -0.0000136377   0.0000428545  -0.0000098649   0.0000256002   0.0000492581
        0.0001951837  -0.0001597839   0.0000782824  -0.0002967971   0.0001162865
       -0.0001340205   0.1071271470   0.0040140529   0.0950286540  -0.0284317510
       -0.0034494133  -0.0160401631   0.0169136507   0.0015342124   0.0069948985
       -0.0000238681   0.0000013171   0.0000374158  -0.0002637135   0.0003399138
        0.0001298687   0.0008278671  -0.0012095506   0.0007457088  -0.0012960535
        0.0072829395   0.0099181749  -0.0449291405   0.0046782866   0.0144506726
        0.0000722380  -0.0000132284  -0.0000833563   0.0001318389   0.0000193894
        0.0001049949  -0.0002932231  -0.0000573159  -0.0000776247   0.0000205380
       -0.0000062392  -0.0000152284   0.0000307763  -0.0001065322  -0.0001471202
       -0.0001717412   0.0028514984   0.0000753706   0.0001251504  -0.0006136108
       -0.0001551767  -0.0001830128  -0.0122172805  -0.0284317510   0.0481599897
       -0.0076224106  -0.0173641024  -0.0022076457   0.0066728233   0.0208121533
       -0.0002366460   0.0000527123   0.0001663470   0.0000352969  -0.0001447576
        0.0001953695  -0.0011590020   0.0025051185  -0.0004032323   0.0042102138
       -0.0171041498  -0.0271606998   0.0053410545  -0.0830857250  -0.0895190872
       -0.0000993495  -0.0000226988  -0.0000234225   0.0001433181  -0.0000172923
       -0.0000268644   0.0000066719   0.0000751910   0.0000136363  -0.0000770365
       -0.0000192623   0.0000141310  -0.0002548002  -0.0000496315   0.0000862505
        0.0024669261  -0.0065463188  -0.0001004557  -0.0000343255   0.0004631498
       -0.0007577197  -0.0010297336  -0.0004601099  -0.0034494133  -0.0076224106
        0.0977007282   0.1056746850  -0.0016901773   0.0066530462   0.0152904755
       -0.0000770497   0.0000642576   0.0000727091  -0.0002562194  -0.0003526158
        0.0001331799   0.0010386327   0.0005704328   0.0005171905   0.0011388531
       -0.0028137296   0.0003265242   0.0146897076  -0.0902314797  -0.2466377886
       -0.0000833660   0.0000210345   0.0000219106  -0.0000649415  -0.0000829303
       -0.0002458228   0.0001443176   0.0000381473   0.0001824586  -0.0000257347
        0.0000290182   0.0000551207  -0.0000841032   0.0000475027   0.0000136460
       -0.0004331398  -0.0001774727   0.0010214495  -0.0003091914   0.0002291621
        0.0003602351  -0.0017286117  -0.0065497382  -0.0160401631  -0.0173641024
        0.1056746850   0.2825318650   0.0034149487  -0.0064662740  -0.0223125146
       -0.0015024951   0.0004773647  -0.0006965185   0.0002202330   0.0002239577
        0.0001636516   0.0006627018  -0.0004309601   0.0000379540   0.0066608943
        0.0043485505  -0.0051967676  -0.1321688645  -0.0821266943   0.0846852891
       -0.0001323528  -0.0000753527   0.0001576214  -0.0018553714  -0.0000057557
        0.0007842670  -0.0000296055  -0.0000961289  -0.0001423460  -0.0000404466
       -0.0000916157   0.0000427726   0.0000190287  -0.0000310007   0.0000001602
        0.0003236730  -0.0001936732  -0.0004557920   0.0005610576   0.0022609191
       -0.0004885667  -0.0231085394  -0.0172411997   0.0169136507  -0.0022076457
       -0.0016901773   0.0034149487   0.1525977328   0.0946717665  -0.0992203245
       -0.0003009715   0.0000694128   0.0001269256   0.0001552703  -0.0002820018
        0.0000277475   0.0000492426   0.0015162415  -0.0001041717  -0.0168980880
       -0.0211144295   0.0168626591  -0.0818250224  -0.1172791085   0.0771836794
       -0.0001750564   0.0000504253  -0.0000658180   0.0005627673   0.0007691037
       -0.0003061449  -0.0000299287   0.0000981832  -0.0000804790  -0.0001502524
       -0.0000403327  -0.0001029993   0.0000075697  -0.0002454313  -0.0000325975
       -0.0007483693   0.0008589085   0.0005790198   0.0018339153  -0.0068831763
        0.0009962388  -0.0038256661  -0.0011192420   0.0015342124   0.0066728233
        0.0066530462  -0.0064662740   0.0946717665   0.1369484007  -0.0901519982
        0.0005134683  -0.0002351327   0.0000867411  -0.0001518274   0.0005169048
        0.0001152674  -0.0001514311  -0.0005034020  -0.0003285864   0.0015684800
        0.0043449238  -0.0017014004   0.0847754945   0.0773587842  -0.1251111343
        0.0002193053  -0.0001138910  -0.0000535894   0.0000373796   0.0000160060
        0.0008386241  -0.0003482227  -0.0000358723  -0.0004418463   0.0000562239
       -0.0000051490   0.0000167604  -0.0000297645  -0.0000757001  -0.0000080115
       -0.0002726601  -0.0008074157   0.0006053168  -0.0002691825   0.0008149637
        0.0010207440  -0.0075390921  -0.0064134971   0.0069948985   0.0208121533
        0.0152904755  -0.0223125146  -0.0992203245  -0.0901519982   0.1402787307
