           1           2   1.00898611722147     
           2           3  0.975490480007405     
           3           4  0.973177735101009     
           4           5   1.00953955072582     
           1           6  0.984054723104465     
           1           7  0.983358360651726     
           1           8  0.986116132265382     
           2           9  0.970543390633887     
           2          10  0.967889378237975     
           4          11  0.968718349346539     
           4          12  0.971090552263678     
           5          13  0.984176791271917     
           5          14  0.986214513473638     
           5          15  0.982975566055498     
