           1           2   1.02083754974804     
           2           3   1.00777464645625     
           3           4  0.999099335482144     
           4           5  0.993624259210675     
           1           6  0.985612321115188     
           1           7  0.987055738318508     
           1           8  0.987330369811672     
           2           9  0.978707701175042     
           2          10  0.976586495030903     
           3          11  0.974745386583832     
           3          12  0.975697455143567     
           4          13  0.971038900185095     
           4          14  0.971123623883444     
           5          15  0.863164590610253     
