           1           2   1.01031171518787     
           2           3  0.973029232003326     
           3           4  0.973026311959147     
           4           5   1.01031607594456     
           1           6  0.986605096232748     
           1           7  0.983949873745462     
           1           8  0.984416170837870     
           2           9  0.971132597036022     
           2          10  0.968753823604556     
           4          11  0.971131029763398     
           4          12  0.968759908032656     
           5          13  0.986608650405975     
           5          14  0.983949641902957     
           5          15  0.984408929676843     
