           1           2   1.01031662648491     
           2           3  0.972959836377528     
           3           4  0.972952953735662     
           4           5   1.01032237589027     
           1           6  0.986692875480925     
           1           7  0.984005441075020     
           1           8  0.984159087542101     
           2           9  0.971302796699459     
           2          10  0.969248864703376     
           4          11  0.971304482406727     
           4          12  0.969247859884381     
           5          13  0.984005672643624     
           5          14  0.984158221067004     
           5          15  0.986693192687575     
