           1           2   1.02011567355654     
           2           3   1.00678220827553     
           3           4  0.999057353608030     
           4           5  0.990772035107515     
           1           6  0.986696740049393     
           1           7  0.987110886835384     
           1           8  0.986803534710569     
           2           9  0.978030379645120     
           2          10  0.977768227190567     
           3          11  0.976559560747725     
           3          12  0.975905189101230     
           4          13  0.970611985500041     
           4          14  0.973810375786867     
           5          15  0.861407178259161     
