           1           2   1.01940961269126     
           2           3   1.00884768354033     
           3           4  0.998269704814039     
           4           5  0.994002124258465     
           1           6  0.987653364807230     
           1           7  0.987560825878280     
           1           8  0.987091997025748     
           2           9  0.978456663346274     
           2          10  0.977188625171578     
           3          11  0.974693631411845     
           3          12  0.975651270947837     
           4          13  0.971062227554976     
           4          14  0.973332260854778     
           5          15  0.862107154112067     
