           1           2   1.43161179602101     
           2           3   1.45083897837932     
           1           4  0.101962370768149     
           3           4   1.38465599679559     
           2           5  0.110005012389427     
           4           5   1.40357197588448     
           1           6   1.44511080059977     
           3           6  0.111955575466906     
           5           6   1.43431025969781     
           4           7  0.936900123696220     
           7           8   1.19638460665055     
           7           9  0.185570487901376     
           8           9   1.74889772657490     
           1          10  0.968094633143224     
           2          11  0.967360371290644     
           3          12  0.965255390893997     
           5          13  0.965840958404851     
           6          14  0.968211180424693     
           8          15  0.914282940665484     
