$hessian                                                                        
        0.4795760725   0.0311122180   0.0005679046  -0.1570524543   0.0659613499
        0.0011950046  -0.0295587416   0.0101198050   0.0003608006  -0.0025065129
       -0.0025398954  -0.0000158127  -0.0025430341  -0.0000426513  -0.0000660832
       -0.1957956266  -0.1172968250  -0.0004440184  -0.0429072734   0.0020435207
       -0.0045023711  -0.0427933351   0.0007807137   0.0028749140  -0.0038524602
        0.0040986489   0.0018571594  -0.0040220683   0.0042334951  -0.0017527816
        0.0007581228   0.0007648717   0.0002322860   0.0008374403   0.0007986577
       -0.0002834610  -0.0001038379  -0.0000335799  -0.0000956158  -0.0001184741
       -0.0001098390   0.0001164134   0.0000821829   0.0001095099  -0.0000443390
        0.0311122180   0.5034603158  -0.0003244228   0.0649168414  -0.1100942602
       -0.0007338403  -0.0113934700   0.0074012281   0.0001801910  -0.0014462344
       -0.0016332469  -0.0000221944  -0.0016672324   0.0002629866  -0.0000337394
       -0.1167757979  -0.1302996822  -0.0002911691   0.0021158199  -0.1255545491
        0.1128463101   0.0007889354  -0.1209206290  -0.1112350872   0.0168547091
       -0.0121678767  -0.0028469993   0.0173220167  -0.0125594296   0.0024477610
       -0.0007812027   0.0008262949   0.0004634424  -0.0008583145   0.0009004770
       -0.0004642387  -0.0001691389   0.0002426304   0.0002021270  -0.0001299821
        0.0001815716  -0.0001435190   0.0001108324  -0.0000458308  -0.0000446213
        0.0005679046  -0.0003244228   0.5220040296   0.0011120733  -0.0007375306
       -0.0680151937  -0.0000477989   0.0001013203   0.0001025897   0.0000159566
        0.0000060355   0.0001648605   0.0000433543  -0.0000094235   0.0002743038
       -0.0004259884  -0.0002716478  -0.0445989389  -0.0042244900   0.1126335976
       -0.2015350156   0.0025358689  -0.1110264256  -0.2066569608   0.0206852969
       -0.0157374643  -0.0017361984  -0.0201970826   0.0154101522  -0.0010925614
       -0.0006792039   0.0004545965   0.0004885119   0.0006947218  -0.0004662825
        0.0005008554  -0.0001687279   0.0001053491   0.0000966896   0.0001354924
       -0.0001108099   0.0000642350  -0.0000473771  -0.0000270442  -0.0000612067
       -0.1570524543   0.0649168414   0.0011120733   0.4539240013  -0.0044153386
        0.0000325412  -0.1441108732  -0.0652528229  -0.0003595041  -0.0263442299
       -0.0113999105   0.0003560607  -0.0069782593   0.0015569570  -0.0001657857
       -0.0256193100   0.0131013343   0.0002507542  -0.0035844779   0.0043115159
       -0.0024518002  -0.0033690231   0.0041282548   0.0025790931  -0.0407643202
        0.0004256267   0.0012106067  -0.0407552470   0.0012339686  -0.0022246844
       -0.0035447087  -0.0039119773  -0.0020853128  -0.0031480948  -0.0037661222
        0.0019846152   0.0007742579  -0.0005609907  -0.0002520592   0.0005717152
       -0.0007940563   0.0001711409   0.0000010238   0.0004267199  -0.0001577390
        0.0659613499  -0.1100942602  -0.0007375306  -0.0044153386   0.4967601722
       -0.0013648040  -0.0636689708  -0.1125811422  -0.0002461983   0.0050875733
        0.0062677999  -0.0001052185   0.0070568059   0.0010589343   0.0001701533
       -0.0134543097   0.0086620924   0.0001673538   0.0167230813  -0.0132549771
        0.0028770283   0.0162840625  -0.0128200926  -0.0032829827  -0.0003237774
       -0.1167457189  -0.1045914990   0.0006342743  -0.1221030834   0.1070302480
       -0.0157406832  -0.0126625359  -0.0030989883  -0.0164122725  -0.0135294765
        0.0032023803   0.0012213406   0.0004776296   0.0002589281   0.0011238027
        0.0006848241  -0.0003086018  -0.0000769383  -0.0001201659   0.0000297314
        0.0011950046  -0.0007338403  -0.0680151937   0.0000325412  -0.0013648040
        0.5374923386  -0.0004805040  -0.0002640441  -0.0685483442   0.0002979379
        0.0003252135  -0.0002283820   0.0001271999   0.0000124901   0.0004776565
       -0.0000114918   0.0000261482   0.0003500069  -0.0207029429   0.0154394570
       -0.0010689378   0.0210748966  -0.0157219940  -0.0016795970   0.0008362163
       -0.1040657557  -0.2001667386  -0.0020465342   0.1063962252  -0.1959205753
       -0.0201557801  -0.0161622229  -0.0016636818   0.0198503481   0.0161414575
       -0.0016889117   0.0007392444   0.0002340818   0.0003671027  -0.0006906864
       -0.0002516930   0.0003847700  -0.0000654495  -0.0000107193  -0.0000915125
       -0.0295587416  -0.0113934700  -0.0000477989  -0.1441108732  -0.0636689708
       -0.0004805040   0.4498936241   0.0052350614   0.0039911475  -0.1305567410
        0.0596460141   0.0023983882  -0.0445795709   0.0047812492  -0.0011617745
       -0.0051375664   0.0025535956   0.0000545567   0.0009429247  -0.0007901505
        0.0002637213   0.0009521505  -0.0007761732  -0.0002790476  -0.0038053640
       -0.0043707026  -0.0023382928  -0.0035274151  -0.0041514117   0.0021503983
       -0.0415543675  -0.0004968341  -0.0016545403  -0.0419309144   0.0025290290
       -0.0027283759  -0.0045416123   0.0062151347   0.0026989138  -0.0043700355
        0.0049921307  -0.0023860270   0.0018845025  -0.0003045017  -0.0004807649
        0.0101198050   0.0074012281   0.0001013203  -0.0652528229  -0.1125811422
       -0.0002640441   0.0052350614   0.4949425172   0.0012387137   0.0664401352
       -0.1098502398  -0.0006247031  -0.0224412921   0.0077512487  -0.0004352045
        0.0042069265  -0.0007377220  -0.0000318862   0.0009496356   0.0008218942
       -0.0004120891   0.0008942558   0.0008074334   0.0004113894  -0.0160263665
       -0.0133439133  -0.0032567496  -0.0163859095  -0.0137756595   0.0030342592
       -0.0012870039  -0.1152237587  -0.1044476787   0.0028479489  -0.1220510603
        0.1060937133   0.0151661342  -0.0126159925  -0.0035732167   0.0159876474
       -0.0130323693   0.0025547825  -0.0004541550   0.0014875362  -0.0003886063
        0.0003608006   0.0001801910   0.0001025897  -0.0003595041  -0.0002461983
       -0.0685483442   0.0039911475   0.0012387137   0.5370418673   0.0012696887
       -0.0010561273  -0.0692530304  -0.0020417117   0.0015183529   0.0036975200
        0.0000966900  -0.0000239326   0.0005857059  -0.0008483408  -0.0003921635
        0.0003645460   0.0008288040   0.0004064427   0.0004125286  -0.0202474551
       -0.0168076622  -0.0018824974   0.0197833466   0.0164470733  -0.0015394383
       -0.0020606294  -0.1043033626  -0.2035589694  -0.0032881257   0.1057379303
       -0.1930437894   0.0204095199  -0.0178973662  -0.0034361726  -0.0190261783
        0.0161556049  -0.0012763207   0.0011319479  -0.0009574962   0.0003338049
       -0.0025065129  -0.0014462344   0.0000159566  -0.0263442299   0.0050875733
        0.0002979379  -0.1305567410   0.0664401352   0.0012696887   0.4167008358
       -0.0096161049   0.0040867283  -0.1675781988  -0.0833798894  -0.0154731857
       -0.0005638952   0.0005685829   0.0000088391  -0.0001478771  -0.0002352716
        0.0002940250  -0.0001570334  -0.0002277520  -0.0003071223   0.0002836097
        0.0008593429   0.0003990917   0.0003905464   0.0008405448  -0.0003708406
       -0.0035066268   0.0034382354   0.0020878709  -0.0040940794   0.0040253209
       -0.0017997289  -0.0379691733   0.0106614673   0.0113476168  -0.0394057045
        0.0074414150  -0.0070477660  -0.0045449197  -0.0044573656   0.0051908885
       -0.0025398954  -0.0016332469   0.0000060355  -0.0113999105   0.0062677999
        0.0003252135   0.0596460141  -0.1098502398  -0.0010561273  -0.0096161049
        0.4666945214  -0.0222352279  -0.0632997374  -0.0993517559   0.0066177799
       -0.0011300160   0.0004542549   0.0000052912  -0.0000676269   0.0002247119
       -0.0001725933  -0.0000540020   0.0002001379   0.0001529374  -0.0014391699
        0.0006319186   0.0002287986  -0.0013787283   0.0006779472  -0.0002440860
        0.0168219835  -0.0125537144  -0.0038047651   0.0173382432  -0.0134169900
        0.0028937386   0.0082594197  -0.1006208653  -0.0894262662   0.0094245215
       -0.1194837514   0.1065344082  -0.0205649908  -0.0182407280   0.0001748628
       -0.0000158127  -0.0000221944   0.0001648605   0.0003560607  -0.0001052185
       -0.0002283820   0.0023983882  -0.0006247031  -0.0692530304   0.0040867283
       -0.0222352279   0.5249089882  -0.0312611064  -0.0048904587  -0.0698988913
       -0.0000352107  -0.0000092553   0.0002230455   0.0000997899  -0.0000350168
        0.0000475512  -0.0000747778   0.0000537863   0.0000272637  -0.0010204617
        0.0001438482   0.0002848726   0.0008225750  -0.0001600263   0.0002613079
        0.0209880787  -0.0165775866  -0.0027167298  -0.0202243936   0.0160979597
       -0.0011756801   0.0103191042  -0.0880776052  -0.1907503844  -0.0106645265
        0.1032982984  -0.1937689394   0.0242255643   0.0131434002   0.0018741480
       -0.0025430341  -0.0016672324   0.0000433543  -0.0069782593   0.0070568059
        0.0001271999  -0.0445795709  -0.0224412921  -0.0020417117  -0.1675781988
       -0.0632997374  -0.0312611064   0.2675665535   0.1245790909   0.0448034115
       -0.0010124067   0.0002419724   0.0000017723   0.0001384556  -0.0000188638
       -0.0000761764   0.0001550910  -0.0000281230   0.0000665930   0.0005276577
        0.0000187978  -0.0000469451   0.0003761492   0.0000524118   0.0000120396
        0.0027346486  -0.0010489528   0.0001046969   0.0022520102  -0.0007239458
       -0.0003593831  -0.0140521195  -0.0182769163  -0.0109467684  -0.0065566655
       -0.0088606214   0.0048401914  -0.0304503111  -0.0155833939  -0.0052671679
       -0.0000426513   0.0002629866  -0.0000094235   0.0015569570   0.0010589343
        0.0000124901   0.0047812492   0.0077512487   0.0015183529  -0.0833798894
       -0.0993517559  -0.0048904587   0.1245790909   0.2971078281  -0.2006803632
        0.0001170139  -0.0000370737   0.0000080310  -0.0000389014  -0.0000238177
       -0.0000769448  -0.0000809882   0.0000230422   0.0001276422   0.0006741258
       -0.0000089937   0.0001971239   0.0003781668  -0.0001098491  -0.0001284321
       -0.0008914502   0.0009166388   0.0011318487   0.0006476562   0.0005719101
       -0.0010426157  -0.0258912784  -0.0201717098  -0.0093424226  -0.0224607796
       -0.0188443148   0.0041186192   0.0000516788  -0.1691450740   0.2090565525
       -0.0000660832  -0.0000337394   0.0002743038  -0.0001657857   0.0001701533
        0.0004776565  -0.0011617745  -0.0004352045   0.0036975200  -0.0154731857
        0.0066177799  -0.0698988913   0.0448034115  -0.2006803632   0.3371922479
       -0.0000091470   0.0000465565  -0.0000316781   0.0000210792  -0.0000046863
       -0.0000252786  -0.0000649019   0.0000690265   0.0000308017   0.0002503817
        0.0001445211   0.0001149131  -0.0001014232  -0.0000142728   0.0000111920
       -0.0004032906   0.0006266233   0.0003890870  -0.0001398247  -0.0005110724
        0.0000568246  -0.0248243328  -0.0188647161  -0.0010652371   0.0227334748
        0.0180765388   0.0004807398  -0.0253985981   0.1947928552  -0.2717042014
       -0.1957956266  -0.1167757979  -0.0004259884  -0.0256193100  -0.0134543097
       -0.0000114918  -0.0051375664   0.0042069265   0.0000966900  -0.0005638952
       -0.0011300160  -0.0000352107  -0.0010124067   0.0001170139  -0.0000091470
        0.2295362127   0.1337767427   0.0004690298  -0.0012836523  -0.0030827235
        0.0013496939  -0.0015022370  -0.0032430737  -0.0014268186   0.0004228013
       -0.0004373306   0.0002158742   0.0004159102  -0.0004358117  -0.0002304329
        0.0002262413   0.0002146364   0.0001501432   0.0002087726   0.0002279480
       -0.0001416834  -0.0000130958   0.0000262027   0.0000475461   0.0000128183
       -0.0000129543  -0.0000159001   0.0001050337   0.0000025472  -0.0000323045
       -0.1172968250  -0.1302996822  -0.0002716478   0.0131013343   0.0086620924
        0.0000261482   0.0025535956  -0.0007377220  -0.0000239326   0.0005685829
        0.0004542549  -0.0000092553   0.0002419724  -0.0000370737   0.0000465565
        0.1337767427   0.1498592574   0.0003530266  -0.0169691908  -0.0147615082
        0.0024895364  -0.0165269547  -0.0143005826  -0.0025685257   0.0001408961
        0.0005166298   0.0002285057   0.0001573872   0.0005289800  -0.0002205571
        0.0001633785  -0.0000039000   0.0001669893   0.0001721486   0.0000107155
       -0.0001745882  -0.0000658794   0.0000536151   0.0000480151  -0.0000594519
        0.0000583220  -0.0000398108   0.0000422636  -0.0000033986  -0.0000504604
       -0.0004440184  -0.0002911691  -0.0445989389   0.0002507542   0.0001673538
        0.0003500069   0.0000545567  -0.0000318862   0.0005857059   0.0000088391
        0.0000052912   0.0002230455   0.0000017723   0.0000080310  -0.0000316781
        0.0004690298   0.0003530266   0.0476769907   0.0215441529   0.0188386138
       -0.0020403968  -0.0218849487  -0.0190600713  -0.0022296642   0.0004907508
        0.0001370096  -0.0000003943  -0.0004955124  -0.0001201207   0.0000056812
        0.0001244929   0.0000379990   0.0000242695  -0.0001188202  -0.0000416850
        0.0000085978  -0.0000272496   0.0000241743  -0.0000004364   0.0000207045
       -0.0000179072  -0.0000010504   0.0000054960  -0.0000086598   0.0000282616
       -0.0429072734   0.0021158199  -0.0042244900  -0.0035844779   0.0167230813
       -0.0207029429   0.0009429247   0.0009496356  -0.0008483408  -0.0001478771
       -0.0000676269   0.0000997899   0.0001384556  -0.0000389014   0.0000210792
       -0.0012836523  -0.0169691908   0.0215441529   0.0503725696  -0.0056515967
        0.0053217769   0.0007279941  -0.0001992056  -0.0005821728   0.0006969340
       -0.0004400872  -0.0003532816  -0.0044559308   0.0039068058  -0.0007083658
       -0.0000403014  -0.0000472774  -0.0000005342  -0.0005459810  -0.0001732409
        0.0003616600   0.0000518494  -0.0000224795  -0.0000587537   0.0001202553
       -0.0000806704   0.0001037643  -0.0000854891  -0.0000050658   0.0000266585
        0.0020435207  -0.1255545491   0.1126335976   0.0043115159  -0.0132549771
        0.0154394570  -0.0007901505   0.0008218942  -0.0003921635  -0.0002352716
        0.0002247119  -0.0000350168  -0.0000188638  -0.0000238177  -0.0000046863
       -0.0030827235  -0.0147615082   0.0188386138  -0.0056515967   0.1452910025
       -0.1327588757  -0.0003402895   0.0097122089  -0.0142759802  -0.0004040959
       -0.0000504360   0.0003840053   0.0040347517  -0.0024993297   0.0003710507
        0.0000323999  -0.0001058151  -0.0000391277   0.0002512173   0.0002705226
       -0.0000818967   0.0000080476  -0.0000671204   0.0000013046  -0.0001416254
       -0.0000570359  -0.0000331839  -0.0000168362   0.0000542489  -0.0000470983
       -0.0045023711   0.1128463101  -0.2015350156  -0.0024518002   0.0028770283
       -0.0010689378   0.0002637213  -0.0004120891   0.0003645460   0.0002940250
       -0.0001725933   0.0000475512  -0.0000761764  -0.0000769448  -0.0000252786
        0.0013496939   0.0024895364  -0.0020403968   0.0053217769  -0.1327588757
        0.2311733148   0.0003055199   0.0151112786  -0.0287652996   0.0002743185
       -0.0004158516   0.0007357081  -0.0005000273   0.0005546029   0.0010880488
       -0.0000018499   0.0000467248  -0.0003602673  -0.0004062059  -0.0000777717
        0.0003138120   0.0000333315  -0.0000064179   0.0000128312   0.0001197002
       -0.0000026215  -0.0000013236  -0.0000236565  -0.0000023156   0.0000607073
       -0.0427933351   0.0007889354   0.0025358689  -0.0033690231   0.0162840625
        0.0210748966   0.0009521505   0.0008942558   0.0008288040  -0.0001570334
       -0.0000540020  -0.0000747778   0.0001550910  -0.0000809882  -0.0000649019
       -0.0015022370  -0.0165269547  -0.0218849487   0.0007279941  -0.0003402895
        0.0003055199   0.0502022612  -0.0041698643  -0.0035476538  -0.0044605531
        0.0039118930   0.0008591177   0.0006914231  -0.0004425659   0.0003370990
       -0.0005289107  -0.0001380060  -0.0003447459  -0.0000379085  -0.0000477871
        0.0000105753   0.0001242339  -0.0000856180  -0.0001111941   0.0000547878
       -0.0000153361   0.0000504831  -0.0000589407   0.0000222651   0.0000258578
        0.0007807137  -0.1209206290  -0.1110264256   0.0041282548  -0.0128200926
       -0.0157219940  -0.0007761732   0.0008074334   0.0004064427  -0.0002277520
        0.0002001379   0.0000537863  -0.0000281230   0.0000230422   0.0000690265
       -0.0032430737  -0.0143005826  -0.0190600713  -0.0001992056   0.0097122089
        0.0151112786  -0.0041698643   0.1397903916   0.1309309551   0.0040197118
       -0.0024726131  -0.0004973011  -0.0004032013  -0.0000574464  -0.0003953013
        0.0002358106   0.0002502546   0.0000758407   0.0000438845  -0.0000943051
        0.0000455574  -0.0001363888  -0.0000531039   0.0000332871  -0.0000058378
       -0.0000658261  -0.0000133284  -0.0000187557   0.0000011301  -0.0000117527
        0.0028749140  -0.1112350872  -0.2066569608   0.0025790931  -0.0032829827
       -0.0016795970  -0.0002790476   0.0004113894   0.0004125286  -0.0003071223
        0.0001529374   0.0000272637   0.0000665930   0.0001276422   0.0000308017
       -0.0014268186  -0.0025685257  -0.0022296642  -0.0005821728  -0.0142759802
       -0.0287652996  -0.0035476538   0.1309309551   0.2371467886   0.0006331816
       -0.0006651099   0.0010552954  -0.0002830174   0.0003986373   0.0007280024
        0.0003971310   0.0000637410   0.0003080133   0.0000153322  -0.0000342208
       -0.0003878151  -0.0001150827   0.0000051410   0.0000056334  -0.0000435659
        0.0000073339   0.0000118493   0.0000182362  -0.0000358708  -0.0000068399
       -0.0038524602   0.0168547091   0.0206852969  -0.0407643202  -0.0003237774
        0.0008362163  -0.0038053640  -0.0160263665  -0.0202474551   0.0002836097
       -0.0014391699  -0.0010204617   0.0005276577   0.0006741258   0.0002503817
        0.0004228013   0.0001408961   0.0004907508   0.0006969340  -0.0004040959
        0.0002743185  -0.0044605531   0.0040197118   0.0006331816   0.0537407730
       -0.0004794715  -0.0013464148   0.0012181006  -0.0001337818  -0.0002681428
       -0.0042250112  -0.0035165649  -0.0004809315   0.0007482116   0.0004596092
       -0.0002864641  -0.0005807374   0.0002017935   0.0004760622   0.0000094584
        0.0000709155   0.0000196228   0.0000408997  -0.0000985331  -0.0000159607
        0.0040986489  -0.0121678767  -0.0157374643   0.0004256267  -0.1167457189
       -0.1040657557  -0.0043707026  -0.0133439133  -0.0168076622   0.0008593429
        0.0006319186   0.0001438482   0.0000187978  -0.0000089937   0.0001445211
       -0.0004373306   0.0005166298   0.0001370096  -0.0004400872  -0.0000504360
       -0.0004158516   0.0039118930  -0.0024726131  -0.0006651099  -0.0004794715
        0.1372124666   0.1238795060  -0.0000524055   0.0091738829   0.0144475720
       -0.0037048867  -0.0028783838  -0.0006900913   0.0004400044  -0.0000147947
       -0.0004599702  -0.0002755272   0.0002109481   0.0001156358  -0.0000227061
       -0.0000624092   0.0000301490   0.0000288037  -0.0000007067  -0.0000563364
        0.0018571594  -0.0028469993  -0.0017361984   0.0012106067  -0.1045914990
       -0.2001667386  -0.0023382928  -0.0032567496  -0.0018824974   0.0003990917
        0.0002287986   0.0002848726  -0.0000469451   0.0001971239   0.0001149131
        0.0002158742   0.0002285057  -0.0000003943  -0.0003532816   0.0003840053
        0.0007357081   0.0008591177  -0.0004973011   0.0010552954  -0.0013464148
        0.1238795060   0.2292474671   0.0000839094  -0.0135237669  -0.0293195579
       -0.0005407631  -0.0007553639   0.0010066138   0.0003066682   0.0004327966
        0.0007153689  -0.0004234320   0.0001073994   0.0003411414   0.0000107144
        0.0000078311  -0.0003669420   0.0001059877   0.0000057131  -0.0000290517
       -0.0040220683   0.0173220167  -0.0201970826  -0.0407552470   0.0006342743
       -0.0020465342  -0.0035274151  -0.0163859095   0.0197833466   0.0003905464
       -0.0013787283   0.0008225750   0.0003761492   0.0003781668  -0.0001014232
        0.0004159102   0.0001573872  -0.0004955124  -0.0044559308   0.0040347517
       -0.0005000273   0.0006914231  -0.0004032013  -0.0002830174   0.0012181006
       -0.0000524055   0.0000839094   0.0537245129  -0.0015560862   0.0025862483
        0.0007655128   0.0004281439   0.0002897684  -0.0042508698  -0.0035552517
        0.0005325148   0.0000368444   0.0000768804  -0.0000311130  -0.0006601995
        0.0001849002  -0.0003415824   0.0000527307   0.0001150615  -0.0001020700
        0.0042334951  -0.0125594296   0.0154101522   0.0012339686  -0.1221030834
        0.1063962252  -0.0041514117  -0.0137756595   0.0164470733   0.0008405448
        0.0006779472  -0.0001600263   0.0000524118  -0.0001098491  -0.0000142728
       -0.0004358117   0.0005289800  -0.0001201207   0.0039068058  -0.0024993297
        0.0005546029  -0.0004425659  -0.0000574464   0.0003986373  -0.0001337818
        0.0091738829  -0.0135237669  -0.0015560862   0.1434703328  -0.1263607478
        0.0004685880  -0.0000138957   0.0004380654  -0.0038109915  -0.0029665298
        0.0007575461  -0.0000089636  -0.0000616703  -0.0000118058  -0.0002581822
        0.0002190858  -0.0000921267   0.0000619806   0.0000766649  -0.0001194355
       -0.0017527816   0.0024477610  -0.0010925614  -0.0022246844   0.1070302480
       -0.1959205753   0.0021503983   0.0030342592  -0.0015394383  -0.0003708406
       -0.0002440860   0.0002613079   0.0000120396  -0.0001284321   0.0000111920
       -0.0002304329  -0.0002205571   0.0000056812  -0.0007083658   0.0003710507
        0.0010880488   0.0003370990  -0.0003953013   0.0007280024  -0.0002681428
        0.0144475720  -0.0293195579   0.0025862483  -0.1263607478   0.2239509034
       -0.0003042645  -0.0004740800   0.0007457566   0.0005055365   0.0006475006
        0.0010215040  -0.0000317117  -0.0000214336  -0.0003623926   0.0004163648
       -0.0000744859   0.0003286394  -0.0001164624  -0.0000592678   0.0000934897
        0.0007581228  -0.0007812027  -0.0006792039  -0.0035447087  -0.0157406832
       -0.0201557801  -0.0415543675  -0.0012870039  -0.0020606294  -0.0035066268
        0.0168219835   0.0209880787   0.0027346486  -0.0008914502  -0.0004032906
        0.0002262413   0.0001633785   0.0001244929  -0.0000403014   0.0000323999
       -0.0000018499  -0.0005289107   0.0002358106   0.0003971310  -0.0042250112
       -0.0037048867  -0.0005407631   0.0007655128   0.0004685880  -0.0003042645
        0.0517075965   0.0011563527   0.0014567122   0.0012690058  -0.0000604199
       -0.0002799470  -0.0044399391   0.0037545300   0.0007070357   0.0008203727
       -0.0004498233   0.0004734379  -0.0004416349   0.0002824266   0.0002788399
        0.0007648717   0.0008262949   0.0004545965  -0.0039119773  -0.0126625359
       -0.0161622229  -0.0004968341  -0.1152237587  -0.1043033626   0.0034382354
       -0.0125537144  -0.0165775866  -0.0010489528   0.0009166388   0.0006266233
        0.0002146364  -0.0000039000   0.0000379990  -0.0000472774  -0.0001058151
        0.0000467248  -0.0001380060   0.0002502546   0.0000637410  -0.0035165649
       -0.0028783838  -0.0007553639   0.0004281439  -0.0000138957  -0.0004740800
        0.0011563527   0.1352671784   0.1235664095   0.0000493693   0.0089956517
        0.0147007429   0.0035940234  -0.0027735590  -0.0008633698  -0.0004432950
        0.0000010209  -0.0006103981  -0.0000427251  -0.0000414767   0.0002495468
        0.0002322860   0.0004634424   0.0004885119  -0.0020853128  -0.0030989883
       -0.0016636818  -0.0016545403  -0.1044476787  -0.2035589694   0.0020878709
       -0.0038047651  -0.0027167298   0.0001046969   0.0011318487   0.0003890870
        0.0001501432   0.0001669893   0.0000242695  -0.0000005342  -0.0000391277
       -0.0003602673  -0.0003447459   0.0000758407   0.0003080133  -0.0004809315
       -0.0006900913   0.0010066138   0.0002897684   0.0004380654   0.0007457566
        0.0014567122   0.1235664095   0.2328229813  -0.0001454537  -0.0130660925
       -0.0288787010   0.0005299896  -0.0008254235   0.0010762646  -0.0003485185
        0.0004668960   0.0007071346   0.0002085697  -0.0003373249  -0.0003902833
        0.0008374403  -0.0008583145   0.0006947218  -0.0031480948  -0.0164122725
        0.0198503481  -0.0419309144   0.0028479489  -0.0032881257  -0.0040940794
        0.0173382432  -0.0202243936   0.0022520102   0.0006476562  -0.0001398247
        0.0002087726   0.0001721486  -0.0001188202  -0.0005459810   0.0002512173
       -0.0004062059  -0.0000379085   0.0000438845   0.0000153322   0.0007482116
        0.0004400044   0.0003066682  -0.0042508698  -0.0038109915   0.0005055365
        0.0012690058   0.0000493693  -0.0001454537   0.0526716153  -0.0028750623
        0.0034076130   0.0008275381  -0.0005791597  -0.0006326531  -0.0043370058
        0.0032864026  -0.0002455143  -0.0004697403  -0.0005410746   0.0004207715
        0.0007986577   0.0009004770  -0.0004662825  -0.0037661222  -0.0135294765
        0.0161414575   0.0025290290  -0.1220510603   0.1057379303   0.0040253209
       -0.0134169900   0.0160979597  -0.0007239458   0.0005719101  -0.0005110724
        0.0002279480   0.0000107155  -0.0000416850  -0.0001732409   0.0002705226
       -0.0000777717  -0.0000477871  -0.0000943051  -0.0000342208   0.0004596092
       -0.0000147947   0.0004327966  -0.0035552517  -0.0029665298   0.0006475006
       -0.0000604199   0.0089956517  -0.0130660925  -0.0028750623   0.1434571049
       -0.1258459193  -0.0005017861   0.0000753100   0.0005910258   0.0035290466
       -0.0026981689   0.0004250561   0.0001340047   0.0004896334  -0.0000306825
       -0.0002834610  -0.0004642387   0.0005008554   0.0019846152   0.0032023803
       -0.0016889117  -0.0027283759   0.1060937133  -0.1930437894  -0.0017997289
        0.0028937386  -0.0011756801  -0.0003593831  -0.0010426157   0.0000568246
       -0.0001416834  -0.0001745882   0.0000085978   0.0003616600  -0.0000818967
        0.0003138120   0.0000105753   0.0000455574  -0.0003878151  -0.0002864641
       -0.0004599702   0.0007153689   0.0005325148   0.0007575461   0.0010215040
       -0.0002799470   0.0147007429  -0.0288787010   0.0034076130  -0.1258459193
        0.2204234091   0.0003740501  -0.0004575330   0.0007105333  -0.0002757983
        0.0006274760   0.0011042835  -0.0005161869   0.0002056072   0.0003197089
       -0.0001038379  -0.0001691389  -0.0001687279   0.0007742579   0.0012213406
        0.0007392444  -0.0045416123   0.0151661342   0.0204095199  -0.0379691733
        0.0082594197   0.0103191042  -0.0140521195  -0.0258912784  -0.0248243328
       -0.0000130958  -0.0000658794  -0.0000272496   0.0000518494   0.0000080476
        0.0000333315   0.0001242339  -0.0001363888  -0.0001150827  -0.0005807374
       -0.0002755272  -0.0004234320   0.0000368444  -0.0000089636  -0.0000317117
       -0.0044399391   0.0035940234   0.0005299896   0.0008275381  -0.0005017861
        0.0003740501   0.0574043715  -0.0007914900  -0.0050795506   0.0016656343
       -0.0000418873  -0.0014124469   0.0008157857  -0.0003666257  -0.0003227054
       -0.0000335799   0.0002426304   0.0001053491  -0.0005609907   0.0004776296
        0.0002340818   0.0062151347  -0.0126159925  -0.0178973662   0.0106614673
       -0.1006208653  -0.0880776052  -0.0182769163  -0.0201717098  -0.0188647161
        0.0000262027   0.0000536151   0.0000241743  -0.0000224795  -0.0000671204
       -0.0000064179  -0.0000856180  -0.0000531039   0.0000051410   0.0002017935
        0.0002109481   0.0001073994   0.0000768804  -0.0000616703  -0.0000214336
        0.0037545300  -0.0027735590  -0.0008254235  -0.0005791597   0.0000753100
       -0.0004575330  -0.0007914900   0.1265844005   0.1123244674  -0.0006680663
        0.0085988460   0.0143191581   0.0000822916   0.0001206415  -0.0009692756
       -0.0000956158   0.0002021270   0.0000966896  -0.0002520592   0.0002589281
        0.0003671027   0.0026989138  -0.0035732167  -0.0034361726   0.0113476168
       -0.0894262662  -0.1907503844  -0.0109467684  -0.0093424226  -0.0010652371
        0.0000475461   0.0000480151  -0.0000004364  -0.0000587537   0.0000013046
        0.0000128312  -0.0001111941   0.0000332871   0.0000056334   0.0004760622
        0.0001156358   0.0003411414  -0.0000311130  -0.0000118058  -0.0003623926
        0.0007070357  -0.0008633698   0.0010762646  -0.0006326531   0.0005910258
        0.0007105333  -0.0050795506   0.1123244674   0.2199739316   0.0016061576
       -0.0120539774  -0.0289805151   0.0003243756   0.0016962675   0.0020110105
       -0.0001184741  -0.0001299821   0.0001354924   0.0005717152   0.0011238027
       -0.0006906864  -0.0043700355   0.0159876474  -0.0190261783  -0.0394057045
        0.0094245215  -0.0106645265  -0.0065566655  -0.0224607796   0.0227334748
        0.0000128183  -0.0000594519   0.0000207045   0.0001202553  -0.0001416254
        0.0001197002   0.0000547878  -0.0000058378  -0.0000435659   0.0000094584
       -0.0000227061   0.0000107144  -0.0006601995  -0.0002581822   0.0004163648
        0.0008203727  -0.0004432950  -0.0003485185  -0.0043370058   0.0035290466
       -0.0002757983   0.0016656343  -0.0006680663   0.0016061576   0.0557650045
       -0.0019281681   0.0055340102  -0.0035719615  -0.0039469237   0.0004726548
       -0.0001098390   0.0001815716  -0.0001108099  -0.0007940563   0.0006848241
       -0.0002516930   0.0049921307  -0.0130323693   0.0161556049   0.0074414150
       -0.1194837514   0.1032982984  -0.0088606214  -0.0188443148   0.0180765388
       -0.0000129543   0.0000583220  -0.0000179072  -0.0000806704  -0.0000570359
       -0.0000026215  -0.0000153361  -0.0000658261   0.0000073339   0.0000709155
       -0.0000624092   0.0000078311   0.0001849002   0.0002190858  -0.0000744859
       -0.0004498233   0.0000010209   0.0004668960   0.0032864026  -0.0026981689
        0.0006274760  -0.0000418873   0.0085988460  -0.0120539774  -0.0019281681
        0.1464843338  -0.1265891974  -0.0036824079  -0.0019841287   0.0004607133
        0.0001164134  -0.0001435190   0.0000642350   0.0001711409  -0.0003086018
        0.0003847700  -0.0023860270   0.0025547825  -0.0012763207  -0.0070477660
        0.1065344082  -0.1937689394   0.0048401914   0.0041186192   0.0004807398
       -0.0000159001  -0.0000398108  -0.0000010504   0.0001037643  -0.0000331839
       -0.0000013236   0.0000504831  -0.0000133284   0.0000118493   0.0000196228
        0.0000301490  -0.0003669420  -0.0003415824  -0.0000921267   0.0003286394
        0.0004734379  -0.0006103981   0.0007071346  -0.0002455143   0.0004250561
        0.0011042835  -0.0014124469   0.0143191581  -0.0289805151   0.0055340102
       -0.1265891974   0.2197011894   0.0001401726  -0.0001520072   0.0016122503
        0.0000821829   0.0001108324  -0.0000473771   0.0000010238  -0.0000769383
       -0.0000654495   0.0018845025  -0.0004541550   0.0011319479  -0.0045449197
       -0.0205649908   0.0242255643  -0.0304503111   0.0000516788  -0.0253985981
        0.0001050337   0.0000422636   0.0000054960  -0.0000854891  -0.0000168362
       -0.0000236565  -0.0000589407  -0.0000187557   0.0000182362   0.0000408997
        0.0000288037   0.0001059877   0.0000527307   0.0000619806  -0.0001164624
       -0.0004416349  -0.0000427251   0.0002085697  -0.0004697403   0.0001340047
       -0.0005161869   0.0008157857   0.0000822916   0.0003243756  -0.0035719615
       -0.0036824079   0.0001401726   0.0366408385   0.0243449537   0.0000073804
        0.0001095099  -0.0000458308  -0.0000270442   0.0004267199  -0.0001201659
       -0.0000107193  -0.0003045017   0.0014875362  -0.0009574962  -0.0044573656
       -0.0182407280   0.0131434002  -0.0155833939  -0.1691450740   0.1947928552
        0.0000025472  -0.0000033986  -0.0000086598  -0.0000050658   0.0000542489
       -0.0000023156   0.0000222651   0.0000011301  -0.0000358708  -0.0000985331
       -0.0000007067   0.0000057131   0.0001150615   0.0000766649  -0.0000592678
        0.0002824266  -0.0000414767  -0.0003373249  -0.0005410746   0.0004896334
        0.0002056072  -0.0003666257   0.0001206415   0.0016962675  -0.0039469237
       -0.0019841287  -0.0001520072   0.0243449537   0.1873516544  -0.2082531375
       -0.0000443390  -0.0000446213  -0.0000612067  -0.0001577390   0.0000297314
       -0.0000915125  -0.0004807649  -0.0003886063   0.0003338049   0.0051908885
        0.0001748628   0.0018741480  -0.0052671679   0.2090565525  -0.2717042014
       -0.0000323045  -0.0000504604   0.0000282616   0.0000266585  -0.0000470983
        0.0000607073   0.0000258578  -0.0000117527  -0.0000068399  -0.0000159607
       -0.0000563364  -0.0000290517  -0.0001020700  -0.0001194355   0.0000934897
        0.0002788399   0.0002495468  -0.0003902833   0.0004207715  -0.0000306825
        0.0003197089  -0.0003227054  -0.0009692756   0.0020110105   0.0004726548
        0.0004607133   0.0016122503   0.0000073804  -0.2082531375   0.2659497143
