           1           2   1.01939932794938     
           2           3   1.00719108746722     
           3           4  0.998356041613734     
           4           5  0.992753304078369     
           1           6  0.986794420985074     
           1           7  0.987453727735373     
           1           8  0.987576536923905     
           2           9  0.978067531920538     
           2          10  0.978409006696209     
           3          11  0.976699593254619     
           3          12  0.975694235502314     
           4          13  0.971104888602137     
           4          14  0.973878934200548     
           5          15  0.860479463357075     
