           1           2   1.02045148092402     
           2           3   1.00538995949379     
           3           4  0.997952437574770     
           4           5  0.993006791639969     
           1           6  0.987171355767663     
           1           7  0.983804095456023     
           1           8  0.987934753676736     
           2           9  0.976674947570004     
           2          10  0.979871537191617     
           3          11  0.976690772553011     
           3          12  0.975848554194144     
           4          13  0.971646462649807     
           4          14  0.973958437623343     
           5          15  0.867338373187496     
