           1           2   1.01036611700369     
           2           3  0.972986300142286     
           3           4  0.972978801777018     
           4           5   1.01036615723290     
           1           6  0.984628030704729     
           1           7  0.983939577058373     
           1           8  0.986565287832493     
           2           9  0.968711651399662     
           2          10  0.971087240532135     
           4          11  0.968709001483459     
           4          12  0.971087600629737     
           5          13  0.983940476560562     
           5          14  0.986570451405544     
           5          15  0.984627029974998     
