           1           2   1.01037212159739     
           2           3  0.972956108302556     
           3           4  0.972956969829956     
           4           5   1.01037937270835     
           1           6  0.984728797089323     
           1           7  0.986548055204349     
           1           8  0.983946697094340     
           2           9  0.971078253214086     
           2          10  0.968700537818162     
           4          11  0.971075527786623     
           4          12  0.968715053642848     
           5          13  0.986547045251117     
           5          14  0.983952249956918     
           5          15  0.984712172068998     
