$hessian                                                                        
        0.3900053750   0.0072849217   0.0000374014  -0.1886306351   0.0178976780
        0.0001216255  -0.0341689957  -0.0223420388  -0.0001031471   0.0038242986
        0.0016687438  -0.0000019629   0.0021565768  -0.0026072431   0.0000058237
       -0.0011146912  -0.0001455233  -0.0000029714  -0.0003734523  -0.0003060032
        0.0000004760  -0.0003019745  -0.0002935135  -0.0000000491   0.0005293411
        0.0002521850  -0.0000006916   0.0001635836   0.0005536614   0.0000017939
        0.0001178524  -0.0000762200  -0.0000003290  -0.0000606054   0.0001477112
       -0.0000002020  -0.0001271182  -0.0001104952  -0.0000000775  -0.0583255074
        0.0340679630  -0.0588957249  -0.0582377167   0.0324658141   0.0597193031
       -0.0543483627  -0.0686568033  -0.0008818022  -0.0001340807   0.0001340804
        0.0000004767  -0.0001548853   0.0000321510   0.0000004032  -0.0001532612
       -0.0000088604  -0.0000001964  -0.0006657410   0.0000417912  -0.0000001494
        0.0072849217   0.5447663338   0.0004288963   0.0328637000  -0.0698857832
       -0.0000821499  -0.0335891404  -0.0041589828  -0.0000300983  -0.0057799191
        0.0036868784   0.0000156927  -0.0023475015  -0.0044293401  -0.0000360493
       -0.0015333251   0.0000590833  -0.0000007818  -0.0001648810  -0.0003660348
        0.0000022387   0.0002091052   0.0000389956   0.0000002127  -0.0000853046
        0.0000723071   0.0000004722   0.0006043622  -0.0003681038   0.0000031217
       -0.0000464282  -0.0000357233   0.0000000626  -0.0000012089   0.0000172770
        0.0000001657   0.0000479460   0.0000679825  -0.0000001130   0.0324006155
       -0.0999411831   0.0943097540   0.0309189890  -0.0951147025  -0.0916061333
       -0.0608413596  -0.2747523490  -0.0030047013   0.0000141431   0.0000802478
       -0.0000011556  -0.0001135214   0.0000185900   0.0000000015   0.0000196958
        0.0000014112  -0.0000001081   0.0001391112   0.0002430959   0.0000006723
        0.0000374014   0.0004288963   0.4965725262   0.0001565914  -0.0000342058
       -0.0529234046  -0.0001432758  -0.0001080933   0.0006383733  -0.0000644213
        0.0000684986  -0.0038285937  -0.0000136794  -0.0000469888   0.0061169662
       -0.0000117644   0.0000006762   0.0001734716  -0.0000006698  -0.0000054191
       -0.0005435757   0.0000037672   0.0000018748  -0.0000419216  -0.0000024293
       -0.0000001941  -0.0001814310   0.0000110725  -0.0000061784  -0.0003206711
       -0.0000086740  -0.0000002290   0.0000842648   0.0000018619  -0.0000019394
       -0.0000101627   0.0000029761   0.0000025925   0.0000055284  -0.0546868364
        0.0953861506  -0.1995058613   0.0554980476  -0.0926999052  -0.2043944849
       -0.0007815573  -0.0029885140  -0.0421990340   0.0000005098   0.0000001740
        0.0001711725  -0.0000010978  -0.0000000444   0.0000184059  -0.0000000352
        0.0000002602   0.0000453319   0.0000022130   0.0000025882   0.0001230998
       -0.1886306351   0.0328637000   0.0001565914   0.4316123172   0.0630930263
        0.0001905820  -0.1152597224  -0.0737575596  -0.0002839982   0.0127258984
        0.0029802534  -0.0000193856  -0.0435025865  -0.0339859554  -0.0001411550
       -0.0068614698   0.0032217276   0.0000082900  -0.0012244172  -0.0016185028
        0.0000089011  -0.0015065588  -0.0000064574   0.0000028749   0.0004043469
       -0.0004802817   0.0000092158  -0.0027253891  -0.0028220973  -0.0000131948
        0.0042059084  -0.0003324258  -0.0000060202  -0.0011260872   0.0011699081
        0.0000011325  -0.0013674269  -0.0009532951   0.0000015014  -0.0320702226
        0.0066813382  -0.0075725738  -0.0320700717   0.0064698164   0.0077502776
       -0.0206860925  -0.0043575720  -0.0000698389   0.0006415862   0.0005566752
       -0.0000034973  -0.0004572985   0.0001201078   0.0000000848   0.0002007687
       -0.0000926559  -0.0000014869  -0.0023028473   0.0012502500  -0.0000183008
        0.0178976780  -0.0698857832  -0.0000342058   0.0630930263   0.4110374034
        0.0012813277  -0.0549789070  -0.2137729275  -0.0005804962  -0.0045955759
       -0.1247636493  -0.0006224779  -0.0248669192  -0.0048210469  -0.0000260259
        0.0007402788   0.0035520450   0.0000041315  -0.0006915836   0.0004033393
        0.0000035313  -0.0015073661   0.0000354440   0.0000003341   0.0002521589
        0.0001562702   0.0000019182   0.0030252275  -0.0029908569  -0.0000054422
        0.0037816744  -0.0002603028  -0.0000022799  -0.0009128560   0.0011009092
       -0.0000001205  -0.0011722911  -0.0009045904   0.0000015463   0.0157740796
       -0.0000622456  -0.0008219773   0.0150304951   0.0000064734   0.0008108027
       -0.0327724964  -0.0003883786  -0.0000047611   0.0013291360   0.0005399114
       -0.0000035895   0.0001206844   0.0001210614   0.0000026548  -0.0000191961
       -0.0000647898  -0.0000024297   0.0004727525   0.0009617138  -0.0000024404
        0.0001216255  -0.0000821499  -0.0529234046   0.0001905820   0.0012813277
        0.0720409568  -0.0002242462  -0.0005902491  -0.0548127005  -0.0000097743
       -0.0006283577   0.0256085217  -0.0000999263  -0.0000396649   0.0054893636
        0.0000051388   0.0000131269   0.0010019091  -0.0000041422   0.0000055899
       -0.0002838828  -0.0000085557  -0.0000046647  -0.0000807279   0.0000032822
       -0.0000023658  -0.0008167233  -0.0000030571   0.0000040623   0.0009714034
        0.0000234494  -0.0000008287   0.0002237938  -0.0000058572   0.0000071646
       -0.0000028635  -0.0000077448  -0.0000051976  -0.0000626030  -0.0278704531
       -0.0001559294   0.0015899968   0.0282664438   0.0001805626   0.0016126050
       -0.0003749106   0.0000162161   0.0002840314   0.0000064627   0.0000026905
        0.0000163508   0.0000001286   0.0000008585   0.0000085122   0.0000014073
       -0.0000001372  -0.0000139819  -0.0000098527  -0.0000020542   0.0001494429
       -0.0341689957  -0.0335891404  -0.0001432758  -0.1152597224  -0.0549789070
       -0.0002242462   0.5732258653  -0.1530839419  -0.0006458774  -0.2077340303
        0.2408367906   0.0009709853  -0.1651864469   0.0060833233   0.0000450158
       -0.0277987547  -0.0169239750  -0.0000123656  -0.0007430166  -0.0016903259
        0.0000069929   0.0065695795  -0.0009418444  -0.0000059379   0.0013624761
        0.0008057831   0.0000070630  -0.0173045623   0.0184000874   0.0000403067
       -0.0157957199   0.0012013692   0.0000060165   0.0044529934  -0.0047282164
       -0.0000040060   0.0050491446   0.0039025483  -0.0000007944  -0.0001172886
       -0.0022698798  -0.0000751901  -0.0001358957  -0.0022607994   0.0000325784
       -0.0079837505  -0.0001677392   0.0000085055   0.0001869031   0.0006245637
        0.0000053962  -0.0002690998  -0.0002372107  -0.0000004268   0.0000490087
        0.0002228953  -0.0000009929   0.0016013127  -0.0012053808  -0.0000097472
       -0.0223420388  -0.0041589828  -0.0001080933  -0.0737575596  -0.2137729275
       -0.0005902491  -0.1530839419   0.7694715454   0.0022616156   0.2334696839
       -0.4840883292  -0.0016398367   0.0116556959  -0.0556207671   0.0000322313
       -0.0193253796   0.0025271030   0.0000154707  -0.0040839059  -0.0040709484
       -0.0000042210   0.0001293612  -0.0011702086   0.0000021945   0.0016151059
       -0.0044105514  -0.0000047487   0.0227907471  -0.0038256392  -0.0000169708
        0.0005966738  -0.0002233185  -0.0000002318  -0.0002176552   0.0002064778
        0.0000033796  -0.0003537504  -0.0002502138  -0.0000012777   0.0023728756
        0.0022839592   0.0025149235   0.0023687531   0.0022832754  -0.0024718800
        0.0001725281  -0.0018455137   0.0000093017  -0.0028310445  -0.0016704286
       -0.0000052439  -0.0014426764  -0.0000081319  -0.0000045078   0.0011452096
       -0.0002025026   0.0000041968   0.0011213181  -0.0014538974   0.0000039472
       -0.0001031471  -0.0000300983   0.0006383733  -0.0002839982  -0.0005804962
       -0.0548127005  -0.0006458774   0.0022616156   0.1723884125   0.0009527022
       -0.0016959153  -0.0621121009   0.0000633129   0.0000991851  -0.0688282262
        0.0000311220   0.0000097798   0.0009883792   0.0000061800  -0.0000082895
        0.0083033696  -0.0000023468   0.0000051376   0.0006331660  -0.0000009135
        0.0000036231   0.0084682136   0.0000099698  -0.0000306836   0.0000874843
       -0.0000034630   0.0000001687  -0.0030757837   0.0000001583  -0.0000003711
        0.0004685269   0.0000007018  -0.0000007034   0.0004628100  -0.0012341497
       -0.0008436662   0.0008958866   0.0012675663   0.0008547150   0.0008532955
       -0.0000461457  -0.0000312108   0.0006305042  -0.0000094158  -0.0000080077
       -0.0026084280  -0.0000009533   0.0000002180  -0.0004342865  -0.0000029557
       -0.0000010944  -0.0003990332   0.0000016529  -0.0000039064  -0.0025478629
        0.0038242986  -0.0057799191  -0.0000644213   0.0127258984  -0.0045955759
       -0.0000097743  -0.2077340303   0.2334696839   0.0009527022   0.2362107053
       -0.2764387776  -0.0011089702  -0.0382749994   0.0468474510   0.0001937257
       -0.0003018061   0.0043400193   0.0000152706   0.0014307566   0.0002486529
       -0.0000105853  -0.0018325907   0.0007913809   0.0000002632  -0.0018736366
        0.0023185260  -0.0000110516  -0.0082681088  -0.0023704412  -0.0000000646
        0.0049960437  -0.0003709810   0.0000019107  -0.0015400852   0.0014086611
        0.0000007822  -0.0015743219  -0.0011080595   0.0000003396   0.0008232794
        0.0012672395   0.0010908134   0.0008304400   0.0013112530  -0.0010697011
        0.0013281283  -0.0009149211   0.0000095829  -0.0001696327   0.0001115136
        0.0000016376   0.0001218332   0.0001172952   0.0000012315  -0.0006990843
       -0.0000634582   0.0000014225  -0.0000230875  -0.0005895424   0.0000048863
        0.0016687438   0.0036868784   0.0000684986   0.0029802534  -0.1247636493
       -0.0006283577   0.2408367906  -0.4840883292  -0.0016959153  -0.2764387776
        0.6253155015   0.0024179093   0.0314128354  -0.0231806048  -0.0001571468
       -0.0056628484  -0.0034241155   0.0000007636   0.0001785894   0.0001926744
        0.0000094459   0.0008982062  -0.0002294025  -0.0000009235   0.0019902172
       -0.0006394235   0.0000090626   0.0030570798   0.0033704598   0.0000050941
       -0.0038228291   0.0002452982  -0.0000013703   0.0010857554  -0.0010356047
       -0.0000024602   0.0011771906   0.0010144705   0.0000015431  -0.0002931658
       -0.0001559321  -0.0009177031  -0.0002874410  -0.0001233166   0.0008870902
        0.0009423780   0.0014810785   0.0000125744   0.0006868337   0.0013095206
        0.0000039266   0.0000716947  -0.0000905153   0.0000031362   0.0002715703
        0.0001520771  -0.0000047964  -0.0007530766   0.0009629345  -0.0000103712
       -0.0000019629   0.0000156927  -0.0038285937  -0.0000193856  -0.0006224779
        0.0256085217   0.0009709853  -0.0016398367  -0.0621121009  -0.0011089702
        0.0024179093   0.0255046976   0.0001409074  -0.0001712339   0.0158958258
       -0.0000218489  -0.0000159096   0.0005571377  -0.0000021756   0.0000029740
       -0.0010930319   0.0000050788  -0.0000049036  -0.0001522788   0.0000039555
       -0.0000090430  -0.0013721458   0.0000170956   0.0000206714   0.0013751492
       -0.0000108756  -0.0000000117   0.0004462989   0.0000027413  -0.0000028109
       -0.0000835702   0.0000043358   0.0000041062  -0.0000586347  -0.0000553486
        0.0005437548  -0.0005236734   0.0000772514  -0.0005531578  -0.0004917063
        0.0000015491   0.0000064092   0.0000585347  -0.0000039303   0.0000053964
       -0.0000789792  -0.0000003097  -0.0000008643   0.0000771696   0.0000033129
        0.0000009191   0.0000329638  -0.0000024058   0.0000024163   0.0002384160
        0.0021565768  -0.0023475015  -0.0000136794  -0.0435025865  -0.0248669192
       -0.0000999263  -0.1651864469   0.0116556959   0.0000633129  -0.0382749994
        0.0314128354   0.0001409074   0.5858653622   0.0009447007  -0.0002212233
       -0.1495392981  -0.1261044782   0.0000342920  -0.0446653371  -0.0206174408
        0.0000189331   0.0017806595  -0.0040623881  -0.0000063653  -0.0306061310
        0.0292326668   0.0000205727  -0.1223032198   0.1078773130   0.0000396452
        0.0037024388  -0.0003874364  -0.0000014608  -0.0010753538  -0.0000084327
        0.0000018926  -0.0012165543   0.0001670001  -0.0000006877  -0.0001116667
        0.0002985313  -0.0000261347  -0.0001277674   0.0002926732   0.0000359842
       -0.0005636281   0.0002053056   0.0000051875   0.0076118694   0.0088571723
       -0.0000157030  -0.0053314992   0.0008296452   0.0000077527  -0.0053708510
        0.0000070203   0.0000064424   0.0067584328  -0.0133859629   0.0000102578
       -0.0026072431  -0.0044293401  -0.0000469888  -0.0339859554  -0.0048210469
       -0.0000396649   0.0060833233  -0.0556207671   0.0000991851   0.0468474510
       -0.0231806048  -0.0001712339   0.0009447007   0.6709263899   0.0002993734
       -0.0636376520  -0.2486628422  -0.0000404782  -0.0731640074   0.0315829382
        0.0000295196  -0.0042805544  -0.0567053187  -0.0000099490   0.0829521102
        0.0169272515  -0.0000520490   0.0453739659  -0.2742441009  -0.0000692977
       -0.0003337365  -0.0013525060   0.0000056552   0.0010570180  -0.0002487808
       -0.0000037426  -0.0009218574  -0.0001325560   0.0000004132   0.0001556647
       -0.0001614356   0.0000651115   0.0001551371  -0.0001560950  -0.0000668710
       -0.0014333732   0.0000639605   0.0000007443  -0.0120090063  -0.0259929948
        0.0000044341   0.0004432747   0.0005157237   0.0000016942   0.0004232185
        0.0005713422   0.0000017454   0.0079375216  -0.0248792170  -0.0000076008
        0.0000058237  -0.0000360493   0.0061169662  -0.0001411550  -0.0000260259
        0.0054893636   0.0000450158   0.0000322313  -0.0688282262   0.0001937257
       -0.0001571468   0.0158958258  -0.0002212233   0.0002993734   0.1256223889
        0.0000595958  -0.0000033127  -0.0509574694  -0.0000019953   0.0000262871
        0.0024409479  -0.0000023307  -0.0000128190  -0.0075168872   0.0000436792
       -0.0000042850   0.0028913271   0.0000183647  -0.0001004458  -0.0502112251
       -0.0000074540   0.0000032994  -0.0004985857   0.0000028561  -0.0000041878
        0.0000133715   0.0000008524  -0.0000006876   0.0000517408   0.0011280282
        0.0003781210   0.0000138143  -0.0011426867  -0.0003738552   0.0000071231
        0.0000107984  -0.0000031354   0.0002431654  -0.0000049164  -0.0000132891
        0.0014765321   0.0000100650  -0.0000027238   0.0083375638   0.0000046075
       -0.0000016797   0.0083213989  -0.0000016509   0.0000003309   0.0010908640
       -0.0011146912  -0.0015333251  -0.0000117644  -0.0068614698   0.0007402788
        0.0000051388  -0.0277987547  -0.0193253796   0.0000311220  -0.0003018061
       -0.0056628484  -0.0000218489  -0.1495392981  -0.0636376520   0.0000595958
        0.6687116849  -0.0294891269  -0.0003052791  -0.3429383563  -0.0199991541
        0.0001565503  -0.0338433628   0.0811932017   0.0000387473  -0.0485275926
       -0.0252857672   0.0000159028   0.0551614486  -0.0323433032  -0.0000380877
        0.0061056066   0.0018873463   0.0000025276  -0.0029642024   0.0037423397
        0.0000015966  -0.0000015249  -0.0014788981  -0.0000006078   0.0001627708
       -0.0000857453   0.0001047044   0.0001603849  -0.0000834935  -0.0001066472
       -0.0004731841  -0.0000170210  -0.0000007129  -0.0970646257   0.1084987371
        0.0000576293  -0.0178745890  -0.0002043295   0.0000082118  -0.0005872093
        0.0001378630   0.0000018348  -0.0004112286   0.0029462774   0.0000013867
       -0.0001455233   0.0000590833   0.0000006762   0.0032217276   0.0035520450
        0.0000131269  -0.0169239750   0.0025271030   0.0000097798   0.0043400193
       -0.0034241155  -0.0000159096  -0.1261044782  -0.2486628422  -0.0000033127
       -0.0294891269   0.6521657127   0.0001651928   0.0552807478  -0.0930923011
       -0.0000367922   0.0257484699   0.0173105204  -0.0000088225  -0.0240981297
       -0.0077524069   0.0000119001   0.0149805576  -0.0614506805  -0.0000250771
        0.0058040208  -0.0062744337  -0.0000087852   0.0015754722   0.0006244031
        0.0000006032  -0.0018337942  -0.0007955488   0.0000010503   0.0000774763
       -0.0000482360   0.0001086355   0.0000792208  -0.0000476437  -0.0001104319
        0.0001110047  -0.0000164060   0.0000000937   0.1074836907  -0.2530058381
       -0.0001087720  -0.0223191015   0.0020489808   0.0000104731  -0.0005042361
        0.0007171080  -0.0000000024   0.0027159572  -0.0044345035  -0.0000036260
       -0.0000029714  -0.0000007818   0.0001734716   0.0000082900   0.0000041315
        0.0010019091  -0.0000123656   0.0000154707   0.0009883792   0.0000152706
        0.0000007636   0.0005571377   0.0000342920  -0.0000404782  -0.0509574694
       -0.0003052791   0.0001651928   0.1171510951   0.0001818790  -0.0000046756
       -0.0470191072   0.0000255709  -0.0000374123   0.0006791120   0.0000153492
        0.0000146983  -0.0047854832  -0.0000243355   0.0000034370   0.0025210538
       -0.0000011967  -0.0000056528   0.0101445450   0.0000016961  -0.0000018102
       -0.0014462661   0.0000005191   0.0000023874  -0.0015907071   0.0000205782
       -0.0000262155   0.0000008221  -0.0000215693   0.0000251771   0.0000010447
        0.0000009367   0.0000008796  -0.0000370850   0.0000533763  -0.0001122387
       -0.0357474712   0.0000053296   0.0000004433   0.0017702539  -0.0000000312
        0.0000004150  -0.0004920929   0.0000046610  -0.0000037313   0.0070868580
       -0.0003734523  -0.0001648810  -0.0000006698  -0.0012244172  -0.0006915836
       -0.0000041422  -0.0007430166  -0.0040839059   0.0000061800   0.0014307566
        0.0001785894  -0.0000021756  -0.0446653371  -0.0731640074  -0.0000019953
       -0.3429383563   0.0552807478   0.0001818790   0.6733437873   0.0277150790
       -0.0003026575  -0.1072648945   0.0422256622   0.0000450809   0.0496528660
        0.0141515287  -0.0000227320  -0.0405482073   0.0288428101   0.0000278755
       -0.0329503958   0.0265156515   0.0000254414  -0.0070616646   0.0005523325
        0.0000043419  -0.0012793793   0.0094876080   0.0000022127  -0.0000361217
        0.0000079385   0.0000196090  -0.0000360429   0.0000081151  -0.0000194169
       -0.0000663030   0.0000366780   0.0000003993  -0.0151711933   0.0029094395
        0.0000098641  -0.1280995782  -0.1264712395   0.0000274769  -0.0016183946
       -0.0036259626   0.0000022460  -0.0003506552   0.0002893998   0.0000011825
       -0.0003060032  -0.0003660348  -0.0000054191  -0.0016185028   0.0004033393
        0.0000055899  -0.0016903259  -0.0040709484  -0.0000082895   0.0002486529
        0.0001926744   0.0000029740  -0.0206174408   0.0315829382   0.0000262871
       -0.0199991541  -0.0930923011  -0.0000046756   0.0277150790   0.6509966733
        0.0001066736   0.0975336865  -0.2800208018  -0.0001127763  -0.0300379757
       -0.0605860519   0.0000003398   0.0299797806  -0.0154321924  -0.0000160383
        0.0309106707  -0.0039075167  -0.0000188526  -0.0038616116   0.0065349207
        0.0000052918  -0.0053824212  -0.0059247542   0.0000015867   0.0000469440
       -0.0000020323  -0.0000212764   0.0000466552  -0.0000029213   0.0000206912
       -0.0000994367  -0.0000264137   0.0000000689   0.0251372580  -0.0021892581
       -0.0000157385  -0.1254403933  -0.2213557941   0.0000349538  -0.0032658496
       -0.0032865727  -0.0000017910   0.0007003882   0.0005530476   0.0000004002
        0.0000004760   0.0000022387  -0.0005435757   0.0000089011   0.0000035313
       -0.0002838828   0.0000069929  -0.0000042210   0.0083033696  -0.0000105853
        0.0000094459  -0.0010930319   0.0000189331   0.0000295196   0.0024409479
        0.0001565503  -0.0000367922  -0.0470191072  -0.0003026575   0.0001066736
        0.1166273360   0.0000540944  -0.0000827188  -0.0495189976  -0.0000328408
       -0.0000235166   0.0019362006   0.0000262135  -0.0000154326  -0.0045008526
        0.0000281294  -0.0000161424  -0.0022160646   0.0000025324   0.0000027853
        0.0028375385  -0.0000008122  -0.0000067821   0.0010656906  -0.0001024509
       -0.0000228224  -0.0000066262   0.0001034331   0.0000226064  -0.0000071998
       -0.0000009268   0.0000001987  -0.0000321651   0.0000136626  -0.0000021128
        0.0009940908   0.0000261557   0.0000331634  -0.0351955270   0.0000037060
        0.0000001922   0.0064870596   0.0000004928   0.0000001859  -0.0002752031
       -0.0003019745   0.0002091052   0.0000037672  -0.0015065588  -0.0015073661
       -0.0000085557   0.0065695795   0.0001293612  -0.0000023468  -0.0018325907
        0.0008982062   0.0000050788   0.0017806595  -0.0042805544  -0.0000023307
       -0.0338433628   0.0257484699   0.0000255709  -0.1072648945   0.0975336865
        0.0000540944   0.5319787354   0.0126963871  -0.0002070364  -0.1309881849
       -0.1190958375   0.0000181166  -0.0476375419  -0.0163363095   0.0000188979
       -0.1221971408   0.0037735071   0.0000154493  -0.0429512796   0.0403662295
        0.0000395899  -0.0560936006  -0.0361778912   0.0000323832  -0.0000257961
       -0.0000036045  -0.0000616093  -0.0000284378  -0.0000035477   0.0000608460
        0.0000350275  -0.0000061742  -0.0000003479  -0.0050555920   0.0000884705
        0.0000068777   0.0069950669  -0.0137943408  -0.0000063038   0.0073138089
        0.0090179627   0.0000007168  -0.0049459230   0.0007442402   0.0000071419
       -0.0002935135   0.0000389956   0.0000018748  -0.0000064574   0.0000354440
       -0.0000046647  -0.0009418444  -0.0011702086   0.0000051376   0.0007913809
       -0.0002294025  -0.0000049036  -0.0040623881  -0.0567053187  -0.0000128190
        0.0811932017   0.0173105204  -0.0000374123   0.0422256622  -0.2800208018
       -0.0000827188   0.0126963871   0.7060734004   0.0001261421  -0.0637765549
       -0.2557464326  -0.0000043840  -0.0715725555   0.0312973175   0.0000437387
        0.0037428876  -0.0688527516   0.0000004716   0.0532792640  -0.0276010612
       -0.0000412041  -0.0490599765  -0.0144426981   0.0000217120  -0.0000726341
       -0.0000145224  -0.0000065435  -0.0000718161  -0.0000143105   0.0000067730
        0.0000085128   0.0000338201   0.0000004240  -0.0000117384   0.0009662829
       -0.0000001209   0.0069189211  -0.0257193862  -0.0000114547  -0.0117629598
       -0.0260541745   0.0000022431   0.0007762214   0.0008152877  -0.0000022913
       -0.0000000491   0.0000002127  -0.0000419216   0.0000028749   0.0000003341
       -0.0000807279  -0.0000059379   0.0000021945   0.0006331660   0.0000002632
       -0.0000009235  -0.0001522788  -0.0000063653  -0.0000099490  -0.0075168872
        0.0000387473  -0.0000088225   0.0006791120   0.0000450809  -0.0001127763
       -0.0495189976  -0.0002070364   0.0001261421   0.1255078400   0.0000294529
        0.0000217856  -0.0497742202   0.0000098320   0.0000115908   0.0007555068
        0.0000041704   0.0000026407  -0.0787011190   0.0000480249  -0.0000350729
        0.0184198619   0.0000340963   0.0000154049   0.0184231276  -0.0000106987
       -0.0000034046   0.0000010028   0.0000109974   0.0000029135   0.0000009556
       -0.0000000122   0.0000001211   0.0000010490   0.0000069069  -0.0000022764
        0.0085296886  -0.0000010080   0.0000014754   0.0021263358  -0.0000052648
       -0.0000100602   0.0021087845   0.0000059253  -0.0000015301   0.0085997216
        0.0005293411  -0.0000853046  -0.0000024293   0.0004043469   0.0002521589
        0.0000032822   0.0013624761   0.0016151059  -0.0000009135  -0.0018736366
        0.0019902172   0.0000039555  -0.0306061310   0.0829521102   0.0000436792
       -0.0485275926  -0.0240981297   0.0000153492   0.0496528660  -0.0300379757
       -0.0000328408  -0.1309881849  -0.0637765549   0.0000294529   0.6642483465
       -0.0284707770  -0.0002865592  -0.3410237528  -0.0212944406   0.0001343336
       -0.0403691992  -0.0210985541   0.0000168209  -0.0020612359  -0.0100466608
        0.0000035134  -0.0062842664   0.0012966633   0.0000032358   0.0000377479
        0.0000614169   0.0000652579   0.0000386484   0.0000602717  -0.0000631978
        0.0000596629  -0.0000179441   0.0000006230  -0.0004679155  -0.0001887289
       -0.0000016591  -0.0006460185   0.0032897728   0.0000055861  -0.0946982055
        0.1083616137   0.0000530407  -0.0187872970  -0.0007642600   0.0000094693
        0.0002521850   0.0000723071  -0.0000001941  -0.0004802817   0.0001562702
       -0.0000023658   0.0008057831  -0.0044105514   0.0000036231   0.0023185260
       -0.0006394235  -0.0000090430   0.0292326668   0.0169272515  -0.0000042850
       -0.0252857672  -0.0077524069   0.0000146983   0.0141515287  -0.0605860519
       -0.0000235166  -0.1190958375  -0.2557464326   0.0000217856  -0.0284707770
        0.6580061878   0.0001178880   0.0544892713  -0.0935634604  -0.0000385238
       -0.0254646654   0.0037580197   0.0000184132   0.0048136329  -0.0052544920
       -0.0000053007   0.0057790336   0.0057556538  -0.0000044573  -0.0000423085
       -0.0000048510   0.0000002310  -0.0000405745  -0.0000062886  -0.0000012673
        0.0000384480   0.0000419746   0.0000006059  -0.0004996775   0.0006420949
        0.0000004618   0.0028916959  -0.0042154673  -0.0000046184   0.1072932239
       -0.2544022128  -0.0000962693  -0.0226861058   0.0012218791   0.0000121344
       -0.0000006916   0.0000004722  -0.0001814310   0.0000092158   0.0000019182
       -0.0008167233   0.0000070630  -0.0000047487   0.0084682136  -0.0000110516
        0.0000090626  -0.0013721458   0.0000205727  -0.0000520490   0.0028913271
        0.0000159028   0.0000119001  -0.0047854832  -0.0000227320   0.0000003398
        0.0019362006   0.0000181166  -0.0000043840  -0.0497742202  -0.0002865592
        0.0001178880   0.1168430860   0.0001582839   0.0000047729  -0.0471085702
        0.0000179863   0.0000113682  -0.0022317093   0.0000067027   0.0000034561
        0.0010836091   0.0000045895  -0.0000007883   0.0028197635  -0.0000236352
       -0.0000366864   0.0000006557   0.0000250752   0.0000368355   0.0000016103
       -0.0000006026   0.0000002847  -0.0000273680  -0.0000002028   0.0000005184
       -0.0002705726   0.0000046242  -0.0000040327   0.0066071694   0.0000527611
       -0.0000966654  -0.0351574385   0.0000045811   0.0000005378   0.0010740269
        0.0001635836   0.0006043622   0.0000110725  -0.0027253891   0.0030252275
       -0.0000030571  -0.0173045623   0.0227907471   0.0000099698  -0.0082681088
        0.0030570798   0.0000170956  -0.1223032198   0.0453739659   0.0000183647
        0.0551614486   0.0149805576  -0.0000243355  -0.0405482073   0.0299797806
        0.0000262135  -0.0476375419  -0.0715725555   0.0000098320  -0.3410237528
        0.0544892713   0.0001582839   0.6672533106   0.0303666925  -0.0002614048
        0.0047672830  -0.0034774432  -0.0000005447   0.0004330077   0.0013385910
       -0.0000002550  -0.0036325847  -0.0030952798   0.0000020425  -0.0001637958
       -0.0000428528   0.0000736241  -0.0001638404  -0.0000406446  -0.0000749235
        0.0000753791   0.0000428006  -0.0000012488  -0.0016333118  -0.0033566452
        0.0000074385  -0.0005240447   0.0000216866  -0.0000008009  -0.0142829112
        0.0024764705   0.0000081628  -0.1276427420  -0.1269618120   0.0000244703
        0.0005536614  -0.0003681038  -0.0000061784  -0.0028220973  -0.0029908569
        0.0000040623   0.0184000874  -0.0038256392  -0.0000306836  -0.0023704412
        0.0033704598   0.0000206714   0.1078773130  -0.2742441009  -0.0001004458
       -0.0323433032  -0.0614506805   0.0000034370   0.0288428101  -0.0154321924
       -0.0000154326  -0.0163363095   0.0312973175   0.0000115908  -0.0212944406
       -0.0935634604   0.0000047729   0.0303666925   0.6515764544   0.0000972820
       -0.0072765467  -0.0049338890  -0.0000002302   0.0016498436  -0.0012457777
        0.0000004832  -0.0010060975   0.0012653236   0.0000010524   0.0000182591
        0.0000350309  -0.0000285014   0.0000148639   0.0000374214   0.0000303691
       -0.0001518869  -0.0000398812  -0.0000007313  -0.0030768112  -0.0036376079
       -0.0000018447   0.0006466989   0.0006464692  -0.0000005383   0.0246564375
       -0.0015727176  -0.0000150347  -0.1263487332  -0.2249235694   0.0000259000
        0.0000017939   0.0000031217  -0.0003206711  -0.0000131948  -0.0000054422
        0.0009714034   0.0000403067  -0.0000169708   0.0000874843  -0.0000000646
        0.0000050941   0.0013751492   0.0000396452  -0.0000692977  -0.0502112251
       -0.0000380877  -0.0000250771   0.0025210538   0.0000278755  -0.0000160383
       -0.0045008526   0.0000188979   0.0000437387   0.0007555068   0.0001343336
       -0.0000385238  -0.0471085702  -0.0002614048   0.0000972820   0.1164364430
        0.0000087041  -0.0000025065   0.0100055396  -0.0000024783   0.0000022497
       -0.0015487819  -0.0000013369   0.0000005420  -0.0014263947  -0.0000097615
       -0.0000400181   0.0000263085   0.0000084628   0.0000396765   0.0000286042
        0.0000005323   0.0000004324  -0.0000315372   0.0000036645  -0.0000013327
        0.0070359563   0.0000003263   0.0000005881  -0.0005547068   0.0000125500
       -0.0000019962   0.0017336366   0.0000292358   0.0000244783  -0.0352743463
        0.0001178524  -0.0000464282  -0.0000086740   0.0042059084   0.0037816744
        0.0000234494  -0.0157957199   0.0005966738  -0.0000034630   0.0049960437
       -0.0038228291  -0.0000108756   0.0037024388  -0.0003337365  -0.0000074540
        0.0061056066   0.0058040208  -0.0000011967  -0.0329503958   0.0309106707
        0.0000281294  -0.1221971408   0.0037428876   0.0000041704  -0.0403691992
       -0.0254646654   0.0000179863   0.0047672830  -0.0072765467   0.0000087041
        0.5714422884   0.0230769348  -0.0002011506  -0.1675818149   0.1476046629
        0.0000954979  -0.2176698318  -0.1779199414   0.0000594971   0.0000205558
       -0.0000458791   0.0001397882   0.0000259456  -0.0000438965  -0.0001407405
       -0.0000049465   0.0000199982   0.0000017354  -0.0001907306   0.0001193456
        0.0000009903   0.0009850774  -0.0009416306  -0.0000016014   0.0008806344
        0.0004138864  -0.0000047264  -0.0004898551  -0.0001752018  -0.0000000663
       -0.0000762200  -0.0000357233  -0.0000002290  -0.0003324258  -0.0002603028
       -0.0000008287   0.0012013692  -0.0002233185   0.0000001687  -0.0003709810
        0.0002452982  -0.0000000117  -0.0003874364  -0.0013525060   0.0000032994
        0.0018873463  -0.0062744337  -0.0000056528   0.0265156515  -0.0039075167
       -0.0000161424   0.0037735071  -0.0688527516   0.0000026407  -0.0210985541
        0.0037580197   0.0000113682  -0.0034774432  -0.0049338890  -0.0000025065
        0.0230769348   0.8873602442   0.0001431458   0.1649645620  -0.4256261910
       -0.0002087854  -0.1950962889  -0.3751729308   0.0000716466  -0.0000399159
        0.0000158558   0.0000112851  -0.0000400501   0.0000169406  -0.0000112588
        0.0000051971  -0.0000177604  -0.0000003424   0.0015823412  -0.0002430843
       -0.0000016441   0.0012072323  -0.0022789662  -0.0000004482  -0.0017275616
       -0.0021999610   0.0000033274  -0.0015672644  -0.0000170232   0.0000009681
       -0.0000003290   0.0000000626   0.0000842648  -0.0000060202  -0.0000022799
        0.0002237938   0.0000060165  -0.0000002318  -0.0030757837   0.0000019107
       -0.0000013703   0.0004462989  -0.0000014608   0.0000056552  -0.0004985857
        0.0000025276  -0.0000087852   0.0101445450   0.0000254414  -0.0000188526
       -0.0022160646   0.0000154493   0.0000004716  -0.0787011190   0.0000168209
        0.0000184132  -0.0022317093  -0.0000005447  -0.0000002302   0.0100055396
       -0.0002011506   0.0001431458   0.2039355204   0.0000983825  -0.0001750093
       -0.0657360113   0.0000475540   0.0000398391  -0.0659296094   0.0000230618
        0.0000217371   0.0000003694  -0.0000235391  -0.0000223173   0.0000000833
        0.0000005438  -0.0000001299   0.0000144262   0.0000000587  -0.0000003641
        0.0000619243  -0.0000018174   0.0000006416  -0.0032723660  -0.0000028883
       -0.0000003588  -0.0032701053  -0.0000000171  -0.0000000368   0.0000145886
       -0.0000606054  -0.0000012089   0.0000018619  -0.0011260872  -0.0009128560
       -0.0000058572   0.0044529934  -0.0002176552   0.0000001583  -0.0015400852
        0.0010857554   0.0000027413  -0.0010753538   0.0010570180   0.0000028561
       -0.0029642024   0.0015754722   0.0000016961  -0.0070616646  -0.0038616116
        0.0000025324  -0.0429512796   0.0532792640   0.0000480249  -0.0020612359
        0.0048136329   0.0000067027   0.0004330077   0.0016498436  -0.0000024783
       -0.1675818149   0.1649645620   0.0000983825   0.1994326603  -0.1917248114
       -0.0001519630   0.0249094883  -0.0309832339  -0.0000052698  -0.0000136845
        0.0000264908  -0.0000325592  -0.0000151123   0.0000261620   0.0000327781
        0.0000149870  -0.0000166927  -0.0000004389  -0.0007655671  -0.0000545549
       -0.0000003710   0.0001622821  -0.0007956634  -0.0000006236  -0.0023658902
       -0.0000702938   0.0000016657   0.0001771641   0.0001603809   0.0000001610
        0.0001477112   0.0000172770  -0.0000019394   0.0011699081   0.0011009092
        0.0000071646  -0.0047282164   0.0002064778  -0.0000003711   0.0014086611
       -0.0010356047  -0.0000028109  -0.0000084327  -0.0002487808  -0.0000041878
        0.0037423397   0.0006244031  -0.0000018102   0.0005523325   0.0065349207
        0.0000027853   0.0403662295  -0.0276010612  -0.0000350729  -0.0100466608
       -0.0052544920   0.0000034561   0.0013385910  -0.0012457777   0.0000022497
        0.1476046629  -0.4256261910  -0.0001750093  -0.1917248114   0.5599575167
        0.0002472823   0.0110457004  -0.1102860003  -0.0000416056   0.0000191719
       -0.0000238446   0.0000250310   0.0000204733  -0.0000253257  -0.0000253003
       -0.0000102315   0.0000256194   0.0000007336   0.0003252325   0.0001677916
        0.0000006755  -0.0010719364   0.0012385441   0.0000010068  -0.0001648568
        0.0016325327  -0.0000019618   0.0000141321  -0.0001589141  -0.0000003158
       -0.0000002020   0.0000001657  -0.0000101627   0.0000011325  -0.0000001205
       -0.0000028635  -0.0000040060   0.0000033796   0.0004685269   0.0000007822
       -0.0000024602  -0.0000835702   0.0000018926  -0.0000037426   0.0000133715
        0.0000015966   0.0000006032  -0.0014462661   0.0000043419   0.0000052918
        0.0028375385   0.0000395899  -0.0000412041   0.0184198619   0.0000035134
       -0.0000053007   0.0010836091  -0.0000002550   0.0000004832  -0.0015487819
        0.0000954979  -0.0002087854  -0.0657360113  -0.0001519630   0.0002472823
        0.0232695798   0.0000075428   0.0000026762   0.0223928789  -0.0000079713
       -0.0000059248  -0.0000005856   0.0000089050   0.0000061027   0.0000002886
       -0.0000000887   0.0000004239  -0.0000090824   0.0000007107   0.0000004034
       -0.0001981025  -0.0000005237   0.0000008720   0.0000739658   0.0000005028
        0.0000002925   0.0004238827  -0.0000009987  -0.0000004383   0.0000519225
       -0.0001271182   0.0000479460   0.0000029761  -0.0013674269  -0.0011722911
       -0.0000077448   0.0050491446  -0.0003537504   0.0000007018  -0.0015743219
        0.0011771906   0.0000043358  -0.0012165543  -0.0009218574   0.0000008524
       -0.0000015249  -0.0018337942   0.0000005191  -0.0012793793  -0.0053824212
       -0.0000008122  -0.0560936006  -0.0490599765   0.0000340963  -0.0062842664
        0.0057790336   0.0000045895  -0.0036325847  -0.0010060975  -0.0000013369
       -0.2176698318  -0.1950962889   0.0000475540   0.0249094883   0.0110457004
        0.0000075428   0.2616185270   0.2351660608  -0.0000946525   0.0000053131
        0.0000194415  -0.0000550644   0.0000036730   0.0000178605   0.0000557074
        0.0000104774  -0.0000046269  -0.0000004674   0.0001282771  -0.0001740523
        0.0000002326  -0.0021973849   0.0006343645   0.0000010369   0.0004692960
        0.0009118425  -0.0000004362  -0.0007502024   0.0002057159   0.0000003696
       -0.0001104952   0.0000679825   0.0000025925  -0.0009532951  -0.0009045904
       -0.0000051976   0.0039025483  -0.0002502138  -0.0000007034  -0.0011080595
        0.0010144705   0.0000041062   0.0001670001  -0.0001325560  -0.0000006876
       -0.0014788981  -0.0007955488   0.0000023874   0.0094876080  -0.0059247542
       -0.0000067821  -0.0361778912  -0.0144426981   0.0000154049   0.0012966633
        0.0057556538  -0.0000007883  -0.0030952798   0.0012653236   0.0000005420
       -0.1779199414  -0.3751729308   0.0000398391  -0.0309832339  -0.1102860003
        0.0000026762   0.2351660608   0.4971961337  -0.0000514933   0.0000180493
        0.0000072184  -0.0000589261   0.0000165139   0.0000044399   0.0000586537
        0.0000124886   0.0000042855  -0.0000005018  -0.0000606417  -0.0001100508
        0.0000005018   0.0007622887   0.0015167736  -0.0000004305   0.0012010750
        0.0009703339  -0.0000010690  -0.0001425600   0.0002167280  -0.0000001241
       -0.0000000775  -0.0000001130   0.0000055284   0.0000015014   0.0000015463
       -0.0000626030  -0.0000007944  -0.0000012777   0.0004628100   0.0000003396
        0.0000015431  -0.0000586347  -0.0000006877   0.0000004132   0.0000517408
       -0.0000006078   0.0000010503  -0.0015907071   0.0000022127   0.0000015867
        0.0010656906   0.0000323832   0.0000217120   0.0184231276   0.0000032358
       -0.0000044573   0.0028197635   0.0000020425   0.0000010524  -0.0014263947
        0.0000594971   0.0000716466  -0.0659296094  -0.0000052698  -0.0000416056
        0.0223928789  -0.0000946525  -0.0000514933   0.0234141006  -0.0000051855
       -0.0000125905  -0.0000022497   0.0000049789   0.0000117931  -0.0000025683
        0.0000001428  -0.0000000458   0.0000042220  -0.0000002304   0.0000002682
        0.0000319849   0.0000010015  -0.0000005270   0.0004727457   0.0000002708
       -0.0000003339   0.0001043680  -0.0000001007  -0.0000001680  -0.0001761940
       -0.0583255074   0.0324006155  -0.0546868364  -0.0320702226   0.0157740796
       -0.0278704531  -0.0001172886   0.0023728756  -0.0012341497   0.0008232794
       -0.0002931658  -0.0000553486  -0.0001116667   0.0001556647   0.0011280282
        0.0001627708   0.0000774763   0.0000205782  -0.0000361217   0.0000469440
       -0.0001024509  -0.0000257961  -0.0000726341  -0.0000106987   0.0000377479
       -0.0000423085  -0.0000236352  -0.0001637958   0.0000182591  -0.0000097615
        0.0000205558  -0.0000399159   0.0000230618  -0.0000136845   0.0000191719
       -0.0000079713   0.0000053131   0.0000180493  -0.0000051855   0.0818532915
       -0.0436537297   0.0709316076   0.0041541440  -0.0035791538   0.0059683594
        0.0037465920  -0.0029942923   0.0058664187  -0.0000171781  -0.0000139816
        0.0000338174   0.0000054050  -0.0000035043   0.0000084702   0.0000061175
       -0.0000055918   0.0000143686   0.0000660445  -0.0001848582   0.0000117806
        0.0340679630  -0.0999411831   0.0953861506   0.0066813382  -0.0000622456
       -0.0001559294  -0.0022698798   0.0022839592  -0.0008436662   0.0012672395
       -0.0001559321   0.0005437548   0.0002985313  -0.0001614356   0.0003781210
       -0.0000857453  -0.0000482360  -0.0000262155   0.0000079385  -0.0000020323
       -0.0000228224  -0.0000036045  -0.0000145224  -0.0000034046   0.0000614169
       -0.0000048510  -0.0000366864  -0.0000428528   0.0000350309  -0.0000400181
       -0.0000458791   0.0000158558   0.0000217371   0.0000264908  -0.0000238446
       -0.0000059248   0.0000194415   0.0000072184  -0.0000125905  -0.0436537297
        0.1086970366  -0.1090307981  -0.0034295713   0.0065479106  -0.0114401664
        0.0071720298  -0.0171808516   0.0252133455  -0.0000381137   0.0000084029
        0.0000033244   0.0000037331   0.0000052401   0.0000085470   0.0000061622
       -0.0000056287   0.0000059894  -0.0000429085   0.0000001084   0.0000572526
       -0.0588957249   0.0943097540  -0.1995058613  -0.0075725738  -0.0008219773
        0.0015899968  -0.0000751901   0.0025149235   0.0008958866   0.0010908134
       -0.0009177031  -0.0005236734  -0.0000261347   0.0000651115   0.0000138143
        0.0001047044   0.0001086355   0.0000008221   0.0000196090  -0.0000212764
       -0.0000066262  -0.0000616093  -0.0000065435   0.0000010028   0.0000652579
        0.0000002310   0.0000006557   0.0000736241  -0.0000285014   0.0000263085
        0.0001397882   0.0000112851   0.0000003694  -0.0000325592   0.0000250310
       -0.0000005856  -0.0000550644  -0.0000589261  -0.0000022497   0.0709316076
       -0.1090307981   0.2260249986  -0.0060643257   0.0123291999  -0.0277148687
        0.0003593915   0.0015786029  -0.0007750658  -0.0000256717  -0.0000312775
        0.0000036554   0.0000050246   0.0000016556   0.0000031187   0.0000024516
       -0.0000043182  -0.0000025610   0.0000165814  -0.0000231086  -0.0000291373
       -0.0582377167   0.0309189890   0.0554980476  -0.0320700717   0.0150304951
        0.0282664438  -0.0001358957   0.0023687531   0.0012675663   0.0008304400
       -0.0002874410   0.0000772514  -0.0001277674   0.0001551371  -0.0011426867
        0.0001603849   0.0000792208  -0.0000215693  -0.0000360429   0.0000466552
        0.0001034331  -0.0000284378  -0.0000718161   0.0000109974   0.0000386484
       -0.0000405745   0.0000250752  -0.0001638404   0.0000148639   0.0000084628
        0.0000259456  -0.0000400501  -0.0000235391  -0.0000151123   0.0000204733
        0.0000089050   0.0000036730   0.0000165139   0.0000049789   0.0041541440
       -0.0034295713  -0.0060643257   0.0817956788  -0.0417400338  -0.0720117154
        0.0037465393  -0.0028371825  -0.0059380438  -0.0000159519  -0.0000125407
       -0.0000358703   0.0000053333  -0.0000033348  -0.0000096984   0.0000056838
       -0.0000055741  -0.0000133350   0.0000643657  -0.0001829823  -0.0000103778
        0.0324658141  -0.0951147025  -0.0926999052   0.0064698164   0.0000064734
        0.0001805626  -0.0022607994   0.0022832754   0.0008547150   0.0013112530
       -0.0001233166  -0.0005531578   0.0002926732  -0.0001560950  -0.0003738552
       -0.0000834935  -0.0000476437   0.0000251771   0.0000081151  -0.0000029213
        0.0000226064  -0.0000035477  -0.0000143105   0.0000029135   0.0000602717
       -0.0000062886   0.0000368355  -0.0000406446   0.0000374214   0.0000396765
       -0.0000438965   0.0000169406  -0.0000223173   0.0000261620  -0.0000253257
        0.0000061027   0.0000178605   0.0000044399   0.0000117931  -0.0035791538
        0.0065479106   0.0123291999  -0.0417400338   0.1030902453   0.1058568072
        0.0071673416  -0.0165016917  -0.0256413932  -0.0000374698   0.0000073734
       -0.0000044289   0.0000042975   0.0000047970  -0.0000098934   0.0000060466
       -0.0000059230  -0.0000050264  -0.0000406128  -0.0000006585  -0.0000564122
        0.0597193031  -0.0916061333  -0.2043944849   0.0077502776   0.0008108027
        0.0016126050   0.0000325784  -0.0024718800   0.0008532955  -0.0010697011
        0.0008870902  -0.0004917063   0.0000359842  -0.0000668710   0.0000071231
       -0.0001066472  -0.0001104319   0.0000010447  -0.0000194169   0.0000206912
       -0.0000071998   0.0000608460   0.0000067730   0.0000009556  -0.0000631978
       -0.0000012673   0.0000016103  -0.0000749235   0.0000303691   0.0000286042
       -0.0001407405  -0.0000112588   0.0000000833   0.0000327781  -0.0000253003
        0.0000002886   0.0000557074   0.0000586537  -0.0000025683   0.0059683594
       -0.0114401664  -0.0277148687  -0.0720117154   0.1058568072   0.2316284071
       -0.0001721050  -0.0019945819  -0.0014958842   0.0000251850   0.0000307674
        0.0000016461  -0.0000048814  -0.0000017732   0.0000014823  -0.0000024234
        0.0000041829  -0.0000015013  -0.0000152671   0.0000235266  -0.0000289323
       -0.0543483627  -0.0608413596  -0.0007815573  -0.0206860925  -0.0327724964
       -0.0003749106  -0.0079837505   0.0001725281  -0.0000461457   0.0013281283
        0.0009423780   0.0000015491  -0.0005636281  -0.0014333732   0.0000107984
       -0.0004731841   0.0001110047   0.0000009367  -0.0000663030  -0.0000994367
       -0.0000009268   0.0000350275   0.0000085128  -0.0000000122   0.0000596629
        0.0000384480  -0.0000006026   0.0000753791  -0.0001518869   0.0000005323
       -0.0000049465   0.0000051971   0.0000005438   0.0000149870  -0.0000102315
       -0.0000000887   0.0000104774   0.0000124886   0.0000001428   0.0037465920
        0.0071720298   0.0003593915   0.0037465393   0.0071673416  -0.0001721050
        0.0753208599   0.0797233085   0.0010026552  -0.0000018120   0.0000540702
        0.0000008069  -0.0000292504   0.0000089968   0.0000004971  -0.0000056427
        0.0000014210   0.0000000029  -0.0001746809  -0.0001089407  -0.0000015078
       -0.0686568033  -0.2747523490  -0.0029885140  -0.0043575720  -0.0003883786
        0.0000162161  -0.0001677392  -0.0018455137  -0.0000312108  -0.0009149211
        0.0014810785   0.0000064092   0.0002053056   0.0000639605  -0.0000031354
       -0.0000170210  -0.0000164060   0.0000008796   0.0000366780  -0.0000264137
        0.0000001987  -0.0000061742   0.0000338201   0.0000001211  -0.0000179441
        0.0000419746   0.0000002847   0.0000428006  -0.0000398812   0.0000004324
        0.0000199982  -0.0000177604  -0.0000001299  -0.0000166927   0.0000256194
        0.0000004239  -0.0000046269   0.0000042855  -0.0000000458  -0.0029942923
       -0.0171808516   0.0015786029  -0.0028371825  -0.0165016917  -0.0019945819
        0.0797233085   0.3089912637   0.0034145174   0.0000228369   0.0000363529
       -0.0000005376  -0.0000012116   0.0000053626  -0.0000004434  -0.0000092249
        0.0000095706   0.0000003385  -0.0000495217   0.0000759575   0.0000001744
       -0.0008818022  -0.0030047013  -0.0421990340  -0.0000698389  -0.0000047611
        0.0002840314   0.0000085055   0.0000093017   0.0006305042   0.0000095829
        0.0000125744   0.0000585347   0.0000051875   0.0000007443   0.0002431654
       -0.0000007129   0.0000000937  -0.0000370850   0.0000003993   0.0000000689
       -0.0000321651  -0.0000003479   0.0000004240   0.0000010490   0.0000006230
        0.0000006059  -0.0000273680  -0.0000012488  -0.0000007313  -0.0000315372
        0.0000017354  -0.0000003424   0.0000144262  -0.0000004389   0.0000007336
       -0.0000090824  -0.0000004674  -0.0000005018   0.0000042220   0.0058664187
        0.0252133455  -0.0007750658  -0.0059380438  -0.0256413932  -0.0014958842
        0.0010026552   0.0034145174   0.0432798594   0.0000004517   0.0000003327
        0.0000042626   0.0000000889   0.0000001641   0.0000076515  -0.0000003245
       -0.0000000882   0.0000035773  -0.0000024229  -0.0000003869   0.0000759379
       -0.0001340807   0.0000141431   0.0000005098   0.0006415862   0.0013291360
        0.0000064627   0.0001869031  -0.0028310445  -0.0000094158  -0.0001696327
        0.0006868337  -0.0000039303   0.0076118694  -0.0120090063  -0.0000049164
       -0.0970646257   0.1074836907   0.0000533763  -0.0151711933   0.0251372580
        0.0000136626  -0.0050555920  -0.0000117384   0.0000069069  -0.0004679155
       -0.0004996775  -0.0000002028  -0.0016333118  -0.0030768112   0.0000036645
       -0.0001907306   0.0015823412   0.0000000587  -0.0007655671   0.0003252325
        0.0000007107   0.0001282771  -0.0000606417  -0.0000002304  -0.0000171781
       -0.0000381137  -0.0000256717  -0.0000159519  -0.0000374698   0.0000251850
       -0.0000018120   0.0000228369   0.0000004517   0.1112018554  -0.1179638922
       -0.0000651707   0.0006700138   0.0007999610  -0.0000013553  -0.0000749880
       -0.0000215811  -0.0000010342   0.0003220746  -0.0008314565   0.0000009388
        0.0001340804   0.0000802478   0.0000001740   0.0005566752   0.0005399114
        0.0000026905   0.0006245637  -0.0016704286  -0.0000080077   0.0001115136
        0.0013095206   0.0000053964   0.0088571723  -0.0259929948  -0.0000132891
        0.1084987371  -0.2530058381  -0.0001122387   0.0029094395  -0.0021892581
       -0.0000021128   0.0000884705   0.0009662829  -0.0000022764  -0.0001887289
        0.0006420949   0.0000005184  -0.0033566452  -0.0036376079  -0.0000013327
        0.0001193456  -0.0002430843  -0.0000003641  -0.0000545549   0.0001677916
        0.0000004034  -0.0001740523  -0.0001100508   0.0000002682  -0.0000139816
        0.0000084029  -0.0000312775  -0.0000125407   0.0000073734   0.0000307674
        0.0000540702   0.0000363529   0.0000003327  -0.1179638922   0.2831813092
        0.0001285691  -0.0007834612   0.0008442326   0.0000013976  -0.0000211567
        0.0001143112   0.0000005376   0.0006149458  -0.0010485688  -0.0000001566
        0.0000004767  -0.0000011556   0.0001711725  -0.0000034973  -0.0000035895
        0.0000163508   0.0000053962  -0.0000052439  -0.0026084280   0.0000016376
        0.0000039266  -0.0000789792  -0.0000157030   0.0000044341   0.0014765321
        0.0000576293  -0.0001087720  -0.0357474712   0.0000098641  -0.0000157385
        0.0009940908   0.0000068777  -0.0000001209   0.0085296886  -0.0000016591
        0.0000004618  -0.0002705726   0.0000074385  -0.0000018447   0.0070359563
        0.0000009903  -0.0000016441   0.0000619243  -0.0000003710   0.0000006755
       -0.0001981025   0.0000002326   0.0000005018   0.0000319849   0.0000338174
        0.0000033244   0.0000036554  -0.0000358703  -0.0000044289   0.0000016461
        0.0000008069  -0.0000005376   0.0000042626  -0.0000651707   0.0001285691
        0.0247070450  -0.0000020684   0.0000002327  -0.0025790002  -0.0000006556
        0.0000003108  -0.0016719119  -0.0000001717   0.0000006391   0.0001201561
       -0.0001548853  -0.0001135214  -0.0000010978  -0.0004572985   0.0001206844
        0.0000001286  -0.0002690998  -0.0014426764  -0.0000009533   0.0001218332
        0.0000716947  -0.0000003097  -0.0053314992   0.0004432747   0.0000100650
       -0.0178745890  -0.0223191015   0.0000053296  -0.1280995782  -0.1254403933
        0.0000261557   0.0069950669   0.0069189211  -0.0000010080  -0.0006460185
        0.0028916959   0.0000046242  -0.0005240447   0.0006466989   0.0000003263
        0.0009850774   0.0012072323  -0.0000018174   0.0001622821  -0.0010719364
       -0.0000005237  -0.0021973849   0.0007622887   0.0000010015   0.0000054050
        0.0000037331   0.0000050246   0.0000053333   0.0000042975  -0.0000048814
       -0.0000292504  -0.0000012116   0.0000000889   0.0006700138  -0.0007834612
       -0.0000020684   0.1463129798   0.1374082286  -0.0000396027   0.0003551755
        0.0006573836   0.0000002966  -0.0000295185   0.0000361683  -0.0000007787
        0.0000321510   0.0000185900  -0.0000000444   0.0001201078   0.0001210614
        0.0000008585  -0.0002372107  -0.0000081319   0.0000002180   0.0001172952
       -0.0000905153  -0.0000008643   0.0008296452   0.0005157237  -0.0000027238
       -0.0002043295   0.0020489808   0.0000004433  -0.1264712395  -0.2213557941
        0.0000331634  -0.0137943408  -0.0257193862   0.0000014754   0.0032897728
       -0.0042154673  -0.0000040327   0.0000216866   0.0006464692   0.0000005881
       -0.0009416306  -0.0022789662   0.0000006416  -0.0007956634   0.0012385441
        0.0000008720   0.0006343645   0.0015167736  -0.0000005270  -0.0000035043
        0.0000052401   0.0000016556  -0.0000033348   0.0000047970  -0.0000017732
        0.0000089968   0.0000053626   0.0000001641   0.0007999610   0.0008442326
        0.0000002327   0.1374082286   0.2476422931  -0.0000309028  -0.0008661065
       -0.0010417860   0.0000002844   0.0000551507   0.0001019788   0.0000002711
        0.0000004032   0.0000000015   0.0000184059   0.0000000848   0.0000026548
        0.0000085122  -0.0000004268  -0.0000045078  -0.0004342865   0.0000012315
        0.0000031362   0.0000771696   0.0000077527   0.0000016942   0.0083375638
        0.0000082118   0.0000104731   0.0017702539   0.0000274769   0.0000349538
       -0.0351955270  -0.0000063038  -0.0000114547   0.0021263358   0.0000055861
       -0.0000046184   0.0066071694  -0.0000008009  -0.0000005383  -0.0005547068
       -0.0000016014  -0.0000004482  -0.0032723660  -0.0000006236   0.0000010068
        0.0000739658   0.0000010369  -0.0000004305   0.0004727457   0.0000084702
        0.0000085470   0.0000031187  -0.0000096984  -0.0000098934   0.0000014823
        0.0000004971  -0.0000004434   0.0000076515  -0.0000013553   0.0000013976
       -0.0025790002  -0.0000396027  -0.0000309028   0.0236763914  -0.0000001105
       -0.0000008946   0.0005723451  -0.0000002279   0.0000002671  -0.0017172244
       -0.0001532612   0.0000196958  -0.0000000352   0.0002007687  -0.0000191961
        0.0000014073   0.0000490087   0.0011452096  -0.0000029557  -0.0006990843
        0.0002715703   0.0000033129  -0.0053708510   0.0004232185   0.0000046075
       -0.0005872093  -0.0005042361  -0.0000000312  -0.0016183946  -0.0032658496
        0.0000037060   0.0073138089  -0.0117629598  -0.0000052648  -0.0946982055
        0.1072932239   0.0000527611  -0.0142829112   0.0246564375   0.0000125500
        0.0008806344  -0.0017275616  -0.0000028883  -0.0023658902  -0.0001648568
        0.0000005028   0.0004692960   0.0012010750   0.0000002708   0.0000061175
        0.0000061622   0.0000024516   0.0000056838   0.0000060466  -0.0000024234
       -0.0000056427  -0.0000092249  -0.0000003245  -0.0000749880  -0.0000211567
       -0.0000006556   0.0003551755  -0.0008661065  -0.0000001105   0.1099942505
       -0.1175249723  -0.0000655075   0.0005816940   0.0008434812  -0.0000013733
       -0.0000088604   0.0000014112   0.0000002602  -0.0000926559  -0.0000647898
       -0.0000001372   0.0002228953  -0.0002025026  -0.0000010944  -0.0000634582
        0.0001520771   0.0000009191   0.0000070203   0.0005713422  -0.0000016797
        0.0001378630   0.0007171080   0.0000004150  -0.0036259626  -0.0032865727
        0.0000001922   0.0090179627  -0.0260541745  -0.0000100602   0.1083616137
       -0.2544022128  -0.0000966654   0.0024764705  -0.0015727176  -0.0000019962
        0.0004138864  -0.0021999610  -0.0000003588  -0.0000702938   0.0016325327
        0.0000002925   0.0009118425   0.0009703339  -0.0000003339  -0.0000055918
       -0.0000056287  -0.0000043182  -0.0000055741  -0.0000059230   0.0000041829
        0.0000014210   0.0000095706  -0.0000000882  -0.0000215811   0.0001143112
        0.0000003108   0.0006573836  -0.0010417860  -0.0000008946  -0.1175249723
        0.2837864751   0.0001099745  -0.0007894087   0.0008811068   0.0000010796
       -0.0000001964  -0.0000001081   0.0000453319  -0.0000014869  -0.0000024297
       -0.0000139819  -0.0000009929   0.0000041968  -0.0003990332   0.0000014225
       -0.0000047964   0.0000329638   0.0000064424   0.0000017454   0.0083213989
        0.0000018348  -0.0000000024  -0.0004920929   0.0000022460  -0.0000017910
        0.0064870596   0.0000007168   0.0000022431   0.0021087845   0.0000530407
       -0.0000962693  -0.0351574385   0.0000081628  -0.0000150347   0.0017336366
       -0.0000047264   0.0000033274  -0.0032701053   0.0000016657  -0.0000019618
        0.0004238827  -0.0000004362  -0.0000010690   0.0001043680   0.0000143686
        0.0000059894  -0.0000025610  -0.0000133350  -0.0000050264  -0.0000015013
        0.0000000029   0.0000003385   0.0000035773  -0.0000010342   0.0000005376
       -0.0016719119   0.0000002966   0.0000002844   0.0005723451  -0.0000655075
        0.0001099745   0.0237349832  -0.0000024843  -0.0000001482  -0.0025597054
       -0.0006657410   0.0001391112   0.0000022130  -0.0023028473   0.0004727525
       -0.0000098527   0.0016013127   0.0011213181   0.0000016529  -0.0000230875
       -0.0007530766  -0.0000024058   0.0067584328   0.0079375216  -0.0000016509
       -0.0004112286   0.0027159572   0.0000046610  -0.0003506552   0.0007003882
        0.0000004928  -0.0049459230   0.0007762214   0.0000059253  -0.0187872970
       -0.0226861058   0.0000045811  -0.1276427420  -0.1263487332   0.0000292358
       -0.0004898551  -0.0015672644  -0.0000000171   0.0001771641   0.0000141321
       -0.0000009987  -0.0007502024  -0.0001425600  -0.0000001007   0.0000660445
       -0.0000429085   0.0000165814   0.0000643657  -0.0000406128  -0.0000152671
       -0.0001746809  -0.0000495217  -0.0000024229   0.0003220746   0.0006149458
       -0.0000001717  -0.0000295185   0.0000551507  -0.0000002279   0.0005816940
       -0.0007894087  -0.0000024843   0.1470026901   0.1378726929  -0.0000297434
        0.0000417912   0.0002430959   0.0000025882   0.0012502500   0.0009617138
       -0.0000020542  -0.0012053808  -0.0014538974  -0.0000039064  -0.0005895424
        0.0009629345   0.0000024163  -0.0133859629  -0.0248792170   0.0000003309
        0.0029462774  -0.0044345035  -0.0000037313   0.0002893998   0.0005530476
        0.0000001859   0.0007442402   0.0008152877  -0.0000015301  -0.0007642600
        0.0012218791   0.0000005378  -0.1269618120  -0.2249235694   0.0000244783
       -0.0001752018  -0.0000170232  -0.0000000368   0.0001603809  -0.0001589141
       -0.0000004383   0.0002057159   0.0002167280  -0.0000001680  -0.0001848582
        0.0000001084  -0.0000231086  -0.0001829823  -0.0000006585   0.0000235266
       -0.0001089407   0.0000759575  -0.0000003869  -0.0008314565  -0.0010485688
        0.0000006391   0.0000361683   0.0001019788   0.0000002671   0.0008434812
        0.0008811068  -0.0000001482   0.1378726929   0.2508825138  -0.0000194613
       -0.0000001494   0.0000006723   0.0001230998  -0.0000183008  -0.0000024404
        0.0001494429  -0.0000097472   0.0000039472  -0.0025478629   0.0000048863
       -0.0000103712   0.0002384160   0.0000102578  -0.0000076008   0.0010908640
        0.0000013867  -0.0000036260   0.0070868580   0.0000011825   0.0000004002
       -0.0002752031   0.0000071419  -0.0000022913   0.0085997216   0.0000094693
        0.0000121344   0.0010740269   0.0000244703   0.0000259000  -0.0352743463
       -0.0000000663   0.0000009681   0.0000145886   0.0000001610  -0.0000003158
        0.0000519225   0.0000003696  -0.0000001241  -0.0001761940   0.0000117806
        0.0000572526  -0.0000291373  -0.0000103778  -0.0000564122  -0.0000289323
       -0.0000015078   0.0000001744   0.0000759379   0.0000009388  -0.0000001566
        0.0001201561  -0.0000007787   0.0000002711  -0.0017172244  -0.0000013733
        0.0000010796  -0.0025597054  -0.0000297434  -0.0000194613   0.0239835714
