           1           2  0.936372001280069     
           2           3   1.17052721208406     
           2           4  0.177462888444674     
           3           4   1.68207557872235     
           3           5  0.993040822567991     
           5           6   1.38355203077512     
           6           7   1.46202395400502     
           7           8   1.36706314936242     
           6           9  0.102763127396910     
           8           9   1.36555472147748     
           5          10   1.38254282021690     
           7          10  0.103277749536235     
           9          10   1.46357022033800     
           8          11  0.980682766399069     
          11          12   1.43927101155175     
          11          13   1.43931531869922     
          12          13  0.337983711251742     
           1          14  0.973776722435061     
           1          15  0.973668380836660     
           1          16  0.975496594938386     
           6          17  0.960071751658757     
           7          18  0.956363773674160     
           9          19  0.955854676216804     
          10          20  0.958584730882077     
