           1           2   1.01031987060409     
           2           3  0.972963237743936     
           3           4  0.972981876872427     
           4           5   1.01031396458263     
           1           6  0.986689609244020     
           1           7  0.984151713937631     
           1           8  0.983997830043816     
           2           9  0.969180697528066     
           2          10  0.971288950129160     
           4          11  0.969181452029974     
           4          12  0.971286236187575     
           5          13  0.983997354547647     
           5          14  0.986684216508183     
           5          15  0.984153931567235     
