$hessian                                                                        
        0.4691950089   0.0219717794  -0.0097496754  -0.1797808960   0.0483759050
       -0.0207611221  -0.0248480919   0.0060166470   0.0025326954  -0.0021674526
       -0.0007539879   0.0031410652   0.0003427875   0.0000062183  -0.0000034093
       -0.0752692294  -0.0304625375  -0.0763028251  -0.0430610422  -0.0116490224
        0.0003469264  -0.1261013243  -0.0428663825   0.1074451406  -0.0028028088
        0.0034384925  -0.0003252119  -0.0160030616   0.0050830035  -0.0050994336
        0.0006847616   0.0006126439  -0.0007250678   0.0009768873   0.0001226772
       -0.0005982730  -0.0012144504   0.0003018320   0.0000169483  -0.0000246521
       -0.0002883755   0.0000801670   0.0000735641   0.0000911070   0.0000020752
        0.0219717794   0.5125072130   0.0024928060   0.0479739050  -0.0875558953
        0.0069678503  -0.0047750236   0.0021536465  -0.0011582750  -0.0008705193
       -0.0001613627   0.0010240507   0.0000423474   0.0001117533  -0.0000553849
       -0.0302542797  -0.0712639707  -0.0686015833  -0.0116910229  -0.2812457453
        0.0035589985  -0.0426727658  -0.0645757331   0.0523298952   0.0292926992
       -0.0155613921   0.0045959227  -0.0073294765   0.0038480023  -0.0014625829
       -0.0011726088   0.0011638287   0.0001384421   0.0000296686   0.0001348096
        0.0000572915  -0.0004591750   0.0003004844   0.0000357254  -0.0001565251
        0.0002276221   0.0000320546   0.0000709972  -0.0000832606   0.0000447890
       -0.0097496754   0.0024928060   0.5212871000  -0.0199353259   0.0068787878
       -0.0683246687   0.0204303060  -0.0066329493   0.0007743377   0.0022697300
        0.0008393141  -0.0036052640  -0.0000071626   0.0002274956   0.0007100214
       -0.0763481150  -0.0686108602  -0.2227213243   0.0001146859   0.0037249646
       -0.0449574779   0.1071258581   0.0523861656  -0.1796947739  -0.0010889708
        0.0006763688   0.0007419913  -0.0255474669   0.0091248898  -0.0054612986
        0.0001898947  -0.0006342236   0.0005119622   0.0010077637  -0.0000978473
        0.0009520171   0.0014571255  -0.0003359959  -0.0000387325   0.0000506300
       -0.0000201614  -0.0000602282   0.0000307228  -0.0000187547  -0.0001136614
       -0.1797808960   0.0479739050  -0.0199353259   0.4685752232   0.0079457843
        0.0246315450  -0.1063711863  -0.0240080686   0.0573685932  -0.0257868903
       -0.0049137796   0.0184882790   0.0007300406  -0.0000220744   0.0016419715
       -0.0158499543   0.0045236698  -0.0061182219  -0.0019149351   0.0042468273
       -0.0003702887  -0.0216423020   0.0072726759  -0.0004323722  -0.0424871099
       -0.0136694235  -0.0013544565  -0.0726678198  -0.0290363229  -0.0740008883
       -0.0026298764  -0.0031402507   0.0033595238   0.0044809719   0.0020527510
       -0.0040469984  -0.0056834528   0.0015648948   0.0002952419   0.0010338296
       -0.0010987168   0.0004520483  -0.0000056423   0.0003081284   0.0000213492
        0.0483759050  -0.0875558953   0.0068787878   0.0079457843   0.5242164266
        0.0161664395  -0.0235025238  -0.0790964875   0.0271400483   0.0040715705
        0.0018002659  -0.0063240123   0.0002270490   0.0007489338   0.0001306354
       -0.0078248600   0.0040285206  -0.0008078603   0.0292309693  -0.0160620351
        0.0049101913  -0.0066422462   0.0029987627  -0.0009158718  -0.0139992774
       -0.2703795812   0.0038781388  -0.0291922353  -0.0721131454  -0.0659196127
       -0.0187726474  -0.0127784809   0.0236620350   0.0061352038   0.0034870610
       -0.0079862015   0.0029626839   0.0001255940  -0.0002280556   0.0011568599
        0.0009356678  -0.0007916123  -0.0001722355  -0.0003556068   0.0002069504
       -0.0207611221   0.0069678503  -0.0683246687   0.0246315450   0.0161664395
        0.5001487015   0.0556790960   0.0267022981  -0.1414686679   0.0041962300
       -0.0013700050   0.0030685721  -0.0009008119  -0.0005467150  -0.0001422617
       -0.0258292793   0.0093369421  -0.0061597628  -0.0006064017   0.0010385501
        0.0001944663   0.0211068554  -0.0076975061   0.0020656301  -0.0009781870
        0.0047201672  -0.0456540248  -0.0743599750  -0.0661784175  -0.2154785942
        0.0035517098   0.0040875879  -0.0033046611   0.0164473742   0.0063950263
       -0.0263449806  -0.0016336106   0.0004334342   0.0011402990  -0.0006407946
       -0.0001081973   0.0003592773   0.0000973718   0.0000525451  -0.0000993246
       -0.0248480919  -0.0047750236   0.0204303060  -0.1063711863  -0.0235025238
        0.0556790960   0.4496357243   0.0099949576   0.0178926617  -0.1615345702
        0.0397329784  -0.0114102000  -0.0213787969  -0.0006456201  -0.0179683706
        0.0008861080  -0.0002283569   0.0009541946   0.0009121175  -0.0007874428
        0.0002034628  -0.0059400130   0.0019086532   0.0001769967  -0.0033624701
       -0.0036098938   0.0043828025   0.0052526287   0.0027563736  -0.0042508521
       -0.0423558847  -0.0032246478  -0.0010293308  -0.0649889899  -0.0297315864
       -0.0653026051  -0.0233455877   0.0077918792   0.0014225790  -0.0039053246
        0.0044222777  -0.0015342588   0.0013443368  -0.0001020244   0.0003535180
        0.0060166470   0.0021536465  -0.0066329493  -0.0240080686  -0.0790964875
        0.0267022981   0.0099949576   0.5242092247   0.0210932318   0.0431845122
       -0.0835959272   0.0089304527  -0.0139147822   0.0049415905  -0.0080863328
       -0.0002395575   0.0002165276  -0.0000164694   0.0010867003   0.0008755282
       -0.0008343901   0.0028035597  -0.0001326986  -0.0002351704  -0.0192341311
       -0.0128899587   0.0241833423   0.0053903002   0.0032739393  -0.0074650887
       -0.0026923179  -0.2685539770   0.0148818429  -0.0291838879  -0.0807702552
       -0.0783277869  -0.0056218287   0.0025372157   0.0006165036   0.0280228523
       -0.0145644694   0.0051231638  -0.0016049554   0.0013961013   0.0000673522
        0.0025326954  -0.0011582750   0.0007743377   0.0573685932   0.0271400483
       -0.1414686679   0.0178926617   0.0210932318   0.5044706867  -0.0121541371
        0.0070351374  -0.0625310498  -0.0343846769   0.0027406912  -0.0165740661
       -0.0010885971   0.0001542517   0.0011625400  -0.0006157554   0.0000320926
        0.0003454187  -0.0013139088   0.0002042088   0.0010000190   0.0032484393
        0.0036029693  -0.0032080737   0.0168136855   0.0066414670  -0.0268775238
       -0.0012075126   0.0143999442  -0.0457174732  -0.0643097269  -0.0785034915
       -0.2127143048   0.0216064765  -0.0070690475   0.0011426882  -0.0049123170
        0.0036667488  -0.0000281282   0.0005240802   0.0000200228   0.0002235971
       -0.0021674526  -0.0008705193   0.0022697300  -0.0257868903   0.0040715705
        0.0041962300  -0.1615345702   0.0431845122  -0.0121541371   0.4371351414
        0.0056952033  -0.0287537181  -0.0735377311  -0.0292275079  -0.0613801076
        0.0002054519   0.0000346492   0.0004103248  -0.0001424418  -0.0003142072
        0.0001385329  -0.0007878112   0.0004562872  -0.0001570274   0.0005672730
        0.0005743061  -0.0003214758   0.0002098929   0.0000536864  -0.0006869092
       -0.0038158258   0.0040298890  -0.0013117712  -0.0108120709   0.0031558517
       -0.0036352649  -0.1131038947  -0.0269193846   0.0981608331  -0.0420272139
       -0.0007337113   0.0041938896  -0.0044018567  -0.0031906251  -0.0009691290
       -0.0007539879  -0.0001613627   0.0008393141  -0.0049137796   0.0018002659
       -0.0013700050   0.0397329784  -0.0835959272   0.0070351374   0.0056952033
        0.5170218311  -0.0352419906  -0.0147634437  -0.0902179121  -0.0253896587
       -0.0000394531  -0.0000453935  -0.0001146454  -0.0000929131   0.0002237638
        0.0000601392  -0.0004148830   0.0003141018   0.0001016226  -0.0015129167
        0.0006300159   0.0001279502   0.0002541121   0.0004009452  -0.0002593960
        0.0296758600  -0.0149560764   0.0056121712  -0.0102756986   0.0030991803
       -0.0033149573  -0.0272763008  -0.0569207671   0.0374853481   0.0005478701
       -0.2604065036   0.0459156755  -0.0158626475  -0.0171861614  -0.0314867054
        0.0031410652   0.0010240507  -0.0036052640   0.0184882790  -0.0063240123
        0.0030685721  -0.0114102000   0.0089304527  -0.0625310498  -0.0287537181
       -0.0352419906   0.4497769789  -0.0568906261  -0.0490038571  -0.1722833321
       -0.0000615721   0.0000290929  -0.0000122903  -0.0001027075   0.0000315023
        0.0000888401   0.0015234512  -0.0003017537  -0.0000099135   0.0003404369
       -0.0002048950   0.0004166513   0.0006415283  -0.0006524209  -0.0000611056
       -0.0032768715   0.0016187553   0.0001588009  -0.0229253881   0.0064405822
       -0.0067831066   0.0956181452   0.0391132305  -0.1585429924   0.0025453155
        0.0408870036  -0.0499140841   0.0011228621  -0.0063457408   0.0002332951
        0.0003427875   0.0000423474  -0.0000071626   0.0007300406   0.0002270490
       -0.0009008119  -0.0213787969  -0.0139147822  -0.0343846769  -0.0735377311
       -0.0147634437  -0.0568906261   0.1023995521   0.0497752169   0.1073032414
       -0.0000426081   0.0000019041  -0.0001725230   0.0000917555  -0.0000061566
       -0.0000701590   0.0000584224  -0.0000888421   0.0001702129   0.0000754605
       -0.0002996804  -0.0003362108   0.0004845661   0.0000829738  -0.0004607454
        0.0019869969  -0.0009595307   0.0007726830  -0.0081157912   0.0018441900
       -0.0031257160   0.0087112401   0.0041896659   0.0026684849  -0.0017140663
       -0.0058723547  -0.0044797236  -0.0100918280  -0.0202585568  -0.0100862668
        0.0000062183   0.0001117533   0.0002274956  -0.0000220744   0.0007489338
       -0.0005467150  -0.0006456201   0.0049415905   0.0027406912  -0.0292275079
       -0.0902179121  -0.0490038571   0.0497752169   0.5215721280   0.0079923522
        0.0000722657  -0.0000700931   0.0000281826   0.0000576842  -0.0000465080
       -0.0000281687  -0.0000514906  -0.0000518801   0.0000180507   0.0001477480
       -0.0003263256  -0.0000867485  -0.0001062104  -0.0000479616   0.0004471270
        0.0006021398   0.0012392393   0.0007290822   0.0013417723   0.0004293286
        0.0005428813   0.0020296960   0.0030534346  -0.0060050480  -0.0156499786
       -0.0227074259  -0.0317484414  -0.0083298592  -0.4186283018   0.0746931158
       -0.0000034093  -0.0000553849   0.0007100214   0.0016419715   0.0001306354
       -0.0001422617  -0.0179683706  -0.0080863328  -0.0165740661  -0.0613801076
       -0.0253896587  -0.1722833321   0.1073032414   0.0079923522   0.2799851221
        0.0002338982   0.0000312806  -0.0000405302   0.0000566222   0.0000730671
       -0.0001606594  -0.0001778567  -0.0000669856   0.0001589721  -0.0000504227
       -0.0002348648  -0.0002365854  -0.0002081236   0.0003114695   0.0008870824
        0.0020531721   0.0000934829   0.0002351402  -0.0046086162   0.0014974543
       -0.0009923520  -0.0115424381  -0.0170326268  -0.0479053322  -0.0021323061
       -0.0072354068  -0.0011168078  -0.0132172546   0.0479715183  -0.0425244114
       -0.0752692294  -0.0302542797  -0.0763481150  -0.0158499543  -0.0078248600
       -0.0258292793   0.0008861080  -0.0002395575  -0.0010885971   0.0002054519
       -0.0000394531  -0.0000615721  -0.0000426081   0.0000722657   0.0002338982
        0.0897053617   0.0332868434   0.0909915226  -0.0005448927  -0.0027743990
       -0.0032523490   0.0065430179   0.0056812151   0.0165873402   0.0008444801
       -0.0005150521   0.0000009042  -0.0061400417   0.0024796981  -0.0017691348
       -0.0000852523  -0.0001296489  -0.0000362898  -0.0003724910   0.0003110562
        0.0005979195   0.0000432500  -0.0000446209   0.0000447649   0.0000615325
       -0.0000265182  -0.0000453018   0.0000152675   0.0000173108  -0.0000257108
       -0.0304625375  -0.0712639707  -0.0686108602   0.0045236698   0.0040285206
        0.0093369421  -0.0002283569   0.0002165276   0.0001542517   0.0000346492
       -0.0000453935   0.0000290929   0.0000019041  -0.0000700931   0.0000312806
        0.0332868434   0.0792504037   0.0798297471  -0.0125279108  -0.0159590414
       -0.0303436713   0.0027371813   0.0033413583   0.0082498693   0.0002456019
        0.0004938870   0.0007038387   0.0025685955   0.0001129781   0.0007349603
       -0.0000845623  -0.0003090093  -0.0001622497  -0.0001064937   0.0001752837
        0.0000404570  -0.0000376572   0.0000117993   0.0000312933   0.0000436061
       -0.0000180155   0.0000347000   0.0000054670   0.0000347653  -0.0000596519
       -0.0763028251  -0.0686015833  -0.2227213243  -0.0061182219  -0.0008078603
       -0.0061597628   0.0009541946  -0.0000164694   0.0011625400   0.0004103248
       -0.0001146454  -0.0000122903  -0.0001725230   0.0000281826  -0.0000405302
        0.0909915226   0.0798297471   0.2573373735  -0.0007468217  -0.0026730433
       -0.0019796393  -0.0073234033  -0.0087767364  -0.0280341657   0.0002729714
        0.0001468715   0.0000295152  -0.0017326117   0.0010245052   0.0002938686
       -0.0001126492  -0.0000787352  -0.0001291368  -0.0001950760  -0.0000135173
        0.0002554277  -0.0000062854  -0.0000180472   0.0000456192  -0.0000016310
        0.0000430163  -0.0000389406   0.0000830351   0.0000283152  -0.0000085542
       -0.0430610422  -0.0116910229   0.0001146859  -0.0019149351   0.0292309693
       -0.0006064017   0.0009121175   0.0010867003  -0.0006157554  -0.0001424418
       -0.0000929131  -0.0001027075   0.0000917555   0.0000576842   0.0000566222
       -0.0005448927  -0.0125279108  -0.0007468217   0.0513703531   0.0110092773
        0.0003499375  -0.0017363626  -0.0203050873   0.0017681190  -0.0054143144
        0.0036024648  -0.0007741523   0.0008856044   0.0002755501   0.0003048891
       -0.0004373082  -0.0003254706   0.0002404963  -0.0000615716  -0.0001098373
       -0.0000428733   0.0000603919  -0.0000597005  -0.0000011907   0.0000853172
       -0.0001111574   0.0000458823  -0.0000926711  -0.0000395459   0.0000092703
       -0.0116490224  -0.2812457453   0.0037249646   0.0042468273  -0.0160620351
        0.0010385501  -0.0007874428   0.0008755282   0.0000320926  -0.0003142072
        0.0002237638   0.0000315023  -0.0000061566  -0.0000465080   0.0000730671
       -0.0027743990  -0.0159590414  -0.0026730433   0.0110092773   0.3268451236
       -0.0052349297  -0.0031882259  -0.0143637454   0.0024348387   0.0035907407
       -0.0010328476   0.0008908618  -0.0004947806   0.0005127289   0.0000820408
        0.0005276166   0.0003810335  -0.0002384692  -0.0000265298  -0.0002633917
       -0.0000448926  -0.0000131541   0.0000294431  -0.0000548680  -0.0001612624
       -0.0000144188  -0.0000241938   0.0000407189   0.0001201123  -0.0000375213
        0.0003469264   0.0035589985  -0.0449574779  -0.0003702887   0.0049101913
        0.0001944663   0.0002034628  -0.0008343901   0.0003454187   0.0001385329
        0.0000601392   0.0000888401  -0.0000701590  -0.0000281687  -0.0001606594
       -0.0032523490  -0.0303436713  -0.0019796393   0.0003499375  -0.0052349297
        0.0480653006   0.0035249055   0.0264389677  -0.0020962071  -0.0010754777
        0.0007457093   0.0005715532  -0.0000143761   0.0006847855   0.0000176180
        0.0003174054   0.0001179143   0.0000818036  -0.0000884332  -0.0001185644
       -0.0001620526   0.0000162717   0.0000009527  -0.0000246314  -0.0000147007
        0.0000499172  -0.0000549214  -0.0000116576  -0.0000078514   0.0000705887
       -0.1261013243  -0.0426727658   0.1071258581  -0.0216423020  -0.0066422462
        0.0211068554  -0.0059400130   0.0028035597  -0.0013139088  -0.0007878112
       -0.0004148830   0.0015234512   0.0000584224  -0.0000514906  -0.0001778567
        0.0065430179   0.0027371813  -0.0073234033  -0.0017363626  -0.0031882259
        0.0035249055   0.1489590392   0.0477130619  -0.1247975735   0.0006200883
       -0.0001869518   0.0003089546   0.0003662811  -0.0004546404   0.0002968270
        0.0001284117   0.0001933896  -0.0001911953   0.0000447312   0.0000209990
       -0.0001909242  -0.0005966119   0.0001610012   0.0000192548   0.0000494619
       -0.0000287462   0.0000406599   0.0000349714   0.0000107572   0.0000480954
       -0.0428663825  -0.0645757331   0.0523861656   0.0072726759   0.0029987627
       -0.0076975061   0.0019086532  -0.0001326986   0.0002042088   0.0004562872
        0.0003141018  -0.0003017537  -0.0000888421  -0.0000518801  -0.0000669856
        0.0056812151   0.0033413583  -0.0087767364  -0.0203050873  -0.0143637454
        0.0264389677   0.0477130619   0.0720718318  -0.0615785803   0.0003477201
        0.0003178528  -0.0004471423  -0.0004003368   0.0000509012  -0.0001046690
        0.0001781756   0.0000676493  -0.0000369464  -0.0000302132  -0.0000627641
        0.0000085439   0.0001695164  -0.0000617928  -0.0000136342  -0.0000653559
        0.0000531591  -0.0000426345   0.0000289125   0.0000329972   0.0000287024
        0.1074451406   0.0523298952  -0.1796947739  -0.0004323722  -0.0009158718
        0.0020656301   0.0001769967  -0.0002351704   0.0010000190  -0.0001570274
        0.0001016226  -0.0000099135   0.0001702129   0.0000180507   0.0001589721
        0.0165873402   0.0082498693  -0.0280341657   0.0017681190   0.0024348387
       -0.0020962071  -0.1247975735  -0.0615785803   0.2058384616  -0.0000344263
       -0.0003151804   0.0000196846  -0.0003319077   0.0000620852   0.0005473038
       -0.0001769844  -0.0001924717   0.0000126980  -0.0001979639   0.0001268835
        0.0002338276  -0.0000046318  -0.0000413661  -0.0000214229   0.0000334331
       -0.0000461502   0.0000048619  -0.0000483553   0.0000015456  -0.0000249756
       -0.0028028088   0.0292926992  -0.0010889708  -0.0424871099  -0.0139992774
       -0.0009781870  -0.0033624701  -0.0192341311   0.0032484393   0.0005672730
       -0.0015129167   0.0003404369   0.0000754605   0.0001477480  -0.0000504227
        0.0008444801   0.0002456019   0.0002729714  -0.0054143144   0.0035907407
       -0.0010754777   0.0006200883   0.0003477201  -0.0000344263   0.0541094668
        0.0142930151  -0.0017167442  -0.0000954346  -0.0129108212  -0.0015617350
       -0.0022493323  -0.0014173772   0.0032598492   0.0005895410   0.0002788040
       -0.0006073672   0.0001787408   0.0002399509  -0.0001414172  -0.0005658977
        0.0004648361   0.0001287352  -0.0000076827   0.0001734076   0.0000043161
        0.0034384925  -0.0155613921   0.0006763688  -0.0136694235  -0.2703795812
        0.0047201672  -0.0036098938  -0.0128899587   0.0036029693   0.0005743061
        0.0006300159  -0.0002048950  -0.0002996804  -0.0003263256  -0.0002348648
       -0.0005150521   0.0004938870   0.0001468715   0.0036024648  -0.0010328476
        0.0007457093  -0.0001869518   0.0003178528  -0.0003151804   0.0142930151
        0.3147012093  -0.0079318358  -0.0024322227  -0.0166099651  -0.0033970769
       -0.0015496630  -0.0006865249   0.0025549381   0.0004462937   0.0005831834
       -0.0002497051   0.0001925843   0.0001749348  -0.0000017145  -0.0004133072
        0.0003176465  -0.0000628302   0.0001290381   0.0002678654  -0.0000489215
       -0.0003252119   0.0045959227   0.0007419913  -0.0013544565   0.0038781388
       -0.0456540248   0.0043828025   0.0241833423  -0.0032080737  -0.0003214758
        0.0001279502   0.0004166513  -0.0003362108  -0.0000867485  -0.0002365854
        0.0000009042   0.0007038387   0.0000295152  -0.0007741523   0.0008908618
        0.0005715532   0.0003089546  -0.0004471423   0.0000196846  -0.0017167442
       -0.0079318358   0.0519130963  -0.0030683478  -0.0293204597  -0.0019470390
        0.0034719419   0.0027227691  -0.0033816153  -0.0002430279   0.0008710121
        0.0005499058  -0.0002027546  -0.0000617247  -0.0000216306   0.0001291937
       -0.0001256682   0.0002416576   0.0000485848  -0.0000002566  -0.0000350864
       -0.0160030616  -0.0073294765  -0.0255474669  -0.0726678198  -0.0291922353
       -0.0743599750   0.0052526287   0.0053903002   0.0168136855   0.0002098929
        0.0002541121   0.0006415283   0.0004845661  -0.0001062104  -0.0002081236
       -0.0061400417   0.0025685955  -0.0017326117   0.0008856044  -0.0004947806
       -0.0000143761   0.0003662811  -0.0004003368  -0.0003319077  -0.0000954346
       -0.0024322227  -0.0030683478   0.0896321691   0.0325980120   0.0844923978
        0.0004139430   0.0003054124  -0.0002446688  -0.0020637748  -0.0007849791
        0.0035447026   0.0001863931  -0.0000692841  -0.0003475511   0.0000153407
       -0.0000006720  -0.0000009407  -0.0004766865  -0.0003062346   0.0003636551
        0.0050830035   0.0038480023   0.0091248898  -0.0290363229  -0.0721131454
       -0.0661784175   0.0027563736   0.0032739393   0.0066414670   0.0000536864
        0.0004009452  -0.0006524209   0.0000829738  -0.0000479616   0.0003114695
        0.0024796981   0.0001129781   0.0010245052   0.0002755501   0.0005127289
        0.0006847855  -0.0004546404   0.0000509012   0.0000620852  -0.0129108212
       -0.0166099651  -0.0293204597   0.0325980120   0.0801682898   0.0759575146
        0.0002040792   0.0003141195   0.0005777534  -0.0008305648   0.0006471760
        0.0016330305  -0.0000158457  -0.0002094959   0.0000216998  -0.0000177187
       -0.0002946884  -0.0002015993  -0.0002674628  -0.0000538239   0.0003136970
       -0.0050994336  -0.0014625829  -0.0054612986  -0.0740008883  -0.0659196127
       -0.2154785942  -0.0042508521  -0.0074650887  -0.0268775238  -0.0006869092
       -0.0002593960  -0.0000611056  -0.0004607454   0.0004471270   0.0008870824
       -0.0017691348   0.0007349603   0.0002938686   0.0003048891   0.0000820408
        0.0000176180   0.0002968270  -0.0001046690   0.0005473038  -0.0015617350
       -0.0033970769  -0.0019470390   0.0844923978   0.0759575146   0.2525297813
       -0.0005526585  -0.0002350083   0.0004177971   0.0032861690   0.0017630483
       -0.0048367858  -0.0004027599  -0.0001548822   0.0001256919   0.0000255444
       -0.0001328749  -0.0001676929   0.0003792895   0.0001465004   0.0000108967
        0.0006847616  -0.0011726088   0.0001898947  -0.0026298764  -0.0187726474
        0.0035517098  -0.0423558847  -0.0026923179  -0.0012075126  -0.0038158258
        0.0296758600  -0.0032768715   0.0019869969   0.0006021398   0.0020531721
       -0.0000852523  -0.0000845623  -0.0001126492  -0.0004373082   0.0005276166
        0.0003174054   0.0001284117   0.0001781756  -0.0001769844  -0.0022493323
       -0.0015496630   0.0034719419   0.0004139430   0.0002040792  -0.0005526585
        0.0524784074   0.0023231421  -0.0014167290   0.0005799196  -0.0115371918
       -0.0007919802   0.0007128476   0.0003395413  -0.0002433351  -0.0053565946
        0.0026509525  -0.0013404900  -0.0000552136  -0.0006925158  -0.0004649133
        0.0006126439   0.0011638287  -0.0006342236  -0.0031402507  -0.0127784809
        0.0040875879  -0.0032246478  -0.2685539770   0.0143999442   0.0040298890
       -0.0149560764   0.0016187553  -0.0009595307   0.0012392393   0.0000934829
       -0.0001296489  -0.0003090093  -0.0000787352  -0.0003254706   0.0003810335
        0.0001179143   0.0001933896   0.0000676493  -0.0001924717  -0.0014173772
       -0.0006865249   0.0027227691   0.0003054124   0.0003141195  -0.0002350083
        0.0023231421   0.3126822985  -0.0194409492  -0.0014522734  -0.0180702566
       -0.0025634512  -0.0002648411   0.0000736812  -0.0002402466   0.0030371012
       -0.0008253954   0.0001524544   0.0004124623   0.0002578705   0.0001921777
       -0.0007250678   0.0001384421   0.0005119622   0.0033595238   0.0236620350
       -0.0033046611  -0.0010293308   0.0148818429  -0.0457174732  -0.0013117712
        0.0056121712   0.0001588009   0.0007726830   0.0007290822   0.0002351402
       -0.0000362898  -0.0001622497  -0.0001291368   0.0002404963  -0.0002384692
        0.0000818036  -0.0001911953  -0.0000369464   0.0000126980   0.0032598492
        0.0025549381  -0.0033816153  -0.0002446688   0.0005777534   0.0004177971
       -0.0014167290  -0.0194409492   0.0512655382  -0.0014384837  -0.0286335322
       -0.0005606737   0.0003231969  -0.0002969712  -0.0001037056  -0.0010816649
        0.0008687734   0.0003405767  -0.0004805480  -0.0002159203   0.0001729488
        0.0009768873   0.0000296686   0.0010077637   0.0044809719   0.0061352038
        0.0164473742  -0.0649889899  -0.0291838879  -0.0643097269  -0.0108120709
       -0.0102756986  -0.0229253881  -0.0081157912   0.0013417723  -0.0046086162
       -0.0003724910  -0.0001064937  -0.0001950760  -0.0000615716  -0.0000265298
       -0.0000884332   0.0000447312  -0.0000302132  -0.0001979639   0.0005895410
        0.0004462937  -0.0002430279  -0.0020637748  -0.0008305648   0.0032861690
        0.0005799196  -0.0014522734  -0.0014384837   0.0792611609   0.0344084643
        0.0736871167   0.0000293287  -0.0005478235  -0.0003793034   0.0003922221
       -0.0002315823  -0.0001445126   0.0000599269   0.0003236647   0.0001021083
        0.0001226772   0.0001348096  -0.0000978473   0.0020527510   0.0034870610
        0.0063950263  -0.0297315864  -0.0807702552  -0.0785034915   0.0031558517
        0.0030991803   0.0064405822   0.0018441900   0.0004293286   0.0014974543
        0.0003110562   0.0001752837  -0.0000135173  -0.0001098373  -0.0002633917
       -0.0001185644   0.0000209990  -0.0000627641   0.0001268835   0.0002788040
        0.0005831834   0.0008710121  -0.0007849791   0.0006471760   0.0017630483
       -0.0115371918  -0.0180702566  -0.0286335322   0.0344084643   0.0900578252
        0.0898692205  -0.0003742318   0.0001324354   0.0002014838   0.0001473257
        0.0002082637   0.0003017478   0.0001957074   0.0002121207  -0.0000995062
       -0.0005982730   0.0000572915   0.0009520171  -0.0040469984  -0.0079862015
       -0.0263449806  -0.0653026051  -0.0783277869  -0.2127143048  -0.0036352649
       -0.0033149573  -0.0067831066  -0.0031257160   0.0005428813  -0.0009923520
        0.0005979195   0.0000404570   0.0002554277  -0.0000428733  -0.0000448926
       -0.0001620526  -0.0001909242   0.0000085439   0.0002338276  -0.0006073672
       -0.0002497051   0.0005499058   0.0035447026   0.0016330305  -0.0048367858
       -0.0007919802  -0.0025634512  -0.0005606737   0.0736871167   0.0898692205
        0.2498434919   0.0002285288  -0.0001371672   0.0005934775   0.0001022469
        0.0001402760  -0.0001960399   0.0001814878   0.0003324609   0.0001621482
       -0.0012144504  -0.0004591750   0.0014571255  -0.0056834528   0.0029626839
       -0.0016336106  -0.0233455877  -0.0056218287   0.0216064765  -0.1131038947
       -0.0272763008   0.0956181452   0.0087112401   0.0020296960  -0.0115424381
        0.0000432500  -0.0000376572  -0.0000062854   0.0000603919  -0.0000131541
        0.0000162717  -0.0005966119   0.0001695164  -0.0000046318   0.0001787408
        0.0001925843  -0.0002027546   0.0001863931  -0.0000158457  -0.0004027599
        0.0007128476  -0.0002648411   0.0003231969   0.0000293287  -0.0003742318
        0.0002285288   0.1334071957   0.0307080668  -0.1074928963  -0.0004977032
       -0.0017026331   0.0026583573   0.0011123128  -0.0002968798  -0.0006227250
        0.0003018320   0.0003004844  -0.0003359959   0.0015648948   0.0001255940
        0.0004334342   0.0077918792   0.0025372157  -0.0070690475  -0.0269193846
       -0.0569207671   0.0391132305   0.0041896659   0.0030534346  -0.0170326268
       -0.0000446209   0.0000117993  -0.0000180472  -0.0000597005   0.0000294431
        0.0000009527   0.0001610012  -0.0000617928  -0.0000413661   0.0002399509
        0.0001749348  -0.0000617247  -0.0000692841  -0.0002094959  -0.0001548822
        0.0003395413   0.0000736812  -0.0002969712  -0.0005478235   0.0001324354
       -0.0001371672   0.0307080668   0.0612390411  -0.0377220943  -0.0189258584
       -0.0113569327   0.0253639151   0.0012698401   0.0008709248  -0.0020416095
        0.0000169483   0.0000357254  -0.0000387325   0.0002952419  -0.0002280556
        0.0011402990   0.0014225790   0.0006165036   0.0011426882   0.0981608331
        0.0374853481  -0.1585429924   0.0026684849  -0.0060050480  -0.0479053322
        0.0000447649   0.0000312933   0.0000456192  -0.0000011907  -0.0000548680
       -0.0000246314   0.0000192548  -0.0000136342  -0.0000214229  -0.0001414172
       -0.0000017145  -0.0000216306  -0.0003475511   0.0000216998   0.0001256919
       -0.0002433351  -0.0002402466  -0.0001037056  -0.0003793034   0.0002014838
        0.0005934775  -0.1074928963  -0.0377220943   0.2089496629   0.0060415265
        0.0055262299  -0.0065572071  -0.0000639397   0.0003473774   0.0012182160
       -0.0000246521  -0.0001565251   0.0000506300   0.0010338296   0.0011568599
       -0.0006407946  -0.0039053246   0.0280228523  -0.0049123170  -0.0420272139
        0.0005478701   0.0025453155  -0.0017140663  -0.0156499786  -0.0021323061
        0.0000615325   0.0000436061  -0.0000016310   0.0000853172  -0.0001612624
       -0.0000147007   0.0000494619  -0.0000653559   0.0000334331  -0.0005658977
       -0.0004133072   0.0001291937   0.0000153407  -0.0000177187   0.0000255444
       -0.0053565946   0.0030371012  -0.0010816649   0.0003922221   0.0001473257
        0.0001022469  -0.0004977032  -0.0189258584   0.0060415265   0.0523186964
        0.0038484496   0.0022306382   0.0001350523  -0.0014140586  -0.0023751140
       -0.0002883755   0.0002276221  -0.0000201614  -0.0010987168   0.0009356678
       -0.0001081973   0.0044222777  -0.0145644694   0.0036667488  -0.0007337113
       -0.2604065036   0.0408870036  -0.0058723547  -0.0227074259  -0.0072354068
       -0.0000265182  -0.0000180155   0.0000430163  -0.0001111574  -0.0000144188
        0.0000499172  -0.0000287462   0.0000531591  -0.0000461502   0.0004648361
        0.0003176465  -0.0001256682  -0.0000006720  -0.0002946884  -0.0001328749
        0.0026509525  -0.0008253954   0.0008687734  -0.0002315823   0.0002082637
        0.0001402760  -0.0017026331  -0.0113569327   0.0055262299   0.0038484496
        0.3090999637  -0.0403961560  -0.0012920484  -0.0006544731  -0.0031173503
        0.0000801670   0.0000320546  -0.0000602282   0.0004520483  -0.0007916123
        0.0003592773  -0.0015342588   0.0051231638  -0.0000281282   0.0041938896
        0.0459156755  -0.0499140841  -0.0044797236  -0.0317484414  -0.0011168078
       -0.0000453018   0.0000347000  -0.0000389406   0.0000458823  -0.0000241938
       -0.0000549214   0.0000406599  -0.0000426345   0.0000048619   0.0001287352
       -0.0000628302   0.0002416576  -0.0000009407  -0.0002015993  -0.0001676929
       -0.0013404900   0.0001524544   0.0003405767  -0.0001445126   0.0003017478
       -0.0001960399   0.0026583573   0.0253639151  -0.0065572071   0.0022306382
       -0.0403961560   0.0606159320  -0.0022851502  -0.0036562437  -0.0034282553
        0.0000735641   0.0000709972   0.0000307228  -0.0000056423  -0.0001722355
        0.0000973718   0.0013443368  -0.0016049554   0.0005240802  -0.0044018567
       -0.0158626475   0.0011228621  -0.0100918280  -0.0083298592  -0.0132172546
        0.0000152675   0.0000054670   0.0000830351  -0.0000926711   0.0000407189
       -0.0000116576   0.0000349714   0.0000289125  -0.0000483553  -0.0000076827
        0.0001290381   0.0000485848  -0.0004766865  -0.0002674628   0.0003792895
       -0.0000552136   0.0004124623  -0.0004805480   0.0000599269   0.0001957074
        0.0001814878   0.0011123128   0.0012698401  -0.0000639397   0.0001350523
       -0.0012920484  -0.0022851502   0.0123561491   0.0253760654   0.0136394712
        0.0000911070  -0.0000832606  -0.0000187547   0.0003081284  -0.0003556068
        0.0000525451  -0.0001020244   0.0013961013   0.0000200228  -0.0031906251
       -0.0171861614  -0.0063457408  -0.0202585568  -0.4186283018   0.0479715183
        0.0000173108   0.0000347653   0.0000283152  -0.0000395459   0.0001201123
       -0.0000078514   0.0000107572   0.0000329972   0.0000015456   0.0001734076
        0.0002678654  -0.0000002566  -0.0003062346  -0.0000538239   0.0001465004
       -0.0006925158   0.0002578705  -0.0002159203   0.0003236647   0.0002121207
        0.0003324609  -0.0002968798   0.0008709248   0.0003473774  -0.0014140586
       -0.0006544731  -0.0036562437   0.0253760654   0.4337688700  -0.0386555182
        0.0000020752   0.0000447890  -0.0001136614   0.0000213492   0.0002069504
       -0.0000993246   0.0003535180   0.0000673522   0.0002235971  -0.0009691290
       -0.0314867054   0.0002332951  -0.0100862668   0.0746931158  -0.0425244114
       -0.0000257108  -0.0000596519  -0.0000085542   0.0000092703  -0.0000375213
        0.0000705887   0.0000480954   0.0000287024  -0.0000249756   0.0000043161
       -0.0000489215  -0.0000350864   0.0003636551   0.0003136970   0.0000108967
       -0.0004649133   0.0001921777   0.0001729488   0.0001021083  -0.0000995062
        0.0001621482  -0.0006227250  -0.0020416095   0.0012182160  -0.0023751140
       -0.0031173503  -0.0034282553   0.0136394712  -0.0386555182   0.0441425783
