           1           2   1.01939972476139     
           2           3   1.00885885568065     
           3           4  0.998285462086788     
           4           5  0.993989174995585     
           1           6  0.987648438000623     
           1           7  0.987566484652553     
           1           8  0.987090651477127     
           2           9  0.978415247488677     
           2          10  0.977236202376515     
           3          11  0.974721565676445     
           3          12  0.975603385537500     
           4          13  0.971052798424068     
           4          14  0.973317230100321     
           5          15  0.862117001851539     
