           1           2   1.00980264282876     
           2           3  0.975850446200829     
           3           4  0.972884969103395     
           4           5   1.00315251311030     
           1           6  0.983927844808059     
           1           7  0.985042710145350     
           1           8  0.986227584163012     
           2           9  0.970357681494773     
           2          10  0.968037445735012     
           4          11  0.972372127089937     
           4          12  0.974021516350593     
           5          13  0.983553693232187     
           5          14  0.988567742541229     
           5          15  0.989302178914043     
