           1           2   1.02130018985867     
           2           3   1.00256029593803     
           3           4   1.00024055057261     
           4           5  0.993561030347075     
           1           6  0.987837129169278     
           1           7  0.987761607741437     
           1           8  0.986863910671128     
           2           9  0.981696704098585     
           2          10  0.977190835836754     
           3          11  0.974730346284239     
           3          12  0.978707232757993     
           4          13  0.973357513573423     
           4          14  0.970652472229886     
           5          15  0.862266373044601     
