           1           2   1.02068735909863     
           2           3   1.00750803015293     
           3           4   1.00584548402564     
           4           5  0.989968284761681     
           1           6  0.987290647239748     
           1           7  0.987008184161469     
           1           8  0.985363903796900     
           2           9  0.977035512647008     
           2          10  0.978609028464768     
           3          11  0.976486352156218     
           3          12  0.975321389504441     
           4          13  0.972036532295370     
           4          14  0.969521811475325     
           5          15  0.859044330810998     
