$hessian                                                                        
        0.4850501575  -0.0160601719  -0.0369697828  -0.1126189420  -0.0212657907
       -0.0558929676  -0.0307767582  -0.0226165495  -0.0060840437   0.0004240252
       -0.0006449344  -0.0008471098  -0.0004178598   0.0001125642   0.0000437164
       -0.0752635110   0.0667777253  -0.0480016208  -0.1756076615  -0.0751951690
        0.0971483682  -0.0842514752   0.0698042134   0.0597285467   0.0059850255
        0.0021079993   0.0053857156  -0.0114620766  -0.0029671598  -0.0141884293
        0.0001153561  -0.0000076019  -0.0001987097  -0.0009684663  -0.0001287911
       -0.0000075641  -0.0001563028   0.0000615015  -0.0000226074  -0.0000181975
       -0.0000642038  -0.0000426493  -0.0000333132   0.0000863684  -0.0000508625
       -0.0160601719   0.5166907698  -0.0201457329  -0.0218477448  -0.0791476437
       -0.0301959933  -0.0242365283  -0.0108694533  -0.0040803896   0.0003688217
       -0.0006114210  -0.0004149463  -0.0001126522  -0.0002103306  -0.0000313975
        0.0664980965  -0.1801423335   0.1003691329  -0.0748513944  -0.0853278506
        0.0553056770   0.0690328400  -0.1584690840  -0.0973623305  -0.0127560872
       -0.0093036320  -0.0175983845   0.0133514077   0.0062983188   0.0142078677
        0.0001504268   0.0001554513  -0.0000920330   0.0006312633   0.0006470470
        0.0001805656  -0.0000598598   0.0001373425  -0.0001011301  -0.0000979484
        0.0001802038  -0.0000271212  -0.0000104691  -0.0000273845  -0.0000137844
       -0.0369697828  -0.0201457329   0.4978228449  -0.0553899994  -0.0299339518
       -0.1237845607   0.0101470400   0.0058299681   0.0118763355   0.0002947248
        0.0004905040   0.0007873351   0.0000438953   0.0000311819  -0.0004642933
       -0.0473804123   0.1009581010  -0.1185520637   0.0964246560   0.0549633397
       -0.1107246551   0.0594047499  -0.0978360945  -0.1281790629  -0.0127361728
       -0.0101194807  -0.0158079215  -0.0141433398  -0.0044911973  -0.0138931837
        0.0000116846   0.0000896230   0.0001964955   0.0001793862   0.0003353952
        0.0003804483   0.0000036245  -0.0000653583   0.0001437501  -0.0000317346
       -0.0001495260   0.0000876808   0.0001416805   0.0000432285   0.0001108506
       -0.1126189420  -0.0218477448  -0.0553899994   0.4341021108  -0.0624243298
        0.0029031968  -0.1143460466  -0.0422468920   0.0446795654  -0.0269639882
       -0.0059504373   0.0177918787   0.0004240363  -0.0003684778   0.0002950548
       -0.0112277449  -0.0024534240  -0.0109539491  -0.0167538129  -0.0092706867
       -0.0118976984   0.0087233703   0.0025586883   0.0058931061  -0.0790799791
        0.0702065765   0.0548864628  -0.0796694876   0.0706251532  -0.0484499823
       -0.0024127569   0.0019610721   0.0012892607   0.0007852372  -0.0005590923
       -0.0012712210   0.0001719248  -0.0001950325  -0.0003143624  -0.0007280497
       -0.0000608229   0.0003681792  -0.0004058716   0.0000254500   0.0001705079
       -0.0212657907  -0.0791476437  -0.0299339518  -0.0624243298   0.5012888722
        0.0207324024  -0.0572213432  -0.1309826385   0.0373458881   0.0059719446
        0.0174743014  -0.0022499463   0.0006440613  -0.0006114149  -0.0004890789
        0.0147179426   0.0076246427   0.0145639115  -0.0095511567  -0.0051173657
       -0.0067893582  -0.0136432725  -0.0096243509  -0.0160481304   0.0664851857
       -0.1467123767  -0.0902946803   0.0715954670  -0.1553527022   0.0764435667
        0.0029687104  -0.0003304432  -0.0024814427   0.0002054079   0.0015977663
       -0.0008416745   0.0008026037  -0.0000442535  -0.0000068427   0.0006333979
       -0.0001546719  -0.0001495893   0.0000811720   0.0000922785   0.0001989266
       -0.0558929676  -0.0301959933  -0.1237845607   0.0029031968   0.0207324024
        0.4584116270   0.0414483662   0.0286941983  -0.0708244274   0.0177856008
        0.0022095275  -0.0189755565  -0.0008478558   0.0004165382   0.0007874505
       -0.0157084126  -0.0043698667  -0.0143732079   0.0101839336   0.0051532601
        0.0078081174  -0.0125952082  -0.0103589356  -0.0151808390   0.0559988626
       -0.0923136739  -0.1227185390  -0.0475461113   0.0798140973  -0.0995318195
        0.0045524117  -0.0018460799  -0.0020963205   0.0010512987   0.0016252411
        0.0008102974  -0.0005690635   0.0002080708  -0.0001186698  -0.0005013856
        0.0004001811   0.0001012563  -0.0002626660  -0.0001689675  -0.0003148083
       -0.0307767582  -0.0242365283   0.0101470400  -0.1143460466  -0.0572213432
        0.0414483662   0.3338963952  -0.0000782400  -0.1473926421  -0.1143408835
        0.0572651773   0.0413852004  -0.0307746111   0.0242486413   0.0101206017
        0.0019560700   0.0011131293   0.0012161201  -0.0061030195  -0.0035431456
       -0.0040633011   0.0008535607   0.0006137306   0.0005767090  -0.0221833822
       -0.0077038870   0.0185417026   0.0036462411  -0.0060745368   0.0058834308
       -0.0221828900   0.0077249278   0.0185337822   0.0036477856   0.0060794365
        0.0058756871  -0.0061026953   0.0035389821  -0.0040669015   0.0008534658
       -0.0006131433   0.0005773932   0.0019567680  -0.0011132007   0.0012168114
       -0.0226165495  -0.0108694533   0.0058299681  -0.0422468920  -0.1309826385
        0.0286941983  -0.0000782400   0.3156757244  -0.0000744933   0.0422944825
       -0.1310584730  -0.0286314668   0.0226109737  -0.0108743848  -0.0058058422
        0.0011352233   0.0007347846   0.0002231188  -0.0034442281  -0.0018628075
       -0.0030754152   0.0009779145   0.0000200768   0.0005380720   0.0120996620
        0.0099940395  -0.0076425817  -0.0235951717  -0.0248096296   0.0231254928
       -0.0120771964   0.0099941487   0.0076166083   0.0236112234  -0.0248579528
       -0.0231149949   0.0034413976  -0.0018588951   0.0030768408  -0.0009774803
        0.0000184665  -0.0005372623  -0.0011351190   0.0007369943  -0.0002222428
       -0.0060840437  -0.0040803896   0.0118763355   0.0446795654   0.0373458881
       -0.0708244274  -0.1473926421  -0.0000744933   0.1714281899   0.0446320945
       -0.0372830892  -0.0707526861  -0.0061084174   0.0041051695   0.0118779702
        0.0011701667  -0.0003531796   0.0014613037  -0.0025651742  -0.0017302157
       -0.0008199241   0.0007337425   0.0006570982   0.0007207008   0.0195039753
        0.0086550153  -0.0133036081   0.0163018868   0.0198788072  -0.0148829993
        0.0195165178  -0.0086809312  -0.0133021631   0.0162752864  -0.0198689768
       -0.0148364943  -0.0025688323   0.0017314217  -0.0008253935   0.0007348345
       -0.0006563689   0.0007218606   0.0011710398   0.0003542444   0.0014613352
        0.0004240252   0.0003688217   0.0002947248  -0.0269639882   0.0059719446
        0.0177856008  -0.1143408835   0.0422944825   0.0446320945   0.4341074421
        0.0624311482   0.0028346134  -0.1126169350   0.0217891643  -0.0554122558
       -0.0004059042  -0.0000252753   0.0001705912   0.0001718965   0.0001947017
       -0.0003145339  -0.0007281067   0.0000612593   0.0003681313  -0.0024129864
       -0.0019596214   0.0012915413   0.0007852719   0.0005577083  -0.0012718631
       -0.0790862982  -0.0701505240   0.0549668895  -0.0796760746  -0.0706816118
       -0.0483776136  -0.0167530299   0.0092583853  -0.0119072206   0.0087238994
       -0.0025532087   0.0058966038  -0.0112283282   0.0024426254  -0.0109573035
       -0.0006449344  -0.0006114210   0.0004905040  -0.0059504373   0.0174743014
        0.0022095275   0.0572651773  -0.1310584730  -0.0372830892   0.0624311482
        0.5012371313  -0.0207786256   0.0212066057  -0.0790843615   0.0298881272
       -0.0000814831   0.0000923514  -0.0001993590  -0.0008032031  -0.0000445232
        0.0000067279  -0.0006338796  -0.0001549155   0.0001498271  -0.0029636573
       -0.0003254772   0.0024794337  -0.0002042871   0.0015968458   0.0008408912
       -0.0664279398  -0.1465073986   0.0903177899  -0.0716508885  -0.1555152782
       -0.0763801654   0.0095628967  -0.0051164784   0.0068038404   0.0136287292
       -0.0095961214   0.0160417550  -0.0147338470   0.0076138180  -0.0145871847
       -0.0008471098  -0.0004149463   0.0007873351   0.0177918787  -0.0022499463
       -0.0189755565   0.0413852004  -0.0286314668  -0.0707526861   0.0028346134
       -0.0207786256   0.4584555808  -0.0559146247   0.0301501360  -0.1238496412
       -0.0002626321   0.0001684795  -0.0003147667  -0.0005681811  -0.0002081197
       -0.0001184423  -0.0005007005  -0.0003998748   0.0001015551   0.0045557323
        0.0018439863  -0.0021010039   0.0010514225  -0.0016261424   0.0008111699
        0.0560753445   0.0923366600  -0.1229165469  -0.0474727796  -0.0797507295
       -0.0993620820   0.0101735374  -0.0051398281   0.0078066650  -0.0126095168
        0.0103535145  -0.0152094669  -0.0156921845   0.0043469031  -0.0143621135
       -0.0004178598  -0.0001126522   0.0000438953   0.0004240363   0.0006440613
       -0.0008478558  -0.0307746111   0.0226109737  -0.0061084174  -0.1126169350
        0.0212066057  -0.0559146247   0.4850523374   0.0160219897  -0.0369875936
       -0.0000333294  -0.0000866190  -0.0000508483  -0.0001562839  -0.0000615376
       -0.0000223706  -0.0000181801   0.0000639502  -0.0000425131   0.0001153410
        0.0000075970  -0.0001988843  -0.0009686007   0.0001289888  -0.0000077223
        0.0059854541  -0.0021030651   0.0053885992  -0.0114630917   0.0029534208
       -0.0141924478  -0.1755998751   0.0753048292   0.0970644553  -0.0842579521
       -0.0697424930   0.0598091336  -0.0752704499  -0.0668360496  -0.0479328056
        0.0001125642  -0.0002103306   0.0000311819  -0.0003684778  -0.0006114149
        0.0004165382   0.0242486413  -0.0108743848   0.0041051695   0.0217891643
       -0.0790843615   0.0301501360   0.0160219897   0.5167350522   0.0201263781
        0.0000107393  -0.0000271511   0.0000140213   0.0000598757   0.0001376357
        0.0001012548   0.0000978432   0.0001804689   0.0000271055  -0.0001503049
        0.0001556514   0.0000921413  -0.0006309656   0.0006465605  -0.0001808193
        0.0127414932  -0.0092739436   0.0175908965  -0.0133650551   0.0062873560
       -0.0142286942   0.0749602193  -0.0854548837  -0.0553381317  -0.0689717080
       -0.1582508111   0.0973918398  -0.0665560187  -0.1803554436  -0.1002990177
        0.0000437164  -0.0000313975  -0.0004642933   0.0002950548  -0.0004890789
        0.0007874505   0.0101206017  -0.0058058422   0.0118779702  -0.0554122558
        0.0298881272  -0.1238496412  -0.0369875936   0.0201263781   0.4977795430
        0.0001416636  -0.0000432124   0.0001108967   0.0000035899   0.0000653142
        0.0001435231  -0.0000318170   0.0001494430   0.0000874300   0.0000118213
       -0.0000896368   0.0001965389   0.0001799698  -0.0003358095   0.0003808387
       -0.0127495240   0.0101129782  -0.0158379513  -0.0141287633   0.0044705353
       -0.0138825742   0.0963410907  -0.0549955742  -0.1106050712   0.0594843673
        0.0978656478  -0.1283907635  -0.0473119217  -0.1008878723  -0.1183338965
       -0.0752635110   0.0664980965  -0.0473804123  -0.0112277449   0.0147179426
       -0.0157084126   0.0019560700   0.0011352233   0.0011701667  -0.0004059042
       -0.0000814831  -0.0002626321  -0.0000333294   0.0000107393   0.0001416636
        0.0854518513  -0.0773980941   0.0589430192   0.0078146164  -0.0178056954
        0.0136321689  -0.0060271472   0.0141813920  -0.0070915686   0.0005576744
        0.0003485933   0.0006191329  -0.0029675829  -0.0015908544  -0.0040076337
       -0.0000585152  -0.0000769490  -0.0000542600   0.0000255672   0.0001746739
       -0.0001377834   0.0000374287  -0.0000284861   0.0000427958   0.0000646047
       -0.0000961675   0.0000608819   0.0000759222   0.0000110687   0.0000328737
        0.0667777253  -0.1801423335   0.1009581010  -0.0024534240   0.0076246427
       -0.0043698667   0.0011131293   0.0007347846  -0.0003531796  -0.0000252753
        0.0000923514   0.0001684795  -0.0000866190  -0.0000271511  -0.0000432124
       -0.0773980941   0.2050203467  -0.1164662823   0.0038431473  -0.0128353184
        0.0101243809   0.0104242772  -0.0214273931   0.0115145877  -0.0003605032
        0.0006638116  -0.0001300572  -0.0019564733   0.0004180311  -0.0014241040
        0.0000333286   0.0000787542  -0.0000009782   0.0001350470  -0.0002052780
        0.0000890510  -0.0000067557  -0.0000194157  -0.0000008149  -0.0000287023
       -0.0000216173  -0.0000492187  -0.0000108078   0.0000457847  -0.0000168864
       -0.0480016208   0.1003691329  -0.1185520637  -0.0109539491   0.0145639115
       -0.0143732079   0.0012161201   0.0002231188   0.0014613037   0.0001705912
       -0.0001993590  -0.0003147667  -0.0000508483   0.0000140213   0.0001108967
        0.0589430192  -0.1164662823   0.1367302259  -0.0046508420   0.0161329893
       -0.0115829435   0.0067593980  -0.0136705022   0.0095865315   0.0000793508
        0.0007139700   0.0000476475  -0.0036001964  -0.0016081467  -0.0030502278
        0.0000660603   0.0000112237  -0.0000110029  -0.0000601519  -0.0000253897
       -0.0000415102  -0.0000056529  -0.0000142053   0.0000440868   0.0000557257
       -0.0000611606  -0.0000333877   0.0000329961   0.0000166785  -0.0000215818
       -0.1756076615  -0.0748513944   0.0964246560  -0.0167538129  -0.0095511567
        0.0101839336  -0.0061030195  -0.0034442281  -0.0025651742   0.0001718965
       -0.0008032031  -0.0005681811  -0.0001562839   0.0000598757   0.0000035899
        0.0078146164   0.0038431473  -0.0046508420   0.2027817012   0.0890370225
       -0.1109232781  -0.0131900722  -0.0047377122   0.0114343957   0.0004756662
       -0.0000028912   0.0004994029  -0.0000718429   0.0002238003   0.0002216207
        0.0000928596   0.0000891843  -0.0000554414   0.0005162912   0.0001260712
        0.0000062220   0.0000199673   0.0000199584  -0.0000086641  -0.0000276977
       -0.0000152928   0.0000034030   0.0000373921   0.0000068188  -0.0000056428
       -0.0751951690  -0.0853278506   0.0549633397  -0.0092706867  -0.0051173657
        0.0051532601  -0.0035431456  -0.0018628075  -0.0017302157   0.0001947017
       -0.0000445232  -0.0002081197  -0.0000615376   0.0001376357   0.0000653142
       -0.0178056954  -0.0128353184   0.0161329893   0.0890370225   0.0968105514
       -0.0624231676   0.0167280608   0.0081990911  -0.0124196804  -0.0002467911
       -0.0001668412   0.0003136942   0.0002762028   0.0002258185   0.0001360182
        0.0000455524   0.0000510275   0.0000229680  -0.0001606536  -0.0000728477
       -0.0000005338  -0.0000199515   0.0000171730  -0.0000012122  -0.0000065156
        0.0000059443  -0.0000189455   0.0000286060  -0.0000196872   0.0000142911
        0.0971483682   0.0553056770  -0.1107246551  -0.0118976984  -0.0067893582
        0.0078081174  -0.0040633011  -0.0030754152  -0.0008199241  -0.0003145339
        0.0000067279  -0.0001184423  -0.0000223706   0.0001012548   0.0001435231
        0.0136321689   0.0101243809  -0.0115829435  -0.1109232781  -0.0624231676
        0.1269904862   0.0169735202   0.0068039100  -0.0126939335  -0.0004073955
       -0.0000182531   0.0006247819  -0.0000542214  -0.0001975536   0.0003148596
       -0.0000443238   0.0000232327   0.0000220168  -0.0000833838   0.0001667351
       -0.0000182402  -0.0000086710   0.0000012264   0.0000015588   0.0000224073
       -0.0000300870   0.0000087138   0.0000427131   0.0000006900   0.0000440810
       -0.0842514752   0.0690328400   0.0594047499   0.0087233703  -0.0136432725
       -0.0125952082   0.0008535607   0.0009779145   0.0007337425  -0.0007281067
       -0.0006338796  -0.0005007005  -0.0000181801   0.0000978432  -0.0000318170
       -0.0060271472   0.0104242772   0.0067593980  -0.0131900722   0.0167280608
        0.0169735202   0.0972444806  -0.0800896915  -0.0682493843  -0.0021099491
       -0.0023545962  -0.0033773335   0.0008308077  -0.0005111565   0.0003279576
        0.0002218852   0.0002049329   0.0000830838  -0.0015680378  -0.0002554217
        0.0004578127  -0.0000276914   0.0000065376   0.0000223889  -0.0000179988
       -0.0000132831  -0.0000639222   0.0000645540   0.0000288948   0.0000557119
        0.0698042134  -0.1584690840  -0.0978360945   0.0025586883  -0.0096243509
       -0.0103589356   0.0006137306   0.0000200768   0.0006570982   0.0000612593
       -0.0001549155  -0.0003998748   0.0000639502   0.0001804689   0.0001494430
        0.0141813920  -0.0214273931  -0.0136705022  -0.0047377122   0.0081990911
        0.0068039100  -0.0800896915   0.1802645855   0.1157795206  -0.0020183615
       -0.0002422373  -0.0023134952   0.0003215729   0.0006024318   0.0007492734
        0.0000077687   0.0000044702   0.0000453576  -0.0008917473   0.0006782912
        0.0003114771   0.0000153163   0.0000060314   0.0000300800   0.0000131965
       -0.0000158851  -0.0000083714   0.0000964243  -0.0000215809   0.0000611138
        0.0597285467  -0.0973623305  -0.1281790629   0.0058931061  -0.0160481304
       -0.0151808390   0.0005767090   0.0005380720   0.0007207008   0.0003681313
        0.0001498271   0.0001015551  -0.0000425131   0.0000271055   0.0000874300
       -0.0070915686   0.0115145877   0.0095865315   0.0114343957  -0.0124196804
       -0.0126939335  -0.0682493843   0.1157795206   0.1480139466  -0.0033668103
       -0.0021644489  -0.0030680263   0.0007588511  -0.0002839606   0.0002261075
        0.0000401736   0.0000984490  -0.0000335164  -0.0000497634   0.0000947568
        0.0006153567   0.0000033719   0.0000189750   0.0000086605  -0.0000639162
        0.0000081850  -0.0001714213   0.0000606704   0.0000490722  -0.0000334892
        0.0059850255  -0.0127560872  -0.0127361728  -0.0790799791   0.0664851857
        0.0559988626  -0.0221833822   0.0120996620   0.0195039753  -0.0024129864
       -0.0029636573   0.0045557323   0.0001153410  -0.0001503049   0.0000118213
        0.0005576744  -0.0003605032   0.0000793508   0.0004756662  -0.0002467911
       -0.0004073955  -0.0021099491  -0.0020183615  -0.0033668103   0.1059768534
       -0.0729795688  -0.0717114450  -0.0064314967   0.0127679367   0.0075118567
       -0.0011637895   0.0004986494   0.0007532806   0.0000147466  -0.0002894179
       -0.0002550127   0.0000928573  -0.0000455328  -0.0000443047   0.0002218872
       -0.0000077800   0.0000401267  -0.0000584687  -0.0000334289   0.0000661347
        0.0021079993  -0.0093036320  -0.0101194807   0.0702065765  -0.1467123767
       -0.0923136739  -0.0077038870   0.0099940395   0.0086550153  -0.0019596214
       -0.0003254772   0.0018439863   0.0000075970   0.0001556514  -0.0000896368
        0.0003485933   0.0006638116   0.0007139700  -0.0000028912  -0.0001668412
       -0.0000182531  -0.0023545962  -0.0002422373  -0.0021644489  -0.0729795688
        0.1651396550   0.1059783871   0.0131790908  -0.0196970913  -0.0131246915
       -0.0004976860   0.0003121773   0.0004451662  -0.0001343481   0.0000481544
        0.0003265812  -0.0000891877   0.0000511916  -0.0000232292  -0.0002047891
        0.0000043404  -0.0000985046   0.0000767185   0.0000786344  -0.0000111876
        0.0053857156  -0.0175983845  -0.0158079215   0.0548864628  -0.0902946803
       -0.1227185390   0.0185417026  -0.0076425817  -0.0133036081   0.0012915413
        0.0024794337  -0.0021010039  -0.0001988843   0.0000921413   0.0001965389
        0.0006191329  -0.0001300572   0.0000476475   0.0004994029   0.0003136942
        0.0006247819  -0.0033773335  -0.0023134952  -0.0030680263  -0.0717114450
        0.1059783871   0.1479613234  -0.0064539680   0.0093954823   0.0086728002
        0.0007537430  -0.0004461735  -0.0005528462  -0.0002098116   0.0002337247
        0.0000711273  -0.0000553662  -0.0000230491   0.0000221030   0.0000832767
       -0.0000453458  -0.0000332847  -0.0000541693   0.0000009038  -0.0000110925
       -0.0114620766   0.0133514077  -0.0141433398  -0.0796694876   0.0715954670
       -0.0475461113   0.0036462411  -0.0235951717   0.0163018868   0.0007852719
       -0.0002042871   0.0010514225  -0.0009686007  -0.0006309656   0.0001799698
       -0.0029675829  -0.0019564733  -0.0036001964  -0.0000718429   0.0002762028
       -0.0000542214   0.0008308077   0.0003215729   0.0007588511  -0.0064314967
        0.0131790908  -0.0064539680   0.0973691153  -0.0733962046   0.0539744925
        0.0000147476   0.0001340402  -0.0002100751  -0.0000489547   0.0000077467
       -0.0000645518   0.0005162904   0.0001605520  -0.0000834544  -0.0015679694
        0.0008919973  -0.0000506605   0.0000255373  -0.0001349751  -0.0000600442
       -0.0029671598   0.0062983188  -0.0044911973   0.0706251532  -0.1553527022
        0.0798140973  -0.0060745368  -0.0248096296   0.0198788072   0.0005577083
        0.0015968458  -0.0016261424   0.0001289888   0.0006465605  -0.0003358095
       -0.0015908544   0.0004180311  -0.0016081467   0.0002238003   0.0002258185
       -0.0001975536  -0.0005111565   0.0006024318  -0.0002839606   0.0127679367
       -0.0196970913   0.0093954823  -0.0733962046   0.1895333930  -0.1000612746
        0.0002891946   0.0000473958  -0.0002338420  -0.0000079287   0.0000910580
       -0.0000147011  -0.0001260763  -0.0000729426  -0.0001666175   0.0002561282
        0.0006778381  -0.0000947498  -0.0001749930  -0.0002053256   0.0000256083
       -0.0141884293   0.0142078677  -0.0138931837  -0.0484499823   0.0764435667
       -0.0995318195   0.0058834308   0.0231254928  -0.0148829993  -0.0012718631
        0.0008408912   0.0008111699  -0.0000077223  -0.0001808193   0.0003808387
       -0.0040076337  -0.0014241040  -0.0030502278   0.0002216207   0.0001360182
        0.0003148596   0.0003279576   0.0007492734   0.0002261075   0.0075118567
       -0.0131246915   0.0086728002   0.0539744925  -0.1000612746   0.1208927984
       -0.0002553343  -0.0003265715   0.0000716573  -0.0000645901   0.0000139469
       -0.0005683765   0.0000063701   0.0000006683  -0.0000180214   0.0004574863
       -0.0003114601   0.0006158486  -0.0001376597  -0.0000888042  -0.0000414522
        0.0001153561   0.0001504268   0.0000116846  -0.0024127569   0.0029687104
        0.0045524117  -0.0221828900  -0.0120771964   0.0195165178  -0.0790862982
       -0.0664279398   0.0560753445   0.0059854541   0.0127414932  -0.0127495240
       -0.0000585152   0.0000333286   0.0000660603   0.0000928596   0.0000455524
       -0.0000443238   0.0002218852   0.0000077687   0.0000401736  -0.0011637895
       -0.0004976860   0.0007537430   0.0000147476   0.0002891946  -0.0002553343
        0.1059832731   0.0729052626  -0.0717954822  -0.0064327628  -0.0127605825
        0.0075262488   0.0004755328   0.0002462366  -0.0004075558  -0.0021097707
        0.0020148188  -0.0033688145   0.0005576747   0.0003606120   0.0000788504
       -0.0000076019   0.0001554513   0.0000896230   0.0019610721  -0.0003304432
       -0.0018460799   0.0077249278   0.0099941487  -0.0086809312  -0.0701505240
       -0.1465073986   0.0923366600  -0.0021030651  -0.0092739436   0.0101129782
       -0.0000769490   0.0000787542   0.0000112237   0.0000891843   0.0000510275
        0.0000232327   0.0002049329   0.0000044702   0.0000984490   0.0004986494
        0.0003121773  -0.0004461735   0.0001340402   0.0000473958  -0.0003265715
        0.0729052626   0.1649017570  -0.1059935347  -0.0131866316  -0.0196917554
        0.0131551534   0.0000034000  -0.0001669949   0.0000190631   0.0023510696
       -0.0002374918   0.0021614622  -0.0003477675   0.0006628455  -0.0007145545
       -0.0001987097  -0.0000920330   0.0001964955   0.0012892607  -0.0024814427
       -0.0020963205   0.0185337822   0.0076166083  -0.0133021631   0.0549668895
        0.0903177899  -0.1229165469   0.0053885992   0.0175908965  -0.0158379513
       -0.0000542600  -0.0000009782  -0.0000110029  -0.0000554414   0.0000229680
        0.0000220168   0.0000830838   0.0000453576  -0.0000335164   0.0007532806
        0.0004451662  -0.0005528462  -0.0002100751  -0.0002338420   0.0000716573
       -0.0717954822  -0.1059935347   0.1481910826  -0.0064401311  -0.0093643278
        0.0086686042   0.0004994374  -0.0003128122   0.0006252413  -0.0033797845
        0.0023105450  -0.0030729085   0.0006195505   0.0001296391   0.0000481582
       -0.0009684663   0.0006312633   0.0001793862   0.0007852372   0.0002054079
        0.0010512987   0.0036477856   0.0236112234   0.0162752864  -0.0796760746
       -0.0716508885  -0.0474727796  -0.0114630917  -0.0133650551  -0.0141287633
        0.0000255672   0.0001350470  -0.0000601519   0.0005162912  -0.0001606536
       -0.0000833838  -0.0015680378  -0.0008917473  -0.0000497634   0.0000147466
       -0.0001343481  -0.0002098116  -0.0000489547  -0.0000079287  -0.0000645901
       -0.0064327628  -0.0131866316  -0.0064401311   0.0973763247   0.0734588838
        0.0539003775  -0.0000718776  -0.0002763208  -0.0000539546   0.0008307755
       -0.0003209347   0.0007590919  -0.0029674625   0.0019526830  -0.0036021113
       -0.0001287911   0.0006470470   0.0003353952  -0.0005590923   0.0015977663
        0.0016252411   0.0060794365  -0.0248579528  -0.0198689768  -0.0706816118
       -0.1555152782  -0.0797507295   0.0029534208   0.0062873560   0.0044705353
        0.0001746739  -0.0002052780  -0.0000253897   0.0001260712  -0.0000728477
        0.0001667351  -0.0002554217   0.0006782912   0.0000947568  -0.0002894179
        0.0000481544   0.0002337247   0.0000077467   0.0000910580   0.0000139469
       -0.0127605825  -0.0196917554  -0.0093643278   0.0734588838   0.1897439613
        0.0999834172  -0.0002235771   0.0002259771   0.0001976963   0.0005114612
        0.0006021025   0.0002835083   0.0015868005   0.0004213982   0.0016044669
       -0.0000075641   0.0001805656   0.0003804483  -0.0012712210  -0.0008416745
        0.0008102974   0.0058756871  -0.0231149949  -0.0148364943  -0.0483776136
       -0.0763801654  -0.0993620820  -0.0141924478  -0.0142286942  -0.0138825742
       -0.0001377834   0.0000890510  -0.0000415102   0.0000062220  -0.0000005338
       -0.0000182402   0.0004578127   0.0003114771   0.0006153567  -0.0002550127
        0.0003265812   0.0000711273  -0.0000645518  -0.0000147011  -0.0005683765
        0.0075262488   0.0131551534   0.0086686042   0.0539003775   0.0999834172
        0.1206755886   0.0002218628  -0.0001360103   0.0003147348   0.0003273348
       -0.0007498945   0.0002265607  -0.0040093514   0.0014204230  -0.0030534406
       -0.0001563028  -0.0000598598   0.0000036245   0.0001719248   0.0008026037
       -0.0005690635  -0.0061026953   0.0034413976  -0.0025688323  -0.0167530299
        0.0095628967   0.0101735374  -0.1755998751   0.0749602193   0.0963410907
        0.0000374287  -0.0000067557  -0.0000056529   0.0000199673  -0.0000199515
       -0.0000086710  -0.0000276914   0.0000153163   0.0000033719   0.0000928573
       -0.0000891877  -0.0000553662   0.0005162904  -0.0001260763   0.0000063701
        0.0004755328   0.0000034000   0.0004994374  -0.0000718776  -0.0002235771
        0.0002218628   0.2027730923  -0.0891624181  -0.1108239247  -0.0131907349
        0.0047512160   0.0114298966   0.0078151133  -0.0038492234  -0.0046476807
        0.0000615015   0.0001373425  -0.0000653583  -0.0001950325  -0.0000442535
        0.0002080708   0.0035389821  -0.0018588951   0.0017314217   0.0092583853
       -0.0051164784  -0.0051398281   0.0753048292  -0.0854548837  -0.0549955742
       -0.0000284861  -0.0000194157  -0.0000142053   0.0000199584   0.0000171730
        0.0000012264   0.0000065376   0.0000060314   0.0000189750  -0.0000455328
        0.0000511916  -0.0000230491   0.0001605520  -0.0000729426   0.0000006683
        0.0002462366  -0.0001669949  -0.0003128122  -0.0002763208   0.0002259771
       -0.0001360103  -0.0891624181   0.0969550111   0.0624614166  -0.0167085167
        0.0082054861   0.0123965683   0.0178193243  -0.0128643487  -0.0161315097
       -0.0000226074  -0.0001011301   0.0001437501  -0.0003143624  -0.0000068427
       -0.0001186698  -0.0040669015   0.0030768408  -0.0008253935  -0.0119072206
        0.0068038404   0.0078066650   0.0970644553  -0.0553381317  -0.1106050712
        0.0000427958  -0.0000008149   0.0000440868  -0.0000086641  -0.0000012122
        0.0000015588   0.0000223889   0.0000300800   0.0000086605  -0.0000443047
       -0.0000232292   0.0000221030  -0.0000834544  -0.0001666175  -0.0000180214
       -0.0004075558   0.0000190631   0.0006252413  -0.0000539546   0.0001976963
        0.0003147348  -0.1108239247   0.0624614166   0.1268550447   0.0169913542
       -0.0068273036  -0.0127002375   0.0136119560  -0.0101236555  -0.0115544516
       -0.0000181975  -0.0000979484  -0.0000317346  -0.0007280497   0.0006333979
       -0.0005013856   0.0008534658  -0.0009774803   0.0007348345   0.0087238994
        0.0136287292  -0.0126095168  -0.0842579521  -0.0689717080   0.0594843673
        0.0000646047  -0.0000287023   0.0000557257  -0.0000276977  -0.0000065156
        0.0000224073  -0.0000179988   0.0000131965  -0.0000639162   0.0002218872
       -0.0002047891   0.0000832767  -0.0015679694   0.0002561282   0.0004574863
       -0.0021097707   0.0023510696  -0.0033797845   0.0008307755   0.0005114612
        0.0003273348  -0.0131907349  -0.0167085167   0.0169913542   0.0972520708
        0.0800192889  -0.0683418423  -0.0060283326  -0.0104176111   0.0067713933
       -0.0000642038   0.0001802038  -0.0001495260  -0.0000608229  -0.0001546719
        0.0004001811  -0.0006131433   0.0000184665  -0.0006563689  -0.0025532087
       -0.0095961214   0.0103535145  -0.0697424930  -0.1582508111   0.0978656478
       -0.0000961675  -0.0000216173  -0.0000611606  -0.0000152928   0.0000059443
       -0.0000300870  -0.0000132831  -0.0000158851   0.0000081850  -0.0000077800
        0.0000043404  -0.0000453458   0.0008919973   0.0006778381  -0.0003114601
        0.0020148188  -0.0002374918   0.0023105450  -0.0003209347   0.0006021025
       -0.0007498945   0.0047512160   0.0082054861  -0.0068273036   0.0800192889
        0.1800059107  -0.1158109357  -0.0141899913  -0.0214236938   0.0137040087
       -0.0000426493  -0.0000271212   0.0000876808   0.0003681792  -0.0001495893
        0.0001012563   0.0005773932  -0.0005372623   0.0007218606   0.0058966038
        0.0160417550  -0.0152094669   0.0598091336   0.0973918398  -0.1283907635
        0.0000608819  -0.0000492187  -0.0000333877   0.0000034030  -0.0000189455
        0.0000087138  -0.0000639222  -0.0000083714  -0.0001714213   0.0000401267
       -0.0000985046  -0.0000332847  -0.0000506605  -0.0000947498   0.0006158486
       -0.0033688145   0.0021614622  -0.0030729085   0.0007590919   0.0002835083
        0.0002265607   0.0114298966   0.0123965683  -0.0127002375  -0.0683418423
       -0.1158109357   0.1482651258  -0.0070768212  -0.0114804352   0.0095844235
       -0.0000333132  -0.0000104691   0.0001416805  -0.0004058716   0.0000811720
       -0.0002626660   0.0019567680  -0.0011351190   0.0011710398  -0.0112283282
       -0.0147338470  -0.0156921845  -0.0752704499  -0.0665560187  -0.0473119217
        0.0000759222  -0.0000108078   0.0000329961   0.0000373921   0.0000286060
        0.0000427131   0.0000645540   0.0000964243   0.0000606704  -0.0000584687
        0.0000767185  -0.0000541693   0.0000255373  -0.0001749930  -0.0001376597
        0.0005576747  -0.0003477675   0.0006195505  -0.0029674625   0.0015868005
       -0.0040093514   0.0078151133   0.0178193243   0.0136119560  -0.0060283326
       -0.0141899913  -0.0070768212   0.0854592649   0.0774699679   0.0588641673
        0.0000863684  -0.0000273845   0.0000432285   0.0000254500   0.0000922785
       -0.0001689675  -0.0011132007   0.0007369943   0.0003542444   0.0024426254
        0.0076138180   0.0043469031  -0.0668360496  -0.1803554436  -0.1008878723
        0.0000110687   0.0000457847   0.0000166785   0.0000068188  -0.0000196872
        0.0000006900   0.0000288948  -0.0000215809   0.0000490722  -0.0000334289
        0.0000786344   0.0000009038  -0.0001349751  -0.0002053256  -0.0000888042
        0.0003606120   0.0006628455   0.0001296391   0.0019526830   0.0004213982
        0.0014204230  -0.0038492234  -0.0128643487  -0.0101236555  -0.0104176111
       -0.0214236938  -0.0114804352   0.0774699679   0.2052657107   0.1163879521
       -0.0000508625  -0.0000137844   0.0001108506   0.0001705079   0.0001989266
       -0.0003148083   0.0012168114  -0.0002222428   0.0014613352  -0.0109573035
       -0.0145871847  -0.0143621135  -0.0479328056  -0.1002990177  -0.1183338965
        0.0000328737  -0.0000168864  -0.0000215818  -0.0000056428   0.0000142911
        0.0000440810   0.0000557119   0.0000611138  -0.0000334892   0.0000661347
       -0.0000111876  -0.0000110925  -0.0000600442   0.0000256083  -0.0000414522
        0.0000788504  -0.0007145545   0.0000481582  -0.0036021113   0.0016044669
       -0.0030534406  -0.0046476807  -0.0161315097  -0.0115544516   0.0067713933
        0.0137040087   0.0095844235   0.0588641673   0.1163879521   0.1364774778
