           1           2   1.01032062543878     
           2           3  0.972952739259531     
           3           4  0.972952749755598     
           4           5   1.01032062664958     
           1           6  0.986689561482450     
           1           7  0.984003460515619     
           1           8  0.984163104273182     
           2           9  0.971303885094690     
           2          10  0.969242477015971     
           4          11  0.971303885049798     
           4          12  0.969242462765229     
           5          13  0.984003476311206     
           5          14  0.984163133387790     
           5          15  0.986689559354023     
