           1           2   1.01032874142720     
           2           3  0.973013257513297     
           3           4  0.973006075713050     
           4           5   1.01033614724032     
           1           6  0.983946635484036     
           1           7  0.984513266123146     
           1           8  0.986587032156082     
           2           9  0.971108638725091     
           2          10  0.968722734685046     
           4          11  0.971107737125071     
           4          12  0.968727040473705     
           5          13  0.983945899957158     
           5          14  0.984502553317379     
           5          15  0.986592006434721     
