$hessian                                                                        
        0.4910794482  -0.0386057816   0.0050841409  -0.1399127830  -0.0663296622
        0.0084482476  -0.0378236632  -0.0150982904   0.0011661184  -0.0040386675
        0.0031390858  -0.0006033941  -0.0011571780  -0.0007618068   0.0000776086
       -0.2156626951   0.1114237809  -0.0230947211  -0.0425765017   0.0024738211
       -0.0037589448  -0.0435864539   0.0118603568   0.0115048956  -0.0033154844
       -0.0043633315   0.0024662687  -0.0021377272  -0.0039670675  -0.0012249079
       -0.0002046145   0.0000569469   0.0000946074  -0.0001844229   0.0000279296
       -0.0001281481  -0.0005172515   0.0002725140  -0.0000544150   0.0000222774
       -0.0000742080  -0.0000550651   0.0000157173  -0.0000542870   0.0000777088
       -0.0386057816   0.5030843182   0.0023508169  -0.0703902266  -0.1238826197
        0.0066635467   0.0112956245   0.0121653840  -0.0011458233   0.0021963951
       -0.0016482425   0.0003589509   0.0007465365   0.0003801807  -0.0000106668
        0.1098580946  -0.1112091630   0.0143328864   0.0029218217  -0.0910356405
        0.0963306225   0.0125690512  -0.1623326416  -0.1216865729  -0.0125791155
       -0.0100200259   0.0036287924  -0.0183061779  -0.0160835400  -0.0007878612
        0.0001400170   0.0002814581   0.0001944937   0.0001070922   0.0001851877
       -0.0002286586   0.0002536847  -0.0000661161   0.0000201149  -0.0001088113
        0.0001049932   0.0000119250  -0.0000982046   0.0000764675  -0.0000325666
        0.0050841409   0.0023508169   0.5251768198   0.0090852683   0.0067845416
       -0.0696168478  -0.0029463562  -0.0019087615   0.0029525986  -0.0004856874
        0.0004077569   0.0003149364  -0.0001595681  -0.0000602099   0.0001482676
       -0.0228452944   0.0143768526  -0.0456360823  -0.0044998804   0.0954076955
       -0.2414900562   0.0120531738  -0.1208201092  -0.1691830860   0.0209798684
        0.0183786049  -0.0039217612  -0.0161879669  -0.0148750646   0.0009803590
        0.0001352579   0.0000710572   0.0000630539  -0.0001907012  -0.0001117520
        0.0001353697  -0.0000541034   0.0000205633   0.0000040504  -0.0000171291
        0.0000460351   0.0000201841   0.0000489778  -0.0000680267   0.0000521941
       -0.1399127830  -0.0703902266   0.0090852683   0.4265320831   0.0361468578
       -0.0072890646  -0.1402035457   0.0553313258  -0.0113916221  -0.0390663626
        0.0089957864  -0.0023812038  -0.0040325514  -0.0022426472   0.0002042990
       -0.0230589058  -0.0137092870   0.0014752243  -0.0025788563  -0.0034329131
        0.0029719061  -0.0012393250  -0.0031468974  -0.0019658381  -0.0392557094
       -0.0068752906   0.0098429327  -0.0388846445  -0.0033266182  -0.0001312104
        0.0017272231   0.0011604958   0.0006985532   0.0016133385   0.0009924057
       -0.0010262843  -0.0010851823   0.0011648430  -0.0002049396  -0.0002740926
       -0.0003773026  -0.0002265880  -0.0002806860  -0.0002905318   0.0003385675
       -0.0663296622  -0.1238826197   0.0067845416   0.0361468578   0.4682048576
        0.0041946064   0.0741501553  -0.1300504457   0.0145503881  -0.0093580177
        0.0122644903  -0.0030663378  -0.0031752218  -0.0017018478   0.0002157482
        0.0122876377   0.0082919749  -0.0009147912  -0.0131569899  -0.0113521653
        0.0046813467  -0.0192763288  -0.0179276495  -0.0014368175  -0.0038620588
       -0.0764794017   0.0716614164   0.0003622579  -0.1309678295  -0.0963659275
       -0.0039434023   0.0014684977   0.0002431119  -0.0031009261   0.0010522191
       -0.0003422188  -0.0011791747   0.0003994118  -0.0000627786   0.0002328042
        0.0003705007   0.0001953588   0.0002020693   0.0003100072  -0.0003376468
        0.0084482476   0.0066635467  -0.0696168478  -0.0072890646   0.0041946064
        0.4873169682  -0.0142903075   0.0138810449  -0.0537173294   0.0004386307
       -0.0024752518  -0.0053128654   0.0003869616   0.0002515700   0.0003639227
       -0.0026693110  -0.0017083956   0.0003380012   0.0223765052   0.0191952634
       -0.0042491894  -0.0172304251  -0.0151742730   0.0009902895   0.0068919740
        0.0721543450  -0.2067337618   0.0017706169  -0.0970185595  -0.1526971978
       -0.0021098250   0.0011009074   0.0013690326   0.0032125900  -0.0009253505
        0.0019081102   0.0001486883   0.0000013346   0.0002167318   0.0001102343
       -0.0001776001  -0.0001106362  -0.0001955155   0.0000368122  -0.0000652283
       -0.0378236632   0.0112956245  -0.0029463562  -0.1402035457   0.0741501553
       -0.0142903075   0.4204882326   0.0016024117   0.0101674795  -0.1400341892
       -0.0749870232   0.0088200543  -0.0378260074  -0.0117124312   0.0006030679
       -0.0056981394  -0.0035937473   0.0003997041   0.0022333551   0.0007527720
        0.0005310329   0.0022510168   0.0005357144  -0.0006036042  -0.0146489148
        0.0161504137  -0.0135309793  -0.0164840221   0.0203644210   0.0067743292
       -0.0146017020  -0.0194648284  -0.0080509875  -0.0164248227  -0.0173781362
        0.0125563634  -0.0057080001   0.0035409502  -0.0007105746   0.0022308008
       -0.0005552512   0.0007145001   0.0022496013  -0.0007010452  -0.0004337221
       -0.0150982904   0.0121653840  -0.0019087615   0.0553313258  -0.1300504457
        0.0138810449   0.0016024117   0.3333295667  -0.0376845061  -0.0561767216
       -0.1314122390   0.0106826697   0.0147034468   0.0122136860  -0.0010067490
       -0.0049529025  -0.0015344670   0.0001547634   0.0000771480   0.0002320135
       -0.0003339061   0.0001981937   0.0005235007   0.0002911835   0.0210271753
       -0.0191180256   0.0131375039   0.0285977500  -0.0277937166  -0.0038568526
       -0.0280910773  -0.0281529766  -0.0056899322  -0.0218728000  -0.0196908581
        0.0119748002   0.0048974777  -0.0014522898   0.0004108707  -0.0001917979
        0.0005088812   0.0002942947  -0.0000513392   0.0002319863  -0.0003464236
        0.0011661184  -0.0011458233   0.0029525986  -0.0113916221   0.0145503881
       -0.0537173294   0.0101674795  -0.0376845061   0.0945804131   0.0058658934
        0.0100270167  -0.0524729713  -0.0033789905  -0.0017500517   0.0029054912
        0.0005979609   0.0001868898   0.0003760581  -0.0003931485  -0.0006331815
        0.0003589136   0.0004614050   0.0006093594   0.0000359210  -0.0267939005
        0.0228225293  -0.0043939850   0.0179878544  -0.0139549080   0.0061253151
       -0.0192291938  -0.0153946137   0.0045834402   0.0257094787   0.0220821119
       -0.0020413702  -0.0009179848   0.0003835254   0.0003036439  -0.0003501676
        0.0005772818   0.0000585134   0.0004988174  -0.0006760180   0.0003453477
       -0.0040386675   0.0021963951  -0.0004856874  -0.0390663626  -0.0093580177
        0.0004386307  -0.1400341892  -0.0561767216   0.0058658934   0.4265997735
       -0.0367515196   0.0038029481  -0.1400799730   0.0698616764  -0.0124200198
       -0.0010847943  -0.0011748537   0.0001543052  -0.0002767507   0.0002772158
       -0.0003441180  -0.0002769076   0.0003859894   0.0002170879   0.0017260208
       -0.0009089190   0.0010320657   0.0016076779  -0.0012375893  -0.0006688522
       -0.0392667965   0.0095657080   0.0073876551  -0.0388805740   0.0032214688
       -0.0012940749  -0.0230601943   0.0134900795  -0.0026625137  -0.0025781598
        0.0041569566   0.0018080590  -0.0012901027   0.0024521313  -0.0028313791
        0.0031390858  -0.0016482425   0.0004077569   0.0089957864   0.0122644903
       -0.0024752518  -0.0749870232  -0.1314122390   0.0100270167  -0.0367515196
        0.4673594090   0.0018707209   0.0657937260  -0.1226892499   0.0098901390
        0.0011683073   0.0003999251   0.0000070916  -0.0001906047   0.0003062835
       -0.0003497270  -0.0002471496   0.0003765684   0.0001869374   0.0031359767
        0.0010675543  -0.0001290600   0.0039112594   0.0015149682   0.0004894649
        0.0057941642  -0.1292963271  -0.0959613326   0.0002787637  -0.0776031767
        0.0727731548  -0.0125516901   0.0083334337  -0.0015661800   0.0192943392
       -0.0175219601  -0.0005162821   0.0132165785  -0.0114514372   0.0053455514
       -0.0006033941   0.0003589509   0.0003149364  -0.0023812038  -0.0030663378
       -0.0053128654   0.0088200543   0.0106826697  -0.0524729713   0.0038029481
        0.0018707209   0.4880435769  -0.0118200859   0.0100166974  -0.0706293893
       -0.0002081605  -0.0000620425   0.0002143257   0.0001817804   0.0000530307
       -0.0000802910  -0.0001198048  -0.0001581138  -0.0001045865  -0.0032039100
       -0.0010013253   0.0017549826   0.0021253386   0.0010663187   0.0014698102
        0.0054572420  -0.0964558651  -0.1538692948   0.0016058259   0.0734318945
       -0.2061037560   0.0011943153  -0.0008207677   0.0003045567   0.0174022903
       -0.0149918753   0.0019151180  -0.0222532356   0.0190760446  -0.0054441522
       -0.0011571780   0.0007465365  -0.0001595681  -0.0040325514  -0.0031752218
        0.0003869616  -0.0378260074   0.0147034468  -0.0033789905  -0.1400799730
        0.0657937260  -0.0118200859   0.4909463384   0.0383523134  -0.0066927964
       -0.0005165318  -0.0002780685   0.0000285281   0.0000215090   0.0000569694
       -0.0000775982   0.0000169325   0.0000703517   0.0000562421  -0.0002030029
       -0.0000253349   0.0001087863  -0.0001861760  -0.0000671719  -0.0001127345
       -0.0033273611   0.0049023891   0.0010469530  -0.0021748995   0.0034419296
       -0.0023652768  -0.2153943745  -0.1133035970   0.0117478315  -0.0425588370
       -0.0035641132  -0.0029139244  -0.0435278873  -0.0076541553   0.0141456721
       -0.0007618068   0.0003801807  -0.0000602099  -0.0022426472  -0.0017018478
        0.0002515700  -0.0117124312   0.0122136860  -0.0017500517   0.0698616764
       -0.1226892499   0.0100166974   0.0383523134   0.5038175447   0.0043168333
       -0.0002593894  -0.0000717039   0.0000067338   0.0000993896   0.0000754726
       -0.0000282426   0.0001080651   0.0001082754   0.0000175484  -0.0000941402
        0.0001837569  -0.0002318977  -0.0001595566   0.0002807212   0.0001844951
        0.0183089106  -0.0157368449   0.0000840467   0.0126151237  -0.0100502689
        0.0042522887  -0.1117355994  -0.1137392228   0.0072700023  -0.0042096133
       -0.1596633062  -0.1221382951  -0.0081702948  -0.0934071931   0.0978084813
        0.0000776086  -0.0000106668   0.0001482676   0.0002042990   0.0002157482
        0.0003639227   0.0006030679  -0.0010067490   0.0029054912  -0.0124200198
        0.0098901390  -0.0706293893  -0.0066927964   0.0043168333   0.5245809057
        0.0000219996   0.0000041461   0.0000068202  -0.0000496532  -0.0000647488
        0.0000451892   0.0000170282   0.0000496393   0.0000251803   0.0001706910
       -0.0001077264   0.0001559240  -0.0001511958   0.0000699329   0.0000421199
        0.0162574820  -0.0146324315   0.0018158486  -0.0209565484   0.0183299390
       -0.0050238880   0.0115231088   0.0072242755  -0.0433835645  -0.0034878785
       -0.1212191294  -0.1728701950   0.0148828069   0.0969407986  -0.2381826326
       -0.2156626951   0.1098580946  -0.0228452944  -0.0230589058   0.0122876377
       -0.0026693110  -0.0056981394  -0.0049529025   0.0005979609  -0.0010847943
        0.0011683073  -0.0002081605  -0.0005165318  -0.0002593894   0.0000219996
        0.2508254434  -0.1260677336   0.0264080039  -0.0019832646   0.0029156817
       -0.0019558575  -0.0034221381   0.0043253375   0.0007430171   0.0002600262
        0.0004267108   0.0001335716   0.0002906449   0.0003530040  -0.0002357369
        0.0000209070  -0.0000201916  -0.0000310480   0.0000194157  -0.0000070668
        0.0000397001  -0.0001401897   0.0000492163  -0.0000115893   0.0000760639
       -0.0000447472  -0.0000316623   0.0000741577  -0.0000319589   0.0000444065
        0.1114237809  -0.1112091630   0.0143768526  -0.0137092870   0.0082919749
       -0.0017083956  -0.0035937473  -0.0015344670   0.0001868898  -0.0011748537
        0.0003999251  -0.0000620425  -0.0002780685  -0.0000717039   0.0000041461
       -0.1260677336   0.1266198463  -0.0168230488   0.0132339503  -0.0089386759
        0.0035790104   0.0204651243  -0.0146152447   0.0006385115  -0.0001604471
        0.0004302123  -0.0002609904  -0.0002689887   0.0004825763   0.0000902488
        0.0001073837   0.0000884931   0.0000472038   0.0001029507   0.0000636368
       -0.0000685857  -0.0000508618   0.0000461595  -0.0000083111  -0.0000167920
       -0.0000268584   0.0000096471  -0.0000124103  -0.0000267114  -0.0000011359
       -0.0230947211   0.0143328864  -0.0456360823   0.0014752243  -0.0009147912
        0.0003380012   0.0003997041   0.0001547634   0.0003760581   0.0001543052
        0.0000070916   0.0002143257   0.0000285281   0.0000067338   0.0000068202
        0.0264080039  -0.0168230488   0.0490882925  -0.0249396911   0.0174424504
       -0.0057393038   0.0194919594  -0.0140317525   0.0014024387   0.0003772401
       -0.0000952764   0.0000304730  -0.0002828864  -0.0000445549  -0.0000710564
        0.0000124890   0.0000073656  -0.0000174932  -0.0000449053  -0.0000388119
        0.0000101399   0.0000038232  -0.0000063172   0.0000052492  -0.0000052967
       -0.0000031671  -0.0000048684   0.0000162232   0.0000064287  -0.0000029945
       -0.0425765017   0.0029218217  -0.0044998804  -0.0025788563  -0.0131569899
        0.0223765052   0.0022333551   0.0000771480  -0.0003931485  -0.0002767507
       -0.0001906047   0.0001817804   0.0000215090   0.0000993896  -0.0000496532
       -0.0019832646   0.0132339503  -0.0249396911   0.0473180095   0.0005238788
        0.0033098870   0.0008163898  -0.0006093124   0.0026587327  -0.0039055079
       -0.0036974150   0.0010240245   0.0006983159   0.0006066753   0.0004413862
        0.0001143512   0.0000749476   0.0000807585   0.0001099421   0.0001037444
       -0.0001611489   0.0000763657   0.0000147774  -0.0000108171  -0.0000053143
       -0.0000111683   0.0000082223  -0.0000620429   0.0000091572  -0.0000269575
        0.0024738211  -0.0910356405   0.0954076955  -0.0034329131  -0.0113521653
        0.0191952634   0.0007527720   0.0002320135  -0.0006331815   0.0002772158
        0.0003062835   0.0000530307   0.0000569694   0.0000754726  -0.0000647488
        0.0029156817  -0.0089386759   0.0174424504   0.0005238788   0.1045338677
       -0.1126759752  -0.0002865485   0.0087296658  -0.0201564401  -0.0040140594
       -0.0025955056   0.0007944003   0.0004962797   0.0001147974   0.0006617688
        0.0000520316  -0.0000299289   0.0000366604   0.0001502832  -0.0000275595
       -0.0000539095   0.0000309076  -0.0000265472   0.0000098377   0.0000125001
       -0.0000137476  -0.0000030077  -0.0000088200   0.0000276702  -0.0000138444
       -0.0037589448   0.0963306225  -0.2414900562   0.0029719061   0.0046813467
       -0.0042491894   0.0005310329  -0.0003339061   0.0003589136  -0.0003441180
       -0.0003497270  -0.0000802910  -0.0000775982  -0.0000282426   0.0000451892
       -0.0019558575   0.0035790104  -0.0057393038   0.0033098870  -0.1126759752
        0.2764394235  -0.0007552683   0.0083679860  -0.0270824481   0.0007839421
        0.0009460139   0.0010302096  -0.0004244021  -0.0003607334   0.0007194032
       -0.0001064319  -0.0000652651  -0.0000103111  -0.0001588428  -0.0000684905
        0.0000511906  -0.0000405526  -0.0000001212  -0.0000048150   0.0000046999
       -0.0000102047  -0.0000504384   0.0000205483  -0.0000123135   0.0000625232
       -0.0435864539   0.0125690512   0.0120531738  -0.0012393250  -0.0192763288
       -0.0172304251   0.0022510168   0.0001981937   0.0004614050  -0.0002769076
       -0.0002471496  -0.0001198048   0.0000169325   0.0001080651   0.0000170282
       -0.0034221381   0.0204651243   0.0194919594   0.0008163898  -0.0002865485
       -0.0007552683   0.0483857895  -0.0102967930  -0.0132528327   0.0006996881
        0.0004173636  -0.0006018172  -0.0038595553  -0.0038557829  -0.0001222360
        0.0000937970   0.0001413640   0.0001270039   0.0001164559   0.0000454023
       -0.0000927913   0.0000736971   0.0000168982   0.0000100456  -0.0000624828
        0.0000139838   0.0000181296  -0.0000069041  -0.0000128436  -0.0000035702
        0.0118603568  -0.1623326416  -0.1208201092  -0.0031468974  -0.0179276495
       -0.0151742730   0.0005357144   0.0005235007   0.0006093594   0.0003859894
        0.0003765684  -0.0001581138   0.0000703517   0.0001082754   0.0000496393
        0.0043253375  -0.0146152447  -0.0140317525  -0.0006093124   0.0087296658
        0.0083679860  -0.0102967930   0.1878948261   0.1413106689   0.0006319940
        0.0000872613  -0.0004282393  -0.0040793178  -0.0028375172   0.0002189917
        0.0001897914   0.0000144560   0.0000806065   0.0000896330  -0.0000178014
       -0.0000329196   0.0000468508  -0.0000260049  -0.0000007132  -0.0000167388
        0.0000347423   0.0000184996   0.0000130405  -0.0000124367  -0.0000096308
        0.0115048956  -0.1216865729  -0.1691830860  -0.0019658381  -0.0014368175
        0.0009902895  -0.0006036042   0.0002911835   0.0000359210   0.0002170879
        0.0001869374  -0.0001045865   0.0000562421   0.0000175484   0.0000251803
        0.0007430171   0.0006385115   0.0014024387   0.0026587327  -0.0201564401
       -0.0270824481  -0.0132528327   0.1413106689   0.1919902023   0.0002400452
        0.0005836637   0.0007182908   0.0001990996   0.0000628008   0.0012144217
        0.0001085579   0.0000885714   0.0000240713   0.0000907978   0.0000732206
       -0.0000226599   0.0000350790   0.0000114680  -0.0000029369  -0.0000234788
        0.0000179258   0.0000493627  -0.0000078011  -0.0000026695  -0.0000544609
       -0.0033154844  -0.0125791155   0.0209798684  -0.0392557094  -0.0038620588
        0.0068919740  -0.0146489148   0.0210271753  -0.0267939005   0.0017260208
        0.0031359767  -0.0032039100  -0.0002030029  -0.0000941402   0.0001706910
        0.0002600262  -0.0001604471   0.0003772401  -0.0039055079  -0.0040140594
        0.0007839421   0.0006996881   0.0006319940   0.0002400452   0.0561747326
       -0.0022105482  -0.0014072945   0.0019720284  -0.0007033400   0.0001520723
       -0.0001724949  -0.0001343355   0.0002963543   0.0004390163  -0.0007089296
        0.0013946082   0.0000208470  -0.0000989918   0.0000442384   0.0001146638
       -0.0000824366  -0.0000857542   0.0000940911  -0.0001467434   0.0001598251
       -0.0043633315  -0.0100200259   0.0183786049  -0.0068752906  -0.0764794017
        0.0721543450   0.0161504137  -0.0191180256   0.0228225293  -0.0009089190
        0.0010675543  -0.0010013253  -0.0000253349   0.0001837569  -0.0001077264
        0.0004267108   0.0004302123  -0.0000952764  -0.0036974150  -0.0025955056
        0.0009460139   0.0004173636   0.0000872613   0.0005836637  -0.0022105482
        0.0991063286  -0.0942968446   0.0002922952   0.0070351632  -0.0189452832
        0.0002156057  -0.0000865023  -0.0001007651   0.0007133615   0.0003767901
       -0.0003051830   0.0000081148   0.0000613232  -0.0000362749  -0.0000466275
       -0.0000197124   0.0000716193  -0.0000963987  -0.0000292165  -0.0000680971
        0.0024662687   0.0036287924  -0.0039217612   0.0098429327   0.0716614164
       -0.2067337618  -0.0135309793   0.0131375039  -0.0043939850   0.0010320657
       -0.0001290600   0.0017549826   0.0001087863  -0.0002318977   0.0001559240
        0.0001335716  -0.0002609904   0.0000304730   0.0010240245   0.0007944003
        0.0010302096  -0.0006018172  -0.0004282393   0.0007182908  -0.0014072945
       -0.0942968446   0.2425913178   0.0018275581   0.0067647435  -0.0306126294
        0.0002409019  -0.0000955573  -0.0006959920  -0.0013651929  -0.0003707407
        0.0000208344  -0.0000373809  -0.0000750923   0.0000085137   0.0001001786
       -0.0000339822  -0.0000220261   0.0001663766  -0.0000644520   0.0000696095
       -0.0021377272  -0.0183061779  -0.0161879669  -0.0388846445   0.0003622579
        0.0017706169  -0.0164840221   0.0285977500   0.0179878544   0.0016076779
        0.0039112594   0.0021253386  -0.0001861760  -0.0001595566  -0.0001511958
        0.0002906449  -0.0002689887  -0.0002828864   0.0006983159   0.0004962797
       -0.0004244021  -0.0038595553  -0.0040793178   0.0001990996   0.0019720284
        0.0002922952   0.0018275581   0.0564455768  -0.0091961673  -0.0055763955
        0.0004392926  -0.0010886616  -0.0010857084  -0.0001487034  -0.0002015474
       -0.0001961083   0.0000196052  -0.0001108175  -0.0000116647   0.0001106654
       -0.0001917830  -0.0001073186   0.0001170214  -0.0000568244   0.0001131792
       -0.0039670675  -0.0160835400  -0.0148750646  -0.0033266182  -0.1309678295
       -0.0970185595   0.0203644210  -0.0277937166  -0.0139549080  -0.0012375893
        0.0015149682   0.0010663187  -0.0000671719   0.0002807212   0.0000699329
        0.0003530040   0.0004825763  -0.0000445549   0.0006066753   0.0001147974
       -0.0003607334  -0.0038557829  -0.0028375172   0.0000628008  -0.0007033400
        0.0070351632   0.0067647435  -0.0091961673   0.1677456837   0.1181547810
        0.0010936561   0.0005248933   0.0001966513   0.0001344753  -0.0000865931
       -0.0000894243   0.0000194405   0.0000892958   0.0000112184  -0.0001459284
        0.0000091630   0.0000839614  -0.0000720070  -0.0000280656  -0.0000671633
       -0.0012249079  -0.0007878612   0.0009803590  -0.0001312104  -0.0963659275
       -0.1526971978   0.0067743292  -0.0038568526   0.0061253151  -0.0006688522
        0.0004894649   0.0014698102  -0.0001127345   0.0001844951   0.0000421199
       -0.0002357369   0.0000902488  -0.0000710564   0.0004413862   0.0006617688
        0.0007194032  -0.0001222360   0.0002189917   0.0012144217   0.0001520723
       -0.0189452832  -0.0306126294  -0.0055763955   0.1181547810   0.1737241185
        0.0011151081   0.0001341094  -0.0001441841  -0.0002499171  -0.0001191803
       -0.0007360869   0.0000334609   0.0000410180  -0.0000157721  -0.0001215112
        0.0000678408   0.0000105011  -0.0000728550   0.0000323864  -0.0000091221
       -0.0002046145   0.0001400170   0.0001352579   0.0017272231  -0.0039434023
       -0.0021098250  -0.0146017020  -0.0280910773  -0.0192291938  -0.0392667965
        0.0057941642   0.0054572420  -0.0033273611   0.0183089106   0.0162574820
        0.0000209070   0.0001073837   0.0000124890   0.0001143512   0.0000520316
       -0.0001064319   0.0000937970   0.0001897914   0.0001085579  -0.0001724949
        0.0002156057   0.0002409019   0.0004392926   0.0010936561   0.0011151081
        0.0561586192   0.0016386646  -0.0020625540   0.0019722803   0.0006969036
       -0.0000971376   0.0002599581   0.0002640238   0.0003099987  -0.0039158261
        0.0040630680  -0.0004517022   0.0007023667  -0.0005297406   0.0004198070
        0.0000569469   0.0002814581   0.0000710572   0.0011604958   0.0014684977
        0.0011009074  -0.0194648284  -0.0281529766  -0.0153946137   0.0095657080
       -0.1292963271  -0.0964558651   0.0049023891  -0.0157368449  -0.0146324315
       -0.0000201916   0.0000884931   0.0000073656   0.0000749476  -0.0000299289
       -0.0000652651   0.0001413640   0.0000144560   0.0000885714  -0.0001343355
       -0.0000865023  -0.0000955573  -0.0010886616   0.0005248933   0.0001341094
        0.0016386646   0.1659725955   0.1183755708   0.0002682709   0.0071320414
        0.0070691549  -0.0003624829   0.0004897268  -0.0000551812   0.0038371581
       -0.0027672549   0.0002446907  -0.0005754449   0.0000976728  -0.0003925134
        0.0000946074   0.0001944937   0.0000630539   0.0006985532   0.0002431119
        0.0013690326  -0.0080509875  -0.0056899322   0.0045834402   0.0073876551
       -0.0959613326  -0.1538692948   0.0010469530   0.0000840467   0.0018158486
       -0.0000310480   0.0000472038  -0.0000174932   0.0000807585   0.0000366604
       -0.0000103111   0.0001270039   0.0000806065   0.0000240713   0.0002963543
       -0.0001007651  -0.0006959920  -0.0010857084   0.0001966513  -0.0001441841
       -0.0020625540   0.1183755708   0.1757172035   0.0018283093  -0.0186419113
       -0.0307120639   0.0002504586   0.0001125383  -0.0000369842  -0.0001295653
        0.0004022737   0.0012040162  -0.0004507901   0.0006207839   0.0007096569
       -0.0001844229   0.0001070922  -0.0001907012   0.0016133385  -0.0031009261
        0.0032125900  -0.0164248227  -0.0218728000   0.0257094787  -0.0388805740
        0.0002787637   0.0016058259  -0.0021748995   0.0126151237  -0.0209565484
        0.0000194157   0.0001029507  -0.0000449053   0.0001099421   0.0001502832
       -0.0001588428   0.0001164559   0.0000896330   0.0000907978   0.0004390163
        0.0007133615  -0.0013651929  -0.0001487034   0.0001344753  -0.0002499171
        0.0019722803   0.0002682709   0.0018283093   0.0564215483   0.0069881703
       -0.0078426592   0.0002934224   0.0001734440  -0.0003529652   0.0006971418
       -0.0005988706  -0.0002547376  -0.0038691387   0.0039510282  -0.0010305319
        0.0000279296   0.0001851877  -0.0001117520   0.0009924057   0.0010522191
       -0.0009253505  -0.0173781362  -0.0196908581   0.0220821119   0.0032214688
       -0.0776031767   0.0734318945   0.0034419296  -0.0100502689   0.0183299390
       -0.0000070668   0.0000636368  -0.0000388119   0.0001037444  -0.0000275595
       -0.0000684905   0.0000454023  -0.0000178014   0.0000732206  -0.0007089296
        0.0003767901  -0.0003707407  -0.0002015474  -0.0000865931  -0.0001191803
        0.0006969036   0.0071320414  -0.0186419113   0.0069881703   0.1007017417
       -0.0951987949  -0.0004124438   0.0004228918  -0.0001173924  -0.0004473736
        0.0000761569   0.0005572024   0.0036375429  -0.0025344077   0.0011180562
       -0.0001281481  -0.0002286586   0.0001353697  -0.0010262843  -0.0003422188
        0.0019081102   0.0125563634   0.0119748002  -0.0020413702  -0.0012940749
        0.0727731548  -0.2061037560  -0.0023652768   0.0042522887  -0.0050238880
        0.0000397001  -0.0000685857   0.0000101399  -0.0001611489  -0.0000539095
        0.0000511906  -0.0000927913  -0.0000329196  -0.0000226599   0.0013946082
       -0.0003051830   0.0000208344  -0.0001961083  -0.0000894243  -0.0007360869
       -0.0000971376   0.0070691549  -0.0307120639  -0.0078426592  -0.0951987949
        0.2408397413  -0.0001222711  -0.0002479432  -0.0000075695   0.0006043572
       -0.0004670190   0.0007491168  -0.0012691285   0.0009652578   0.0009328915
       -0.0005172515   0.0002536847  -0.0000541034  -0.0010851823  -0.0011791747
        0.0001486883  -0.0057080001   0.0048974777  -0.0009179848  -0.0230601943
       -0.0125516901   0.0011943153  -0.2153943745  -0.1117355994   0.0115231088
       -0.0001401897  -0.0000508618   0.0000038232   0.0000763657   0.0000309076
       -0.0000405526   0.0000736971   0.0000468508   0.0000350790   0.0000208470
        0.0000081148  -0.0000373809   0.0000196052   0.0000194405   0.0000334609
        0.0002599581  -0.0003624829   0.0002504586   0.0002934224  -0.0004124438
       -0.0001222711   0.2505215890   0.1282813229  -0.0130393008  -0.0019928648
       -0.0033637452  -0.0009856833  -0.0033674272  -0.0038818011   0.0020083426
        0.0002725140  -0.0000661161   0.0000205633   0.0011648430   0.0003994118
        0.0000013346   0.0035409502  -0.0014522898   0.0003835254   0.0134900795
        0.0083334337  -0.0008207677  -0.1133035970  -0.1137392228   0.0072242755
        0.0000492163   0.0000461595  -0.0000063172   0.0000147774  -0.0000265472
       -0.0000001212   0.0000168982  -0.0000260049   0.0000114680  -0.0000989918
        0.0000613232  -0.0000750923  -0.0001108175   0.0000892958   0.0000410180
        0.0002640238   0.0004897268   0.0001125383   0.0001734440   0.0004228918
       -0.0002479432   0.1282813229   0.1295151176  -0.0086838852  -0.0201108253
       -0.0146971129  -0.0007296255  -0.0136438375  -0.0093500666   0.0027690291
       -0.0000544150   0.0000201149   0.0000040504  -0.0002049396  -0.0000627786
        0.0002167318  -0.0007105746   0.0004108707   0.0003036439  -0.0026625137
       -0.0015661800   0.0003045567   0.0117478315   0.0072700023  -0.0433835645
       -0.0000115893  -0.0000083111   0.0000052492  -0.0000108171   0.0000098377
       -0.0000048150   0.0000100456  -0.0000007132  -0.0000029369   0.0000442384
       -0.0000362749   0.0000085137  -0.0000116647   0.0000112184  -0.0000157721
        0.0003099987  -0.0000551812  -0.0000369842  -0.0003529652  -0.0001173924
       -0.0000075695  -0.0130393008  -0.0086838852   0.0465092635  -0.0197821442
       -0.0146386035   0.0000363991   0.0247288098   0.0174472763  -0.0039367660
        0.0000222774  -0.0001088113  -0.0000171291  -0.0002740926   0.0002328042
        0.0001102343   0.0022308008  -0.0001917979  -0.0003501676  -0.0025781598
        0.0192943392   0.0174022903  -0.0425588370  -0.0042096133  -0.0034878785
        0.0000760639  -0.0000167920  -0.0000052967  -0.0000053143   0.0000125001
        0.0000046999  -0.0000624828  -0.0000167388  -0.0000234788   0.0001146638
       -0.0000466275   0.0001001786   0.0001106654  -0.0001459284  -0.0001215112
       -0.0039158261   0.0038371581  -0.0001295653   0.0006971418  -0.0004473736
        0.0006043572  -0.0019928648  -0.0201108253  -0.0197821442   0.0473175946
        0.0005767142   0.0033941209   0.0008183698   0.0013409922   0.0023012902
       -0.0000742080   0.0001049932   0.0000460351  -0.0003773026   0.0003705007
       -0.0001776001  -0.0005552512   0.0005088812   0.0005772818   0.0041569566
       -0.0175219601  -0.0149918753  -0.0035641132  -0.1596633062  -0.1212191294
       -0.0000447472  -0.0000268584  -0.0000031671  -0.0000111683  -0.0000137476
       -0.0000102047   0.0000139838   0.0000347423   0.0000179258  -0.0000824366
       -0.0000197124  -0.0000339822  -0.0001917830   0.0000091630   0.0000678408
        0.0040630680  -0.0027672549   0.0004022737  -0.0005988706   0.0000761569
       -0.0004670190  -0.0033637452  -0.0146971129  -0.0146386035   0.0005767142
        0.1847303855   0.1416123842   0.0000529032   0.0088751298   0.0088178399
       -0.0000550651   0.0000119250   0.0000201841  -0.0002265880   0.0001953588
       -0.0001106362   0.0007145001   0.0002942947   0.0000585134   0.0018080590
       -0.0005162821   0.0019151180  -0.0029139244  -0.1221382951  -0.1728701950
       -0.0000316623   0.0000096471  -0.0000048684   0.0000082223  -0.0000030077
       -0.0000504384   0.0000181296   0.0000184996   0.0000493627  -0.0000857542
        0.0000716193  -0.0000220261  -0.0001073186   0.0000839614   0.0000105011
       -0.0004517022   0.0002446907   0.0012040162  -0.0002547376   0.0005572024
        0.0007491168  -0.0009856833  -0.0007296255   0.0000363991   0.0033941209
        0.1416123842   0.1962425223  -0.0008305964  -0.0197123728  -0.0272275694
        0.0000157173  -0.0000982046   0.0000489778  -0.0002806860   0.0002020693
       -0.0001955155   0.0022496013  -0.0000513392   0.0004988174  -0.0012901027
        0.0132165785  -0.0222532356  -0.0435278873  -0.0081702948   0.0148828069
        0.0000741577  -0.0000124103   0.0000162232  -0.0000620429  -0.0000088200
        0.0000205483  -0.0000069041   0.0000130405  -0.0000078011   0.0000940911
       -0.0000963987   0.0001663766   0.0001170214  -0.0000720070  -0.0000728550
        0.0007023667  -0.0005754449  -0.0004507901  -0.0038691387   0.0036375429
       -0.0012691285  -0.0033674272  -0.0136438375   0.0247288098   0.0008183698
        0.0000529032  -0.0008305964   0.0483328636   0.0056066226  -0.0152826380
       -0.0000542870   0.0000764675  -0.0000680267  -0.0002905318   0.0003100072
        0.0000368122  -0.0007010452   0.0002319863  -0.0006760180   0.0024521313
       -0.0114514372   0.0190760446  -0.0076541553  -0.0934071931   0.0969407986
       -0.0000319589  -0.0000267114   0.0000064287   0.0000091572   0.0000276702
       -0.0000123135  -0.0000128436  -0.0000124367  -0.0000026695  -0.0001467434
       -0.0000292165  -0.0000644520  -0.0000568244  -0.0000280656   0.0000323864
       -0.0005297406   0.0000976728   0.0006207839   0.0039510282  -0.0025344077
        0.0009652578  -0.0038818011  -0.0093500666   0.0174472763   0.0013409922
        0.0088751298  -0.0197123728   0.0056066226   0.1072206010  -0.1145899359
        0.0000777088  -0.0000325666   0.0000521941   0.0003385675  -0.0003376468
       -0.0000652283  -0.0004337221  -0.0003464236   0.0003453477  -0.0028313791
        0.0053455514  -0.0054441522   0.0141456721   0.0978084813  -0.2381826326
        0.0000444065  -0.0000011359  -0.0000029945  -0.0000269575  -0.0000138444
        0.0000625232  -0.0000035702  -0.0000096308  -0.0000544609   0.0001598251
       -0.0000680971   0.0000696095   0.0001131792  -0.0000671633  -0.0000091221
        0.0004198070  -0.0003925134   0.0007096569  -0.0010305319   0.0011180562
        0.0009328915   0.0020083426   0.0027690291  -0.0039367660   0.0023012902
        0.0088178399  -0.0272275694  -0.0152826380  -0.1145899359   0.2727507031
