           1           2   1.01566573980463     
           2           3  0.973594327393151     
           3           4  0.973592721170840     
           4           5   1.01566600928808     
           1           6  0.983731595489657     
           1           7  0.985497109061280     
           1           8  0.985459120364662     
           2           9  0.968832504731051     
           2          10  0.968870785724715     
           4          11  0.968837915280672     
           4          12  0.968865860811410     
           5          13  0.983731547653350     
           5          14  0.985490151120411     
           5          15  0.985465882552519     
