$hessian                                                                        
        0.4963916039  -0.0225472395  -0.0310791644  -0.0956533462  -0.0286868744
       -0.0444591156  -0.0260533735  -0.0264130800  -0.0068281312   0.0006717649
       -0.0004242255  -0.0004326262  -0.0001188087   0.0000833522   0.0000263769
       -0.1102771226   0.0995107455   0.0449470533  -0.0675886313   0.0446408034
       -0.0568214557  -0.1946411864  -0.0657918456   0.0998044340   0.0069692479
        0.0064029718   0.0088613628  -0.0085392154  -0.0063313880  -0.0137449702
        0.0000718609  -0.0000555937  -0.0001900695  -0.0009795936  -0.0004546356
        0.0000486528  -0.0001213947  -0.0000364640  -0.0000602564  -0.0000375886
        0.0000617892  -0.0000511518  -0.0000942166   0.0000416841  -0.0000209387
       -0.0225472395   0.5047649568  -0.0271656413  -0.0301005914  -0.1002239271
       -0.0445651037  -0.0223049436  -0.0149733991  -0.0050775030   0.0005089346
        0.0000440603   0.0007127352  -0.0000833552  -0.0004314712  -0.0000721574
        0.0989694184  -0.1873890297  -0.0643419835   0.0446728387  -0.1236539477
        0.1046175621  -0.0656807477  -0.0710613625   0.0445082417  -0.0107809677
       -0.0156062730  -0.0180314013   0.0074211636   0.0074498821   0.0093661014
        0.0001168572   0.0000335532  -0.0001608794  -0.0003282157   0.0007208440
        0.0001430239   0.0001584898   0.0002406361   0.0001637317  -0.0000107795
       -0.0000477446  -0.0000156785  -0.0000108621   0.0001332225  -0.0000810478
       -0.0310791644  -0.0271656413   0.4988362628  -0.0440506706  -0.0448317766
       -0.1212856063   0.0082499011   0.0089372648   0.0114198287   0.0005219334
        0.0000685652   0.0006163829   0.0000264226   0.0000721667  -0.0004354413
        0.0450488782  -0.0651079750  -0.0737704354  -0.0563442623   0.1051647080
       -0.1818854862   0.0993022461   0.0440511736  -0.1060928204  -0.0069943778
       -0.0104898911  -0.0101900170  -0.0148394644  -0.0111324682  -0.0183316976
        0.0001487664   0.0001004499   0.0001726751  -0.0001125031   0.0004169038
        0.0006062540  -0.0000333181  -0.0000623742   0.0000519816   0.0001715788
        0.0000136029   0.0001551774  -0.0000159660  -0.0000347085   0.0001329418
       -0.0956533462  -0.0301005914  -0.0440506706   0.4411513939  -0.0639199356
        0.0100958036  -0.1117653669  -0.0417237537   0.0452858507  -0.0299173187
       -0.0060028515   0.0166895657   0.0006718050  -0.0005086335   0.0005220676
        0.0093901497   0.0073578063   0.0086177917  -0.0079853721  -0.0048926429
       -0.0098426452  -0.0153624759  -0.0137752053  -0.0124510156  -0.1082943684
        0.0960886973   0.0481940090  -0.0791621451   0.0556252050  -0.0641449479
       -0.0032174408   0.0023461586   0.0024718645   0.0010894178  -0.0004434043
       -0.0016080041  -0.0008530202   0.0000669030   0.0003352146  -0.0003033827
        0.0001499207   0.0000496590   0.0002114707  -0.0002676729  -0.0001645430
       -0.0286868744  -0.1002239271  -0.0448317766  -0.0639199356   0.4945447945
        0.0124640642  -0.0544704390  -0.1294902795   0.0391136710   0.0060061969
        0.0174961499  -0.0033018628   0.0004240158   0.0000437515  -0.0000683643
       -0.0120020833  -0.0161592336  -0.0173152204   0.0080843881   0.0091436376
        0.0097964962  -0.0076044150  -0.0066258680  -0.0058770137   0.0923363122
       -0.1607026453  -0.0653047194   0.0554843523  -0.1087372903   0.0788909721
        0.0028939657  -0.0002862260  -0.0024151139   0.0001941692   0.0009972088
       -0.0007822077   0.0004428592  -0.0001197701  -0.0004434392   0.0001686621
        0.0002048177   0.0001210321   0.0006488256  -0.0000851200  -0.0000465175
       -0.0444591156  -0.0445651037  -0.1212856063   0.0100958036   0.0124640642
        0.4570070943   0.0422737497   0.0292158776  -0.0752060368   0.0166870566
        0.0032899237  -0.0162060124  -0.0004327169  -0.0007124865   0.0006167583
       -0.0058639867  -0.0099399391  -0.0092269253  -0.0166833614  -0.0117325286
       -0.0189814308   0.0083886474   0.0071262431   0.0073963194   0.0498459391
       -0.0674707084  -0.0802263638  -0.0631972824   0.0823284762  -0.1435330187
        0.0031555778  -0.0016899180  -0.0010382441   0.0008181329   0.0010716067
        0.0006397064   0.0001787460   0.0004513492   0.0005533104  -0.0004155177
       -0.0002867023  -0.0002539945  -0.0003916725   0.0004498459  -0.0002555559
       -0.0260533735  -0.0223049436   0.0082499011  -0.1117653669  -0.0544704390
        0.0422737497   0.3229562855  -0.0000281760  -0.1507076787  -0.1117714819
        0.0544879469   0.0422544777  -0.0260566942   0.0223073812   0.0082423536
        0.0004837588   0.0003675221   0.0005413779   0.0015591073   0.0015576774
        0.0011197283  -0.0041861340  -0.0043913404  -0.0034162710  -0.0256929924
       -0.0084418977   0.0185070263   0.0041823318  -0.0070441121   0.0080948839
       -0.0256922759   0.0084463044   0.0185033273   0.0041804639   0.0070485898
        0.0080933260   0.0004839727  -0.0003674432   0.0005415955   0.0015592125
       -0.0015569141   0.0011204068  -0.0041868137   0.0043898443  -0.0034182044
       -0.0264130800  -0.0149733991   0.0089372648  -0.0417237537  -0.1294902795
        0.0292158776  -0.0000281760   0.3138297336  -0.0000300788   0.0417423502
       -0.1295104929  -0.0291917188   0.0264091223  -0.0149710699  -0.0089264914
        0.0008329810   0.0001603719   0.0004578630   0.0013000337   0.0011065657
        0.0004295387  -0.0035509545  -0.0036094788  -0.0035621187   0.0133363804
        0.0102378167  -0.0094476602  -0.0205339981  -0.0203314014   0.0224662145
       -0.0133324342   0.0102392449   0.0094408623   0.0205438014  -0.0203468562
       -0.0224653392  -0.0008329943   0.0001600745  -0.0004579433  -0.0012993877
        0.0011056971  -0.0004292171   0.0035501093  -0.0036065266   0.0035629466
       -0.0068281312  -0.0050775030   0.0114198287   0.0452858507   0.0391136710
       -0.0752060368  -0.1507076787  -0.0000300788   0.1860693693   0.0452715888
       -0.0390890521  -0.0751809464  -0.0068384599   0.0050869383   0.0114214669
        0.0001980739   0.0004404816   0.0000891359   0.0009278269   0.0001093689
        0.0017622882  -0.0023259484  -0.0020973858  -0.0008771479   0.0170005802
        0.0058594347  -0.0110130118   0.0211086848   0.0220715001  -0.0192304273
        0.0170064390  -0.0058665646  -0.0110146339   0.0211018024  -0.0220694595
       -0.0192129214   0.0001984431  -0.0004406344   0.0000896271   0.0009284131
       -0.0001090031   0.0017625690  -0.0023274849   0.0020982868  -0.0008791595
        0.0006717649   0.0005089346   0.0005219334  -0.0299173187   0.0060061969
        0.0166870566  -0.1117714819   0.0417423502   0.0452715888   0.4411438325
        0.0639199250   0.0100722770  -0.0956598335   0.0300839890  -0.0440669427
       -0.0008530168  -0.0000667864   0.0003351541  -0.0003033583  -0.0001499091
        0.0000497384   0.0002115077   0.0002676649  -0.0001646163  -0.0032171685
       -0.0023454508   0.0024727654   0.0010893748   0.0004427485  -0.0016082048
       -0.1082793308  -0.0960653107   0.0482281334  -0.0791551547  -0.0556489968
       -0.0641175095   0.0093899831  -0.0073523763   0.0086192199  -0.0079860660
        0.0048878724  -0.0098444050  -0.0153637338   0.0137691487  -0.0124561887
       -0.0004242255   0.0000440603   0.0000685652  -0.0060028515   0.0174961499
        0.0032899237   0.0544879469  -0.1295104929  -0.0390890521   0.0639199250
        0.4945451123  -0.0124795922   0.0286704964  -0.1001834486   0.0448194683
       -0.0004427882  -0.0001198526   0.0004438190  -0.0001688503   0.0002048075
       -0.0001212496  -0.0006489650  -0.0000853624   0.0000463732  -0.0028929889
       -0.0002849205   0.0024148397  -0.0001938445   0.0009971489   0.0007819390
       -0.0923124361  -0.1606645307   0.0653417959  -0.0555080025  -0.1088099220
       -0.0789089205   0.0120018263  -0.0161479675   0.0173186436  -0.0080928404
        0.0091443982  -0.0098084928   0.0076075984  -0.0066251799   0.0058819396
       -0.0004326262   0.0007127352   0.0006163829   0.0166895657  -0.0033018628
       -0.0162060124   0.0422544777  -0.0291917188  -0.0751809464   0.0100722770
       -0.0124795922   0.4570177687  -0.0444748672   0.0445527597  -0.1213202181
        0.0001790525  -0.0004509979   0.0005532712  -0.0004154896   0.0002866075
       -0.0002540024  -0.0003913753  -0.0004500349  -0.0002554482   0.0031563982
        0.0016897442  -0.0010395776   0.0008183345  -0.0010717448   0.0006398245
        0.0498785031   0.0675081209  -0.0802803098  -0.0631697260  -0.0823461455
       -0.1434677392  -0.0058704077   0.0099431626  -0.0092387403  -0.0166808454
        0.0117194991  -0.0189811329   0.0083867286  -0.0071205322   0.0073968801
       -0.0001188087  -0.0000833552   0.0000264226   0.0006718050   0.0004240158
       -0.0004327169  -0.0260566942   0.0264091223  -0.0068384599  -0.0956598335
        0.0286704964  -0.0444748672   0.4963876610   0.0225355788  -0.0310897692
       -0.0001213724   0.0000363837  -0.0000602539  -0.0000375989  -0.0000618424
       -0.0000510925  -0.0000941963  -0.0000417571  -0.0000209044   0.0000718371
        0.0000554670  -0.0001900515  -0.0009796043   0.0004544416   0.0000484837
        0.0069690883  -0.0063976335   0.0088622382  -0.0085396874   0.0063247817
       -0.0137467934  -0.1102647792  -0.0994863592   0.0449877011  -0.0675887303
       -0.0446655958  -0.0568018141  -0.1946390861   0.0658262558   0.0997818773
        0.0000833522  -0.0004314712   0.0000721667  -0.0005086335   0.0000437515
       -0.0007124865   0.0223073812  -0.0149710699   0.0050869383   0.0300839890
       -0.1001834486   0.0445527597   0.0225355788   0.5047899644   0.0271602853
       -0.0001585400   0.0002406025  -0.0001638264   0.0000108495  -0.0000477838
        0.0000157524   0.0000108417   0.0001332679   0.0000810315  -0.0001167524
        0.0000335934   0.0001609018   0.0003279277   0.0007206609  -0.0001430611
        0.0107802793  -0.0155947963   0.0180345303  -0.0074284756   0.0074506494
       -0.0093775232  -0.0989451320  -0.1873443909   0.0643961453  -0.0446973926
       -0.1237467831  -0.1046429515   0.0657147265  -0.0710927463  -0.0445206625
        0.0000263769  -0.0000721574  -0.0004354413   0.0005220676  -0.0000683643
        0.0006167583   0.0082423536  -0.0089264914   0.0114214669  -0.0440669427
        0.0448194683  -0.1213202181  -0.0310897692   0.0271602853   0.4988163933
       -0.0000332666   0.0000622840   0.0000520784   0.0001715661  -0.0000135565
        0.0001552070  -0.0000159558   0.0000347144   0.0001329678   0.0001488793
       -0.0001003444   0.0001726310  -0.0001126208  -0.0004169284   0.0006064446
       -0.0069999341   0.0104920548  -0.0102019372  -0.0148372690   0.0111206702
       -0.0183316369   0.0450893775   0.0651621311  -0.0738286760  -0.0563244926
       -0.1051900331  -0.1817928927   0.0992796298  -0.0440637326  -0.1060631451
       -0.1102771226   0.0989694184   0.0450488782   0.0093901497  -0.0120020833
       -0.0058639867   0.0004837588   0.0008329810   0.0001980739  -0.0008530168
       -0.0004427882   0.0001790525  -0.0001213724  -0.0001585400  -0.0000332666
        0.1272964011  -0.1139842912  -0.0521947293  -0.0068402098   0.0101606021
        0.0027382156  -0.0178138179   0.0203139377   0.0115001483  -0.0008767577
       -0.0025613489  -0.0023933084   0.0007662372  -0.0005012347   0.0004077528
        0.0001336096   0.0000587789  -0.0000141310  -0.0012395753  -0.0009504852
        0.0006844887  -0.0000716056   0.0001295172  -0.0002663563   0.0000792079
        0.0001079425   0.0000034575  -0.0000558862   0.0000275936   0.0000057108
        0.0995107455  -0.1873890297  -0.0651079750   0.0073578063  -0.0161592336
       -0.0099399391   0.0003675221   0.0001603719   0.0004404816  -0.0000667864
       -0.0001198526  -0.0004509979   0.0000363837   0.0002406025   0.0000622840
       -0.1139842912   0.2150382397   0.0779348527   0.0138003097  -0.0182698407
       -0.0046061273  -0.0040582508   0.0072143584   0.0029362768  -0.0023160768
       -0.0017504448  -0.0030680271   0.0004209328   0.0007522556   0.0008127830
        0.0001905828   0.0001564940   0.0001351680  -0.0012395676   0.0000384184
        0.0009009354  -0.0001297189   0.0001277726  -0.0001402549   0.0000750922
       -0.0000523189   0.0000796590   0.0000353167   0.0000122072   0.0000108809
        0.0449470533  -0.0643419835  -0.0737704354   0.0086177917  -0.0173152204
       -0.0092269253   0.0005413779   0.0004578630   0.0000891359   0.0003351541
        0.0004438190   0.0005532712  -0.0000602539  -0.0001638264   0.0000520784
       -0.0521947293   0.0779348527   0.0846925303  -0.0135460360   0.0191225214
        0.0073109558   0.0126534269  -0.0131802593  -0.0070835087  -0.0025012654
       -0.0031987841  -0.0026635637   0.0007677364  -0.0004161225   0.0003004295
       -0.0000169464   0.0000340031  -0.0000915240   0.0006173758   0.0003485878
        0.0002140511  -0.0002663034   0.0001400541  -0.0002400138   0.0000283550
        0.0000693474  -0.0000918110   0.0000772633   0.0000651476  -0.0000446701
       -0.0675886313   0.0446728387  -0.0563442623  -0.0079853721   0.0080843881
       -0.0166833614   0.0015591073   0.0013000337   0.0009278269  -0.0003033583
       -0.0001688503  -0.0004154896  -0.0000375989   0.0000108495   0.0001715661
       -0.0068402098   0.0138003097  -0.0135460360   0.0759217412  -0.0511386268
        0.0687187101   0.0069222291  -0.0148808522   0.0198709699   0.0003604444
        0.0003474638   0.0005648081  -0.0018019042  -0.0022851915  -0.0034371874
        0.0000039223   0.0000267426  -0.0000014687  -0.0004219805   0.0003299038
        0.0000254684   0.0000792042  -0.0000750772   0.0000283893   0.0001064016
        0.0000025960   0.0000821279   0.0000260049  -0.0000265278   0.0000379387
        0.0446408034  -0.1236539477   0.1051647080  -0.0048926429   0.0091436376
       -0.0117325286   0.0015576774   0.0011065657   0.0001093689  -0.0001499091
        0.0002048075   0.0002866075  -0.0000618424  -0.0000477838  -0.0000135565
        0.0101606021  -0.0182698407   0.0191225214  -0.0511386268   0.1396721296
       -0.1207374146   0.0025190070  -0.0077952201   0.0108523693  -0.0003001892
        0.0006273534  -0.0002118721  -0.0025070055  -0.0008225608  -0.0026170000
       -0.0000271315  -0.0000328756  -0.0000713441   0.0002987952  -0.0001421196
       -0.0000443340  -0.0001079490  -0.0000524952  -0.0000694247  -0.0000025874
        0.0000723972  -0.0000468899   0.0000109986  -0.0000100473   0.0000087894
       -0.0568214557   0.1046175621  -0.1818854862  -0.0098426452   0.0097964962
       -0.0189814308   0.0011197283   0.0004295387   0.0017622882   0.0000497384
       -0.0001212496  -0.0002540024  -0.0000510925   0.0000157524   0.0001552070
        0.0027382156  -0.0046061273   0.0073109558   0.0687187101  -0.1207374146
        0.2108366865  -0.0033545212   0.0128124748  -0.0157913802   0.0001436605
        0.0005675684  -0.0000178832  -0.0027396572  -0.0027711217  -0.0030951331
        0.0000416179   0.0000121823  -0.0000107208  -0.0000826730   0.0000263382
        0.0000346799   0.0000035267  -0.0000796867  -0.0000917700   0.0000821012
        0.0000468604  -0.0000287507  -0.0000052538  -0.0000091735   0.0000567403
       -0.1946411864  -0.0656807477   0.0993022461  -0.0153624759  -0.0076044150
        0.0083886474  -0.0041861340  -0.0035509545  -0.0023259484   0.0002115077
       -0.0006489650  -0.0003913753  -0.0000941963   0.0000108417  -0.0000159558
       -0.0178138179  -0.0040582508   0.0126534269   0.0069222291   0.0025190070
       -0.0033545212   0.2240912721   0.0783865264  -0.1145931192   0.0005884517
        0.0001666273   0.0005125851  -0.0001570967   0.0002581414  -0.0000216458
        0.0000629911   0.0000532291  -0.0000467457   0.0003593886   0.0001884146
       -0.0001697906  -0.0000558723  -0.0000352908   0.0000772859   0.0000259960
       -0.0000110042  -0.0000052396   0.0000489433   0.0000068403  -0.0000098499
       -0.0657918456  -0.0710613625   0.0440511736  -0.0137752053  -0.0066258680
        0.0071262431  -0.0043913404  -0.0036094788  -0.0020973858   0.0002676649
       -0.0000853624  -0.0004500349  -0.0000417571   0.0001332679   0.0000347144
        0.0203139377   0.0072143584  -0.0131802593  -0.0148808522  -0.0077952201
        0.0128124748   0.0783865264   0.0817166203  -0.0491667962  -0.0004880014
       -0.0000943758   0.0005624136   0.0001776477   0.0001654791   0.0001296448
        0.0000504883   0.0001134511   0.0001124615   0.0001806514  -0.0000890457
        0.0001159273  -0.0000276162   0.0000121683  -0.0000651486   0.0000265411
       -0.0000100083   0.0000091947  -0.0000068393   0.0000153764   0.0000053770
        0.0998044340   0.0445082417  -0.1060928204  -0.0124510156  -0.0058770137
        0.0073963194  -0.0034162710  -0.0035621187  -0.0008771479  -0.0001646163
        0.0000463732  -0.0002554482  -0.0000209044   0.0000810315   0.0001329678
        0.0115001483   0.0029362768  -0.0070835087   0.0198709699   0.0108523693
       -0.0157913802  -0.1145931192  -0.0491667962   0.1215106436  -0.0005022301
        0.0000607439   0.0006906503  -0.0001104914  -0.0001203200   0.0001686319
       -0.0000077686   0.0000740129   0.0000722560   0.0000570778   0.0001922379
        0.0001125723   0.0000057309  -0.0000108826  -0.0000446370   0.0000379172
       -0.0000087819   0.0000567447  -0.0000098616  -0.0000053742   0.0000041567
        0.0069692479  -0.0107809677  -0.0069943778  -0.1082943684   0.0923363122
        0.0498459391  -0.0256929924   0.0133363804   0.0170005802  -0.0032171685
       -0.0028929889   0.0031563982   0.0000718371  -0.0001167524   0.0001488793
       -0.0008767577  -0.0023160768  -0.0025012654   0.0003604444  -0.0003001892
        0.0001436605   0.0005884517  -0.0004880014  -0.0005022301   0.1398430175
       -0.1026646368  -0.0648124316  -0.0089516015   0.0138884059   0.0040225909
       -0.0009590438   0.0004845238   0.0007200925  -0.0000416289  -0.0002722123
       -0.0002448875   0.0001336682  -0.0001905693  -0.0000168703   0.0000038861
        0.0000271938   0.0000416451   0.0000630085  -0.0000504212  -0.0000077233
        0.0064029718  -0.0156062730  -0.0104898911   0.0960886973  -0.1607026453
       -0.0674707084  -0.0084418977   0.0102378167   0.0058594347  -0.0023454508
       -0.0002849205   0.0016897442   0.0000554670   0.0000335934  -0.0001003444
       -0.0025613489  -0.0017504448  -0.0031987841   0.0003474638   0.0006273534
        0.0005675684   0.0001666273  -0.0000943758   0.0000607439  -0.1026646368
        0.1836351011   0.0782475189   0.0137032518  -0.0165763676  -0.0056763794
       -0.0004842960   0.0002537777   0.0003977433  -0.0001280750  -0.0000095697
        0.0002337052  -0.0000588012   0.0001564105  -0.0000341354  -0.0000267268
       -0.0000328830  -0.0000121536  -0.0000532459   0.0001134270  -0.0000740623
        0.0088613628  -0.0180314013  -0.0101900170   0.0481940090  -0.0653047194
       -0.0802263638   0.0185070263  -0.0094476602  -0.0110130118   0.0024727654
        0.0024148397  -0.0010395776  -0.0001900515   0.0001609018   0.0001726310
       -0.0023933084  -0.0030680271  -0.0026635637   0.0005648081  -0.0002118721
       -0.0000178832   0.0005125851   0.0005624136   0.0006906503  -0.0648124316
        0.0782475189   0.0971589839  -0.0121793541   0.0151335799   0.0075721147
        0.0007202645  -0.0003979680  -0.0005230917  -0.0001953888   0.0001187734
        0.0001089666  -0.0000140605  -0.0001352935  -0.0000914525  -0.0000015095
        0.0000714239  -0.0000107515  -0.0000467170  -0.0001125094   0.0000723663
       -0.0085392154   0.0074211636  -0.0148394644  -0.0791621451   0.0554843523
       -0.0631972824   0.0041823318  -0.0205339981   0.0211086848   0.0010893748
       -0.0001938445   0.0008183345  -0.0009796043   0.0003279277  -0.0001126208
        0.0007662372   0.0004209328   0.0007677364  -0.0018019042  -0.0025070055
       -0.0027396572  -0.0001570967   0.0001776477  -0.0001104914  -0.0089516015
        0.0137032518  -0.0121793541   0.0950874974  -0.0552000383   0.0701728318
       -0.0000417171   0.0001280158  -0.0001954083  -0.0001900572   0.0000113237
       -0.0000846857  -0.0012396952   0.0012396654   0.0006168269  -0.0004218271
       -0.0002988321  -0.0000825529   0.0003594223  -0.0001805622   0.0000571026
       -0.0063313880   0.0074498821  -0.0111324682   0.0556252050  -0.1087372903
        0.0823284762  -0.0070441121  -0.0203314014   0.0220715001   0.0004427485
        0.0009971489  -0.0010717448   0.0004544416   0.0007206609  -0.0004169284
       -0.0005012347   0.0007522556  -0.0004161225  -0.0022851915  -0.0008225608
       -0.0027711217   0.0002581414   0.0001654791  -0.0001203200   0.0138884059
       -0.0165763676   0.0151335799  -0.0552000383   0.1366711120  -0.1028622758
        0.0002721245  -0.0000097410  -0.0001187712  -0.0000113576  -0.0000859594
       -0.0000570767   0.0009505926   0.0000381698  -0.0003483714  -0.0003298882
       -0.0001422118  -0.0000262354  -0.0001884491  -0.0000891759  -0.0001921202
       -0.0137449702   0.0093661014  -0.0183316976  -0.0641449479   0.0788909721
       -0.1435330187   0.0080948839   0.0224662145  -0.0192304273  -0.0016082048
        0.0007819390   0.0006398245   0.0000484837  -0.0001430611   0.0006064446
        0.0004077528   0.0008127830   0.0003004295  -0.0034371874  -0.0026170000
       -0.0030951331  -0.0000216458   0.0001296448   0.0001686319   0.0040225909
       -0.0056763794   0.0075721147   0.0701728318  -0.1028622758   0.1747260771
       -0.0002449413  -0.0002336893   0.0001090964  -0.0000846742   0.0000569919
       -0.0002942371   0.0006841707  -0.0009007642   0.0002145221   0.0000255464
        0.0000443769   0.0000346662  -0.0001696887  -0.0001158539   0.0001127069
        0.0000718609   0.0001168572   0.0001487664  -0.0032174408   0.0028939657
        0.0031555778  -0.0256922759  -0.0133324342   0.0170064390  -0.1082793308
       -0.0923124361   0.0498785031   0.0069690883   0.0107802793  -0.0069999341
        0.0001336096   0.0001905828  -0.0000169464   0.0000039223  -0.0000271315
        0.0000416179   0.0000629911   0.0000504883  -0.0000077686  -0.0009590438
       -0.0004842960   0.0007202645  -0.0000417171   0.0002721245  -0.0002449413
        0.1398262814   0.1026352651  -0.0648483205  -0.0089495221  -0.0138864305
        0.0040279834  -0.0008772735   0.0023152297  -0.0025024769   0.0003604897
        0.0003002412   0.0001435659   0.0005883605   0.0004876944  -0.0005023301
       -0.0000555937   0.0000335532   0.0001004499   0.0023461586  -0.0002862260
       -0.0016899180   0.0084463044   0.0102392449  -0.0058665646  -0.0960653107
       -0.1606645307   0.0675081209  -0.0063976335  -0.0155947963   0.0104920548
        0.0000587789   0.0001564940   0.0000340031   0.0000267426  -0.0000328756
        0.0000121823   0.0000532291   0.0001134511   0.0000740129   0.0004845238
        0.0002537777  -0.0003979680   0.0001280158  -0.0000097410  -0.0002336893
        0.1026352651   0.1835887832  -0.0782889839  -0.0137074425  -0.0165821969
        0.0056865659   0.0025606304  -0.0017476959   0.0031981288  -0.0003472998
        0.0006273344  -0.0005678861  -0.0001663686  -0.0000945762  -0.0000605088
       -0.0001900695  -0.0001608794   0.0001726751   0.0024718645  -0.0024151139
       -0.0010382441   0.0185033273   0.0094408623  -0.0110146339   0.0482281334
        0.0653417959  -0.0802803098   0.0088622382   0.0180345303  -0.0102019372
       -0.0000141310   0.0001351680  -0.0000915240  -0.0000014687  -0.0000713441
       -0.0000107208  -0.0000467457   0.0001124615   0.0000722560   0.0007200925
        0.0003977433  -0.0005230917  -0.0001954083  -0.0001187712   0.0001090964
       -0.0648483205  -0.0782889839   0.0972234066  -0.0121724403  -0.0151246613
        0.0075760817  -0.0023946663   0.0030675601  -0.0026660867   0.0005649550
        0.0002116569  -0.0000177731   0.0005126396  -0.0005620248   0.0006908057
       -0.0009795936  -0.0003282157  -0.0001125031   0.0010894178   0.0001941692
        0.0008181329   0.0041804639   0.0205438014   0.0211018024  -0.0791551547
       -0.0555080025  -0.0631697260  -0.0085396874  -0.0074284756  -0.0148372690
       -0.0012395753  -0.0012395676   0.0006173758  -0.0004219805   0.0002987952
       -0.0000826730   0.0003593886   0.0001806514   0.0000570778  -0.0000416289
       -0.0001280750  -0.0001953888  -0.0001900572  -0.0000113576  -0.0000846742
       -0.0089495221  -0.0137074425  -0.0121724403   0.0950811381   0.0552261802
        0.0701438272   0.0007661815  -0.0004206264   0.0007678581  -0.0018022948
        0.0025058944  -0.0027409628  -0.0001570955  -0.0001777289  -0.0001104369
       -0.0004546356   0.0007208440   0.0004169038  -0.0004434043   0.0009972088
        0.0010716067   0.0070485898  -0.0203468562  -0.0220694595  -0.0556489968
       -0.1088099220  -0.0823461455   0.0063247817   0.0074506494   0.0111206702
       -0.0009504852   0.0000384184   0.0003485878   0.0003299038  -0.0001421196
        0.0000263382   0.0001884146  -0.0000890457   0.0001922379  -0.0002722123
       -0.0000095697   0.0001187734   0.0000113237  -0.0000859594   0.0000569919
       -0.0138864305  -0.0165821969  -0.0151246613   0.0552261802   0.1367609988
        0.1028820333   0.0005013768   0.0007520389   0.0004158732   0.0022837538
       -0.0008199766   0.0027699085  -0.0002581594   0.0001654879   0.0001203414
        0.0000486528   0.0001430239   0.0006062540  -0.0016080041  -0.0007822077
        0.0006397064   0.0080933260  -0.0224653392  -0.0192129214  -0.0641175095
       -0.0789089205  -0.1434677392  -0.0137467934  -0.0093775232  -0.0183316369
        0.0006844887   0.0009009354   0.0002140511   0.0000254684  -0.0000443340
        0.0000346799  -0.0001697906   0.0001159273   0.0001125723  -0.0002448875
        0.0002337052   0.0001089666  -0.0000846857  -0.0000570767  -0.0002942371
        0.0040279834   0.0056865659   0.0075760817   0.0701438272   0.1028820333
        0.1746419990   0.0004075750  -0.0008129116   0.0003005395  -0.0034382577
        0.0026158199  -0.0030971164  -0.0000213930  -0.0001296978   0.0001688007
       -0.0001213947   0.0001584898  -0.0000333181  -0.0008530202   0.0004428592
        0.0001787460   0.0004839727  -0.0008329943   0.0001984431   0.0093899831
        0.0120018263  -0.0058704077  -0.1102647792  -0.0989451320   0.0450893775
       -0.0000716056  -0.0001297189  -0.0002663034   0.0000792042  -0.0001079490
        0.0000035267  -0.0000558723  -0.0000276162   0.0000057309   0.0001336682
       -0.0000588012  -0.0000140605  -0.0012396952   0.0009505926   0.0006841707
       -0.0008772735   0.0025606304  -0.0023946663   0.0007661815   0.0005013768
        0.0004075750   0.1272820327   0.1139559065  -0.0522410027  -0.0068393801
       -0.0101596424   0.0027428320  -0.0178120214  -0.0203098277   0.0115093568
       -0.0000364640   0.0002406361  -0.0000623742   0.0000669030  -0.0001197701
        0.0004513492  -0.0003674432   0.0001600745  -0.0004406344  -0.0073523763
       -0.0161479675   0.0099431626  -0.0994863592  -0.1873443909   0.0651621311
        0.0001295172   0.0001277726   0.0001400541  -0.0000750772  -0.0000524952
       -0.0000796867  -0.0000352908   0.0000121683  -0.0000108826  -0.0001905693
        0.0001564105  -0.0001352935   0.0012396654   0.0000381698  -0.0009007642
        0.0023152297  -0.0017476959   0.0030675601  -0.0004206264   0.0007520389
       -0.0008129116   0.1139559065   0.2149845104  -0.0779974805  -0.0138052732
       -0.0182772970   0.0046176928   0.0040622579   0.0072178354  -0.0029419221
       -0.0000602564   0.0001637317   0.0000519816   0.0003352146  -0.0004434392
        0.0005533104   0.0005415955  -0.0004579433   0.0000896271   0.0086192199
        0.0173186436  -0.0092387403   0.0449877011   0.0643961453  -0.0738286760
       -0.0002663563  -0.0001402549  -0.0002400138   0.0000283893  -0.0000694247
       -0.0000917700   0.0000772859  -0.0000651486  -0.0000446370  -0.0000168703
       -0.0000341354  -0.0000914525   0.0006168269  -0.0003483714   0.0002145221
       -0.0025024769   0.0031981288  -0.0026660867   0.0007678581   0.0004158732
        0.0003005395  -0.0522410027  -0.0779974805   0.0847626806  -0.0135386059
       -0.0191120375   0.0073175632   0.0126514771   0.0131757128  -0.0070888482
       -0.0000375886  -0.0000107795   0.0001715788  -0.0003033827   0.0001686621
       -0.0004155177   0.0015592125  -0.0012993877   0.0009284131  -0.0079860660
       -0.0080928404  -0.0166808454  -0.0675887303  -0.0446973926  -0.0563244926
        0.0000792079   0.0000750922   0.0000283550   0.0001064016  -0.0000025874
        0.0000821012   0.0000259960   0.0000265411   0.0000379172   0.0000038861
       -0.0000267268  -0.0000015095  -0.0004218271  -0.0003298882   0.0000255464
        0.0003604897  -0.0003472998   0.0005649550  -0.0018022948   0.0022837538
       -0.0034382577  -0.0068393801  -0.0138052732  -0.0135386059   0.0759218825
        0.0511686525   0.0686961247   0.0069221935   0.0148894739   0.0198642373
        0.0000617892  -0.0000477446   0.0000136029   0.0001499207   0.0002048177
       -0.0002867023  -0.0015569141   0.0011056971  -0.0001090031   0.0048878724
        0.0091443982   0.0117194991  -0.0446655958  -0.1237467831  -0.1051900331
        0.0001079425  -0.0000523189   0.0000693474   0.0000025960   0.0000723972
        0.0000468604  -0.0000110042  -0.0000100083  -0.0000087819   0.0000271938
       -0.0000328830   0.0000714239  -0.0002988321  -0.0001422118   0.0000443769
        0.0003002412   0.0006273344   0.0002116569   0.0025058944  -0.0008199766
        0.0026158199  -0.0101596424  -0.0182772970  -0.0191120375   0.0511686525
        0.1397792415   0.1207686085  -0.0025201142  -0.0078046629  -0.0108546381
       -0.0000511518  -0.0000156785   0.0001551774   0.0000496590   0.0001210321
       -0.0002539945   0.0011204068  -0.0004292171   0.0017625690  -0.0098444050
       -0.0098084928  -0.0189811329  -0.0568018141  -0.1046429515  -0.1817928927
        0.0000034575   0.0000796590  -0.0000918110   0.0000821279  -0.0000468899
       -0.0000287507  -0.0000052396   0.0000091947   0.0000567447   0.0000416451
       -0.0000121536  -0.0000107515  -0.0000825529  -0.0000262354   0.0000346662
        0.0001435659  -0.0005678861  -0.0000177731  -0.0027409628   0.0027699085
       -0.0030971164   0.0027428320   0.0046176928   0.0073175632   0.0686961247
        0.1207686085   0.2107294464  -0.0033536926  -0.0128165908  -0.0157819440
       -0.0000942166  -0.0000108621  -0.0000159660   0.0002114707   0.0006488256
       -0.0003916725  -0.0041868137   0.0035501093  -0.0023274849  -0.0153637338
        0.0076075984   0.0083867286  -0.1946390861   0.0657147265   0.0992796298
       -0.0000558862   0.0000353167   0.0000772633   0.0000260049   0.0000109986
       -0.0000052538   0.0000489433  -0.0000068393  -0.0000098616   0.0000630085
       -0.0000532459  -0.0000467170   0.0003594223  -0.0001884491  -0.0001696887
        0.0005883605  -0.0001663686   0.0005126396  -0.0001570955  -0.0002581594
       -0.0000213930  -0.0178120214   0.0040622579   0.0126514771   0.0069221935
       -0.0025201142  -0.0033536926   0.2240894497  -0.0784257945  -0.1145660084
        0.0000416841   0.0001332225  -0.0000347085  -0.0002676729  -0.0000851200
        0.0004498459   0.0043898443  -0.0036065266   0.0020982868   0.0137691487
       -0.0066251799  -0.0071205322   0.0658262558  -0.0710927463  -0.0440637326
        0.0000275936   0.0000122072   0.0000651476  -0.0000265278  -0.0000100473
       -0.0000091735   0.0000068403   0.0000153764  -0.0000053742  -0.0000504212
        0.0001134270  -0.0001125094  -0.0001805622  -0.0000891759  -0.0001158539
        0.0004876944  -0.0000945762  -0.0005620248  -0.0001777289   0.0001654879
       -0.0001296978  -0.0203098277   0.0072178354   0.0131757128   0.0148894739
       -0.0078046629  -0.0128165908  -0.0784257945   0.0817504786   0.0491812046
       -0.0000209387  -0.0000810478   0.0001329418  -0.0001645430  -0.0000465175
       -0.0002555559  -0.0034182044   0.0035629466  -0.0008791595  -0.0124561887
        0.0058819396   0.0073968801   0.0997818773  -0.0445206625  -0.1060631451
        0.0000057108   0.0000108809  -0.0000446701   0.0000379387   0.0000087894
        0.0000567403  -0.0000098499   0.0000053770   0.0000041567  -0.0000077233
       -0.0000740623   0.0000723663   0.0000571026  -0.0001921202   0.0001127069
       -0.0005023301  -0.0000605088   0.0006908057  -0.0001104369   0.0001203414
        0.0001688007   0.0115093568  -0.0029419221  -0.0070888482   0.0198642373
       -0.0108546381  -0.0157819440  -0.1145660084   0.0491812046   0.1214779245
