           1           2   1.01064408262354     
           2           3  0.972713145522564     
           3           4  0.972712965783087     
           4           5   1.01064410519533     
           1           6  0.984995656564887     
           1           7  0.986493782456042     
           1           8  0.983923422938374     
           2           9  0.971029989578671     
           2          10  0.968738898311542     
           4          11  0.971030093623168     
           4          12  0.968738697966711     
           5          13  0.984995521101258     
           5          14  0.986493920916787     
           5          15  0.983923398359689     
