           1           2   1.00950426677249     
           2           3  0.976339746840126     
           3           4  0.970332907580973     
           4           5   1.01072163432256     
           1           6  0.986069993858236     
           1           7  0.984579862829581     
           1           8  0.983887972110714     
           2           9  0.968471004536718     
           2          10  0.970306192861577     
           4          11  0.971711288559897     
           4          12  0.970612142253094     
           5          13  0.984259685422903     
           5          14  0.984031452623765     
           5          15  0.986377208846828     
