$hessian                                                                        
        0.4955186742   0.0206584052   0.0242822844  -0.1136469764   0.0410443624
        0.0501815535  -0.0175917055   0.0155984854   0.0102562471   0.0004079975
       -0.0003610666  -0.0001516930  -0.0005197172   0.0000161815   0.0002222843
       -0.1691445541   0.0699439265  -0.0976512212  -0.1056461505  -0.0900338469
       -0.0564783799  -0.0839663890  -0.0600303623   0.0661418000  -0.0101647993
        0.0069937075   0.0118688096   0.0078081821  -0.0063248474  -0.0078013477
       -0.0030945645   0.0025000483  -0.0016848103   0.0010552614  -0.0009056938
        0.0006540707  -0.0000096189   0.0002135638   0.0001046568  -0.0011038796
        0.0006856276   0.0001014436   0.0000982397   0.0000015087  -0.0000456979
        0.0206584052   0.5066804602  -0.0185927646   0.0398781515  -0.1046484897
       -0.0441763383   0.0127850659  -0.0103767471  -0.0054714691  -0.0000031074
       -0.0003575225  -0.0000245499   0.0001046727   0.0001232292  -0.0003488415
        0.0700305064  -0.0836163753   0.0558610161  -0.0900732534  -0.1704613950
       -0.0787074459  -0.0598379542  -0.1304554957   0.0986447612  -0.0088916709
        0.0084323012   0.0097785682   0.0127492041  -0.0151096863  -0.0170930298
        0.0028118201  -0.0010029605   0.0013169097   0.0003342875   0.0004991097
       -0.0011047326  -0.0000649839   0.0000608326  -0.0000210728  -0.0007140368
        0.0003187220  -0.0001207132   0.0002328933  -0.0000859828   0.0000597024
        0.0242822844  -0.0185927646   0.5020985912   0.0486986421  -0.0436226767
       -0.1167294137  -0.0055685007   0.0060867267   0.0079525159   0.0006580271
       -0.0000010044  -0.0004353549  -0.0003582470  -0.0002234836   0.0004723202
       -0.0972139952   0.0555172731  -0.1171494364  -0.0564579703  -0.0788724029
       -0.0940547717   0.0661032839   0.0987787603  -0.1558934094   0.0155835080
       -0.0105137096  -0.0159914332   0.0090605050  -0.0117701928  -0.0113364853
       -0.0028010018   0.0023717360  -0.0004120536  -0.0011741657   0.0003036046
        0.0012681237  -0.0001441243   0.0001034911   0.0001445932  -0.0006718482
        0.0004693457   0.0002182450   0.0000036028  -0.0000347028  -0.0001520310
       -0.1136469764   0.0398781515   0.0486986421   0.4780590359   0.0384966653
       -0.0066045874  -0.1269363466   0.0437400634  -0.0446044841  -0.0203037517
        0.0044961427  -0.0131045550   0.0002656792   0.0006707351  -0.0009358145
       -0.0167098672   0.0143962570   0.0128394509   0.0094024599  -0.0065172338
       -0.0076601925  -0.0105152954   0.0062496456   0.0116453958  -0.0797636567
       -0.0579182291   0.0626410583  -0.1111106673  -0.0897851554  -0.0578877201
       -0.0134987857   0.0106431570  -0.0073615874   0.0065984403  -0.0034335879
        0.0036340786  -0.0025868913  -0.0021469086  -0.0017323321   0.0006061236
        0.0010362753   0.0006401423   0.0001404996   0.0001940218  -0.0002074951
        0.0410443624  -0.1046484897  -0.0436226767   0.0384966653   0.5070812592
       -0.0045267605   0.0394445159  -0.0959370571   0.0312398153  -0.0093817081
        0.0096575023  -0.0073927616  -0.0003335391   0.0004432613   0.0000741627
        0.0105441097  -0.0085063212  -0.0076558449   0.0126663930  -0.0150860670
       -0.0162053430  -0.0093912108   0.0089496153   0.0095784074  -0.0571453048
       -0.1265590403   0.0933183620  -0.0895164153  -0.1531383616  -0.0728395671
        0.0159244430  -0.0116358163   0.0090194102   0.0114945237  -0.0097886999
        0.0118091456  -0.0034473668  -0.0014978144  -0.0023247175  -0.0001303109
        0.0009535387  -0.0001582945  -0.0002691573  -0.0002875094  -0.0003133374
        0.0501815535  -0.0441763383  -0.1167294137  -0.0066045874  -0.0045267605
        0.4944542750  -0.0442147374   0.0337286381  -0.0997199936  -0.0128775798
        0.0016545493  -0.0077632519   0.0008682592   0.0005386932  -0.0005341502
       -0.0089986290   0.0075983554   0.0083251396   0.0082004767  -0.0109588188
       -0.0108697382   0.0158513695  -0.0098161887  -0.0166198086   0.0616675324
        0.0936539348  -0.1495209021  -0.0579684900  -0.0729472539  -0.0935143108
        0.0107062035  -0.0089144649   0.0074725144  -0.0157875418   0.0148261044
       -0.0154924952  -0.0020552550  -0.0014427838  -0.0002324630   0.0001243593
        0.0006128811   0.0002864021   0.0009070662   0.0001694527   0.0004581961
       -0.0175917055   0.0127850659  -0.0055685007  -0.1269363466   0.0394445159
       -0.0442147374   0.4751413692  -0.0086873557  -0.0437254219  -0.1152455610
       -0.0432887043  -0.0323823652  -0.0254261424  -0.0219845563   0.0047517792
       -0.0023422885   0.0024822845   0.0020826962   0.0003748647  -0.0004858403
       -0.0003571169   0.0004756005   0.0001833311  -0.0009570967   0.0076625385
       -0.0033392248   0.0036964731  -0.0173568978   0.0079022191  -0.0135876919
       -0.0883051883   0.0671155388   0.0643126474  -0.0810496195  -0.0466223575
        0.0751594568  -0.0170232755  -0.0113433506  -0.0116606383   0.0069747708
        0.0046029601   0.0024932886   0.0006478813   0.0012354741  -0.0000427723
        0.0155984854  -0.0103767471   0.0060867267   0.0437400634  -0.0959370571
        0.0337286381  -0.0086873557   0.4818930025  -0.0011495555  -0.0459165107
       -0.1091731376  -0.0317707486  -0.0187539703  -0.0101732642   0.0041922838
        0.0023660445  -0.0016837853  -0.0018370908  -0.0001432003   0.0003278189
        0.0004837864  -0.0009667913   0.0007741942   0.0002189541   0.0134293516
       -0.0104500352   0.0129725328  -0.0130931712   0.0074171311  -0.0103636848
        0.0670922263  -0.1418512735  -0.0915367006  -0.0469531876  -0.0990583153
        0.0870464918   0.0080435731   0.0069072450   0.0058314970  -0.0153046595
       -0.0186936916  -0.0138365017  -0.0004508980   0.0000779151  -0.0000666288
        0.0102562471  -0.0054714691   0.0079525159  -0.0446044841   0.0312398153
       -0.0997199936  -0.0437254219  -0.0011495555   0.5172089016  -0.0355647971
       -0.0314958716  -0.0829218518   0.0236249579   0.0175240192   0.0037288994
        0.0030736852  -0.0026193989  -0.0012113999  -0.0002563973   0.0000218518
        0.0005622496   0.0007946404  -0.0008759472   0.0010075083  -0.0150018538
        0.0130264423  -0.0141586355  -0.0131519529   0.0059716109  -0.0090305083
        0.0646644614  -0.0907062934  -0.1295079974   0.0741836012   0.0862939772
       -0.1793950662  -0.0142933202  -0.0100951358  -0.0084578189  -0.0100991891
       -0.0122444564  -0.0067436233   0.0000998231   0.0005804112   0.0006868200
        0.0004079975  -0.0000031074   0.0006580271  -0.0203037517  -0.0093817081
       -0.0128775798  -0.1152455610  -0.0459165107  -0.0355647971   0.4644474694
       -0.0542632401   0.0278438339  -0.1373272542  -0.0306541980   0.0789536450
        0.0002320739  -0.0002257824   0.0000711940  -0.0010307710   0.0002066160
       -0.0004600396  -0.0002242209  -0.0000057420  -0.0002186364   0.0004246151
       -0.0008991954   0.0009032312  -0.0027828182   0.0016100857  -0.0020169413
        0.0069230258   0.0053298620   0.0037134910  -0.0101727797  -0.0098615503
       -0.0032319109  -0.1261766786   0.0736415656  -0.0822286112  -0.0728715296
        0.0672146020   0.0333159305   0.0137001834   0.0032083031  -0.0088608365
       -0.0003610666  -0.0003575225  -0.0000010044   0.0044961427   0.0096575023
        0.0016545493  -0.0432887043  -0.1091731376  -0.0314958716  -0.0542632401
        0.4807767558  -0.0027219090  -0.0173357346  -0.0681642587   0.0421820712
        0.0004596397   0.0000410217   0.0000018776   0.0009572721  -0.0000450248
        0.0002208249   0.0000682062  -0.0000348402  -0.0000687990  -0.0001348505
        0.0006579128   0.0002803933   0.0029580343  -0.0003168234   0.0024891226
       -0.0149101906  -0.0179500280  -0.0114263761  -0.0108129045  -0.0097434068
       -0.0034668643   0.0760964158  -0.1033912136   0.0664747129   0.0681690766
       -0.1714008190  -0.0782433438  -0.0120980961  -0.0105561180   0.0141206163
       -0.0001516930  -0.0000245499  -0.0004353549  -0.0131045550  -0.0073927616
       -0.0077632519  -0.0323823652  -0.0317707486  -0.0829218518   0.0278438339
       -0.0027219090   0.4601553932   0.0535436373   0.0419152401  -0.1302228215
       -0.0000145949  -0.0001301082  -0.0000627398   0.0006718578  -0.0005206555
        0.0004028980   0.0000306367   0.0000197471  -0.0000662798  -0.0000534805
       -0.0002252078   0.0002833594  -0.0032661173   0.0014437914  -0.0015045217
       -0.0126734459  -0.0160904181  -0.0088546212   0.0143819576   0.0142524935
        0.0051588294  -0.0857782444   0.0685122473  -0.1223910904   0.0368536076
       -0.0779522817  -0.0883264766   0.0140989654   0.0106851210  -0.0234514704
       -0.0005197172   0.0001046727  -0.0003582470   0.0002656792  -0.0003335391
        0.0008682592  -0.0254261424  -0.0187539703   0.0236249579  -0.1373272542
       -0.0173357346   0.0535436373   0.3430193420  -0.0716955936   0.0325734245
       -0.0001378430   0.0000169695  -0.0002514957   0.0001611220  -0.0002363470
        0.0002124310   0.0002227810  -0.0000171065   0.0000969529  -0.0003039346
       -0.0000013565   0.0000700242  -0.0000011331  -0.0001592492  -0.0001519700
        0.0019564510   0.0018660205   0.0002059657  -0.0055449051  -0.0052528080
       -0.0015268750   0.0104709778   0.0026433211  -0.0084225549  -0.0190707240
       -0.0038429805   0.0269895255  -0.1677646995   0.1129977015  -0.1274740357
        0.0000161815   0.0001232292  -0.0002234836   0.0006707351   0.0004432613
        0.0005386932  -0.0219845563  -0.0101732642   0.0175240192  -0.0306541980
       -0.0681642587   0.0419152401  -0.0716955936   0.1975026439  -0.2120174685
       -0.0001181834   0.0000367343   0.0000041048  -0.0001601994   0.0000514788
        0.0002285366   0.0000273779  -0.0000635039   0.0000971428   0.0006359131
        0.0000700552  -0.0000734427   0.0001572608   0.0000062608  -0.0000680791
        0.0016891792   0.0020021713   0.0012037059  -0.0050553378  -0.0038293355
       -0.0010360181  -0.0109638421  -0.0097494033   0.0204541114   0.0084657405
        0.0110661954  -0.0105429321   0.1289695225  -0.1193222646   0.1419958700
        0.0002222843  -0.0003488415   0.0004723202  -0.0009358145   0.0000741627
       -0.0005341502   0.0047517792   0.0041922838   0.0037288994   0.0789536450
        0.0421820712  -0.1302228215   0.0325734245  -0.2120174685   0.3615010029
        0.0002008740   0.0000662412   0.0001518425  -0.0001481030   0.0004836717
       -0.0002160096  -0.0002248425  -0.0000115895  -0.0000604383  -0.0007978277
       -0.0011493680   0.0003843509  -0.0000189768  -0.0000785288   0.0002848082
       -0.0005436068   0.0008226280   0.0009821666  -0.0002521717  -0.0000420429
        0.0009197801   0.0132271024   0.0153317820  -0.0263402911   0.0241676563
        0.0038168407  -0.0269955056  -0.1511754227   0.1466781578  -0.1840559545
       -0.1691445541   0.0700305064  -0.0972139952  -0.0167098672   0.0105441097
       -0.0089986290  -0.0023422885   0.0023660445   0.0030736852   0.0002320739
        0.0004596397  -0.0000145949  -0.0001378430  -0.0001181834   0.0002008740
        0.1958702499  -0.0842305506   0.1118270550  -0.0161531775   0.0053925134
       -0.0140407537   0.0084738715  -0.0045728399   0.0059289644  -0.0001553544
       -0.0002237352  -0.0002813148   0.0007096115  -0.0002220630  -0.0003105522
       -0.0009787838   0.0007497268  -0.0004610780   0.0000611654  -0.0002093033
        0.0002567179   0.0000719944  -0.0000377108   0.0000363322   0.0002387201
        0.0000084143   0.0000724422  -0.0000358181   0.0000634315  -0.0000751530
        0.0699439265  -0.0836163753   0.0555172731   0.0143962570  -0.0085063212
        0.0075983554   0.0024822845  -0.0016837853  -0.0026193989  -0.0002257824
        0.0000410217  -0.0001301082   0.0000169695   0.0000367343   0.0000662412
       -0.0842305506   0.0959202264  -0.0627032021  -0.0175149066   0.0082803894
       -0.0137183963   0.0143976541  -0.0102466117   0.0152239635  -0.0003507107
        0.0004260303   0.0001870460   0.0002039732  -0.0001780924   0.0004641245
        0.0009189482  -0.0006288982   0.0002866325  -0.0001455420   0.0001486316
       -0.0002426405  -0.0000611346   0.0000670674   0.0000795537   0.0001980998
       -0.0000800190   0.0000191541  -0.0000294859   0.0000200019  -0.0000285981
       -0.0976512212   0.0558610161  -0.1171494364   0.0128394509  -0.0076558449
        0.0083251396   0.0020826962  -0.0018370908  -0.0012113999   0.0000711940
        0.0000018776  -0.0000627398  -0.0002514957   0.0000041048   0.0001518425
        0.1118270550  -0.0627032021   0.1351486902  -0.0137657781   0.0049421128
       -0.0105883904  -0.0163726275   0.0120170718  -0.0161089939   0.0001022226
       -0.0002191051   0.0005036342   0.0003127726   0.0001589941   0.0005679807
        0.0005767088  -0.0005746950   0.0003906856  -0.0000054658  -0.0001786968
       -0.0000109980   0.0000429998   0.0000533035   0.0000342064   0.0001009271
        0.0001444985   0.0000222764   0.0000905612  -0.0000143446  -0.0000124971
       -0.1056461505  -0.0900732534  -0.0564579703   0.0094024599   0.0126663930
        0.0082004767   0.0003748647  -0.0001432003  -0.0002563973  -0.0010307710
        0.0009572721   0.0006718578   0.0001611220  -0.0001601994  -0.0001481030
       -0.0161531775  -0.0175149066  -0.0137657781   0.1236140339   0.1035702570
        0.0651624056  -0.0086548226  -0.0123033570  -0.0053102074   0.0006582415
        0.0001996491  -0.0002626412  -0.0012050093   0.0028929193   0.0026869113
       -0.0000736103  -0.0002066425  -0.0000424692  -0.0000534227  -0.0000756119
       -0.0000074648   0.0002325410  -0.0001976356  -0.0000678561  -0.0014187178
        0.0002450746  -0.0006601758  -0.0002075813   0.0001432418   0.0002574117
       -0.0900338469  -0.1704613950  -0.0788724029  -0.0065172338  -0.0150860670
       -0.0109588188  -0.0004858403   0.0003278189   0.0000218518   0.0002066160
       -0.0000450248  -0.0005206555  -0.0002363470   0.0000514788   0.0004836717
        0.0053925134   0.0082803894   0.0049421128   0.1035702570   0.1961460917
        0.0945746082  -0.0146756695  -0.0186481682  -0.0076230316  -0.0002503709
        0.0007219302   0.0005965624   0.0025860902  -0.0019413150  -0.0032110433
       -0.0002215522   0.0001121929   0.0001568742  -0.0001792394  -0.0003122656
        0.0000188588  -0.0001346637   0.0000802893   0.0000958638   0.0010006040
        0.0006744305   0.0004902164  -0.0000213170   0.0000996137  -0.0001946679
       -0.0564783799  -0.0787074459  -0.0940547717  -0.0076601925  -0.0162053430
       -0.0108697382  -0.0003571169   0.0004837864   0.0005622496  -0.0004600396
        0.0002208249   0.0004028980   0.0002124310   0.0002285366  -0.0002160096
       -0.0140407537  -0.0137183963  -0.0105883904   0.0651624056   0.0945746082
        0.1082559631   0.0117820195   0.0162831549   0.0090061726  -0.0005929577
       -0.0001154359   0.0001205453   0.0026642923  -0.0031463538  -0.0026776735
       -0.0001577088   0.0000655789  -0.0000393536   0.0000798769   0.0000415565
       -0.0000764740  -0.0000528247   0.0000310047  -0.0000645506  -0.0002842565
        0.0001205752   0.0004247284   0.0001832051  -0.0001566512  -0.0001855955
       -0.0839663890  -0.0598379542   0.0661032839  -0.0105152954  -0.0093912108
        0.0158513695   0.0004756005  -0.0009667913   0.0007946404  -0.0002242209
        0.0000682062   0.0000306367   0.0002227810   0.0000273779  -0.0002248425
        0.0084738715   0.0143976541  -0.0163726275  -0.0086548226  -0.0146756695
        0.0117820195   0.0962020006   0.0678455307  -0.0802998512  -0.0023709040
        0.0022973883   0.0034455727   0.0005591296  -0.0002439939  -0.0006219310
        0.0002399656  -0.0000842537  -0.0001519775  -0.0003521476   0.0006847312
       -0.0003663623  -0.0000296855   0.0000538132  -0.0000095105  -0.0000685179
       -0.0002400313   0.0000680784   0.0000086342   0.0000652031  -0.0000284986
       -0.0600303623  -0.1304554957   0.0987787603   0.0062496456   0.0089496153
       -0.0098161887   0.0001833311   0.0007741942  -0.0008759472  -0.0000057420
       -0.0000348402   0.0000197471  -0.0000171065  -0.0000635039  -0.0000115895
       -0.0045728399  -0.0102466117   0.0120170718  -0.0123033570  -0.0186481682
        0.0162831549   0.0678455307   0.1496650033  -0.1140210150   0.0025308938
       -0.0005640767  -0.0022862228   0.0002807390   0.0007126787  -0.0001774553
       -0.0000403936   0.0000303317  -0.0000435252  -0.0000001008   0.0000205426
        0.0001216792  -0.0000497682   0.0000379012  -0.0000291787  -0.0001403656
       -0.0001677885   0.0001003644   0.0000698958  -0.0000097821  -0.0000596554
        0.0661418000   0.0986447612  -0.1558934094   0.0116453958   0.0095784074
       -0.0166198086  -0.0009570967   0.0002189541   0.0010075083  -0.0002186364
       -0.0000687990  -0.0000662798   0.0000969529   0.0000971428  -0.0000604383
        0.0059289644   0.0152239635  -0.0161089939  -0.0053102074  -0.0076230316
        0.0090061726  -0.0802998512  -0.1140210150   0.1812799931   0.0032159497
       -0.0024659479  -0.0030049439  -0.0001778521   0.0004712475  -0.0000218785
       -0.0003046976   0.0001299749  -0.0000331771   0.0002339672  -0.0001714695
        0.0004437212  -0.0000538677   0.0000067311   0.0000139854   0.0001178980
        0.0000466630   0.0000271859  -0.0000587190  -0.0000675825   0.0000303630
       -0.0101647993  -0.0088916709   0.0155835080  -0.0797636567  -0.0571453048
        0.0616675324   0.0076625385   0.0134293516  -0.0150018538   0.0004246151
       -0.0001348505  -0.0000534805  -0.0003039346   0.0006359131  -0.0007978277
       -0.0001553544  -0.0003507107   0.0001022226   0.0006582415  -0.0002503709
       -0.0005929577  -0.0023709040   0.0025308938   0.0032159497   0.0960693542
        0.0640096334  -0.0738318108  -0.0093980020  -0.0153285763   0.0119968890
        0.0002750224  -0.0001247373  -0.0000544850  -0.0025447561   0.0025475425
       -0.0030346651   0.0000859560  -0.0000155742   0.0003799194  -0.0000094378
        0.0000120703   0.0001593924  -0.0004648829  -0.0009236093   0.0002616672
        0.0069937075   0.0084323012  -0.0105137096  -0.0579182291  -0.1265590403
        0.0936539348  -0.0033392248  -0.0104500352   0.0130264423  -0.0008991954
        0.0006579128  -0.0002252078  -0.0000013565   0.0000700552  -0.0011493680
       -0.0002237352   0.0004260303  -0.0002191051   0.0001996491   0.0007219302
       -0.0001154359   0.0022973883  -0.0005640767  -0.0024659479   0.0640096334
        0.1469060800  -0.1094658199  -0.0137472950  -0.0184117723   0.0152192819
       -0.0001522330  -0.0003046470   0.0000496331   0.0026666120  -0.0015742478
        0.0019106402  -0.0002428902  -0.0000964844  -0.0000449440   0.0000538490
       -0.0000826174  -0.0000061450   0.0003033200   0.0008286114   0.0003457508
        0.0118688096   0.0097785682  -0.0159914332   0.0626410583   0.0933183620
       -0.1495209021   0.0036964731   0.0129725328  -0.0141586355   0.0009032312
        0.0002803933   0.0002833594   0.0000700242  -0.0000734427   0.0003843509
       -0.0002813148   0.0001870460   0.0005036342  -0.0002626412   0.0005965624
        0.0001205453   0.0034455727  -0.0022862228  -0.0030049439  -0.0738318108
       -0.1094658199   0.1745267492  -0.0050047271  -0.0073612758   0.0085948894
        0.0001644441  -0.0001189273   0.0001727783  -0.0027180460   0.0028761757
       -0.0021603493   0.0003829118  -0.0000965125   0.0000181724   0.0000052535
       -0.0000610168  -0.0003402408  -0.0010792388  -0.0005464227   0.0005720257
        0.0078081821   0.0127492041   0.0090605050  -0.1111106673  -0.0895164153
       -0.0579684900  -0.0173568978  -0.0130931712  -0.0131519529  -0.0027828182
        0.0029580343  -0.0032661173  -0.0000011331   0.0001572608  -0.0000189768
        0.0007096115   0.0002039732   0.0003127726  -0.0012050093   0.0025860902
        0.0026642923   0.0005591296   0.0002807390  -0.0001778521  -0.0093980020
       -0.0137472950  -0.0050047271   0.1333627093   0.0984786182   0.0677984673
       -0.0003557044  -0.0005437755  -0.0000673219   0.0004017877  -0.0001884603
        0.0001783259  -0.0011307523  -0.0006672590  -0.0006335205   0.0000463429
        0.0002875909   0.0002179579   0.0004532214   0.0000548655   0.0000566377
       -0.0063248474  -0.0151096863  -0.0117701928  -0.0897851554  -0.1531383616
       -0.0729472539   0.0079022191   0.0074171311   0.0059716109   0.0016100857
       -0.0003168234   0.0014437914  -0.0001592492   0.0000062608  -0.0000785288
       -0.0002220630  -0.0001780924   0.0001589941   0.0028929193  -0.0019413150
       -0.0031463538  -0.0002439939   0.0007126787   0.0004712475  -0.0153285763
       -0.0184117723  -0.0073612758   0.0984786182   0.1795007351   0.0866108002
        0.0003269117   0.0008552925   0.0005228054   0.0001277762   0.0002199260
       -0.0001183486   0.0004099521   0.0002972805   0.0002625162   0.0001170982
       -0.0000065727   0.0001008870   0.0001983044   0.0000933189  -0.0001206989
       -0.0078013477  -0.0170930298  -0.0113364853  -0.0578877201  -0.0728395671
       -0.0935143108  -0.0135876919  -0.0103636848  -0.0090305083  -0.0020169413
        0.0024891226  -0.0015045217  -0.0001519700  -0.0000680791   0.0002848082
       -0.0003105522   0.0004641245   0.0005679807   0.0026869113  -0.0032110433
       -0.0026776735  -0.0006219310  -0.0001774553  -0.0000218785   0.0119968890
        0.0152192819   0.0085948894   0.0677984673   0.0866108002   0.1087286747
        0.0004944096  -0.0002670796   0.0007849594  -0.0000162926  -0.0003077495
       -0.0002703739  -0.0007509197  -0.0005517981  -0.0005743856   0.0002082541
        0.0001326246  -0.0000011125  -0.0000395646  -0.0000364674  -0.0000300622
       -0.0030945645   0.0028118201  -0.0028010018  -0.0134987857   0.0159244430
        0.0107062035  -0.0883051883   0.0670922263   0.0646644614   0.0069230258
       -0.0149101906  -0.0126734459   0.0019564510   0.0016891792  -0.0005436068
       -0.0009787838   0.0009189482   0.0005767088  -0.0000736103  -0.0002215522
       -0.0001577088   0.0002399656  -0.0000403936  -0.0003046976   0.0002750224
       -0.0001522330   0.0001644441  -0.0003557044   0.0003269117   0.0004944096
        0.1055180487  -0.0782578811  -0.0701894797  -0.0067143260   0.0085859431
        0.0118539456   0.0005460800  -0.0002407611   0.0000090146  -0.0024138225
       -0.0034104360  -0.0017777156  -0.0000238081  -0.0001160239  -0.0000215312
        0.0025000483  -0.0010029605   0.0023717360   0.0106431570  -0.0116358163
       -0.0089144649   0.0671155388  -0.1418512735  -0.0907062934   0.0053298620
       -0.0179500280  -0.0160904181   0.0018660205   0.0020021713   0.0008226280
        0.0007497268  -0.0006288982  -0.0005746950  -0.0002066425   0.0001121929
        0.0000655789  -0.0000842537   0.0000303317   0.0001299749  -0.0001247373
       -0.0003046470  -0.0001189273  -0.0005437755   0.0008552925  -0.0002670796
       -0.0782578811   0.1645440128   0.1075598606  -0.0058041249   0.0091805059
        0.0084908000   0.0003743280   0.0002622101   0.0001761581  -0.0034369286
       -0.0030053540  -0.0026834367  -0.0001203380  -0.0006077396  -0.0002614215
       -0.0016848103   0.0013169097  -0.0004120536  -0.0073615874   0.0090194102
        0.0074725144   0.0643126474  -0.0915367006  -0.1295079974   0.0037134910
       -0.0114263761  -0.0088546212   0.0002059657   0.0012037059   0.0009821666
       -0.0004610780   0.0002866325   0.0003906856  -0.0000424692   0.0001568742
       -0.0000393536  -0.0001519775  -0.0000435252  -0.0000331771  -0.0000544850
        0.0000496331   0.0001727783  -0.0000673219   0.0005228054   0.0007849594
       -0.0701894797   0.1075598606   0.1497855923   0.0138807327  -0.0154428388
       -0.0195471584   0.0002033662  -0.0001067165  -0.0003308892  -0.0022922439
       -0.0017841391  -0.0007955577  -0.0000107500   0.0002244646  -0.0000678885
        0.0010552614   0.0003342875  -0.0011741657   0.0065984403   0.0114945237
       -0.0157875418  -0.0810496195  -0.0469531876   0.0741836012  -0.0101727797
       -0.0108129045   0.0143819576  -0.0055449051  -0.0050553378  -0.0002521717
        0.0000611654  -0.0001455420  -0.0000054658  -0.0000534227  -0.0001792394
        0.0000798769  -0.0003521476  -0.0000001008   0.0002339672  -0.0025447561
        0.0026666120  -0.0027180460   0.0004017877   0.0001277762  -0.0000162926
       -0.0067143260  -0.0058041249   0.0138807327   0.0984681582   0.0543028565
       -0.0833146056  -0.0004211531  -0.0002918568   0.0007805326   0.0001852470
        0.0001239647  -0.0000395256   0.0000830499   0.0001922733  -0.0002328534
       -0.0009056938   0.0004991097   0.0003036046  -0.0034335879  -0.0097886999
        0.0148261044  -0.0466223575  -0.0990583153   0.0862939772  -0.0098615503
       -0.0097434068   0.0142524935  -0.0052528080  -0.0038293355  -0.0000420429
       -0.0002093033   0.0001486316  -0.0001786968  -0.0000756119  -0.0003122656
        0.0000415565   0.0006847312   0.0000205426  -0.0001714695   0.0025475425
       -0.0015742478   0.0028761757  -0.0001884603   0.0002199260  -0.0003077495
        0.0085859431   0.0091805059  -0.0154428388   0.0543028565   0.1137633529
       -0.1026446390   0.0002378381   0.0006274906   0.0004366946   0.0001253394
       -0.0003133327  -0.0000579132   0.0000651223   0.0001600443  -0.0001852568
        0.0006540707  -0.0011047326   0.0012681237   0.0036340786   0.0118091456
       -0.0154924952   0.0751594568   0.0870464918  -0.1793950662  -0.0032319109
       -0.0034668643   0.0051588294  -0.0015268750  -0.0010360181   0.0009197801
        0.0002567179  -0.0002426405  -0.0000109980  -0.0000074648   0.0000188588
       -0.0000764740  -0.0003663623   0.0001216792   0.0004437212  -0.0030346651
        0.0019106402  -0.0021603493   0.0001783259  -0.0001183486  -0.0002703739
        0.0118539456   0.0084908000  -0.0195471584  -0.0833146056  -0.1026446390
        0.2081347481  -0.0001215859  -0.0005007796   0.0008091764  -0.0000873375
        0.0000333291   0.0000578562  -0.0000457884  -0.0003169220   0.0001606799
       -0.0000096189  -0.0000649839  -0.0001441243  -0.0025868913  -0.0034473668
       -0.0020552550  -0.0170232755   0.0080435731  -0.0142933202  -0.1261766786
        0.0760964158  -0.0857782444   0.0104709778  -0.0109638421   0.0132271024
        0.0000719944  -0.0000611346   0.0000429998   0.0002325410  -0.0001346637
       -0.0000528247  -0.0000296855  -0.0000497682  -0.0000538677   0.0000859560
       -0.0002428902   0.0003829118  -0.0011307523   0.0004099521  -0.0007509197
        0.0005460800   0.0003743280   0.0002033662  -0.0004211531   0.0002378381
       -0.0001215859   0.1461121395  -0.0790590918   0.0935744039  -0.0095856314
        0.0107573479  -0.0076195875  -0.0005560020  -0.0018957139   0.0034389454
        0.0002135638   0.0000608326   0.0001034911  -0.0021469086  -0.0014978144
       -0.0014427838  -0.0113433506   0.0069072450  -0.0100951358   0.0736415656
       -0.1033912136   0.0685122473   0.0026433211  -0.0097494033   0.0153317820
       -0.0000377108   0.0000670674   0.0000533035  -0.0001976356   0.0000802893
        0.0000310047   0.0000538132   0.0000379012   0.0000067311  -0.0000155742
       -0.0000964844  -0.0000965125  -0.0006672590   0.0002972805  -0.0005517981
       -0.0002407611   0.0002622101  -0.0001067165  -0.0002918568   0.0006274906
       -0.0005007796  -0.0790590918   0.1232978743  -0.0870630548   0.0191760799
       -0.0170460177   0.0136688614  -0.0017281950   0.0001427422   0.0021493599
        0.0001046568  -0.0000210728   0.0001445932  -0.0017323321  -0.0023247175
       -0.0002324630  -0.0116606383   0.0058314970  -0.0084578189  -0.0822286112
        0.0664747129  -0.1223910904  -0.0084225549   0.0204541114  -0.0263402911
        0.0000363322   0.0000795537   0.0000342064  -0.0000678561   0.0000958638
       -0.0000645506  -0.0000095105  -0.0000291787   0.0000139854   0.0003799194
       -0.0000449440   0.0000181724  -0.0006335205   0.0002625162  -0.0005743856
        0.0000090146   0.0001761581  -0.0003308892   0.0007805326   0.0004366946
        0.0008091764   0.0935744039  -0.0870630548   0.1529732611   0.0069484427
       -0.0069475593   0.0080342406   0.0029217216   0.0026194194  -0.0036361467
       -0.0011038796  -0.0007140368  -0.0006718482   0.0006061236  -0.0001303109
        0.0001243593   0.0069747708  -0.0153046595  -0.0100991891  -0.0728715296
        0.0681690766   0.0368536076  -0.0190707240   0.0084657405   0.0241676563
        0.0002387201   0.0001980998   0.0001009271  -0.0014187178   0.0010006040
       -0.0002842565  -0.0000685179  -0.0001403656   0.0001178980  -0.0000094378
        0.0000538490   0.0000052535   0.0000463429   0.0001170982   0.0002082541
       -0.0024138225  -0.0034369286  -0.0022922439   0.0001852470   0.0001253394
       -0.0000873375  -0.0095856314   0.0191760799   0.0069484427   0.0973394184
       -0.0770395927  -0.0544113056   0.0011516380  -0.0005399935  -0.0006802177
        0.0006856276   0.0003187220   0.0004693457   0.0010362753   0.0009535387
        0.0006128811   0.0046029601  -0.0186936916  -0.0122444564   0.0672146020
       -0.1714008190  -0.0779522817  -0.0038429805   0.0110661954   0.0038168407
        0.0000084143  -0.0000800190   0.0001444985   0.0002450746   0.0006744305
        0.0001205752  -0.0002400313  -0.0001677885   0.0000466630   0.0000120703
       -0.0000826174  -0.0000610168   0.0002875909  -0.0000065727   0.0001326246
       -0.0034104360  -0.0030053540  -0.0017841391   0.0001239647  -0.0003133327
        0.0000333291   0.0107573479  -0.0170460177  -0.0069475593  -0.0770395927
        0.1962462094   0.0922153793  -0.0004408872   0.0015371167   0.0013973160
        0.0001014436  -0.0001207132   0.0002182450   0.0006401423  -0.0001582945
        0.0002864021   0.0024932886  -0.0138365017  -0.0067436233   0.0333159305
       -0.0782433438  -0.0883264766   0.0269895255  -0.0105429321  -0.0269955056
        0.0000724422   0.0000191541   0.0000222764  -0.0006601758   0.0004902164
        0.0004247284   0.0000680784   0.0001003644   0.0000271859   0.0001593924
       -0.0000061450  -0.0003402408   0.0002179579   0.0001008870  -0.0000011125
       -0.0017777156  -0.0026834367  -0.0007955577  -0.0000395256  -0.0000579132
        0.0000578562  -0.0076195875   0.0136688614   0.0080342406  -0.0544113056
        0.0922153793   0.1140734588   0.0004501086  -0.0009455826   0.0000581230
        0.0000982397   0.0002328933   0.0000036028   0.0001404996  -0.0002691573
        0.0009070662   0.0006478813  -0.0004508980   0.0000998231   0.0137001834
       -0.0120980961   0.0140989654  -0.1677646995   0.1289695225  -0.1511754227
       -0.0000358181  -0.0000294859   0.0000905612  -0.0002075813  -0.0000213170
        0.0001832051   0.0000086342   0.0000698958  -0.0000587190  -0.0004648829
        0.0003033200  -0.0010792388   0.0004532214   0.0001983044  -0.0000395646
       -0.0000238081  -0.0001203380  -0.0000107500   0.0000830499   0.0000651223
       -0.0000457884  -0.0005560020  -0.0017281950   0.0029217216   0.0011516380
       -0.0004408872   0.0004501086   0.1527694443  -0.1146806838   0.1336544294
        0.0000015087  -0.0000859828  -0.0000347028   0.0001940218  -0.0002875094
        0.0001694527   0.0012354741   0.0000779151   0.0005804112   0.0032083031
       -0.0105561180   0.0106851210   0.1129977015  -0.1193222646   0.1466781578
        0.0000634315   0.0000200019  -0.0000143446   0.0001432418   0.0000996137
       -0.0001566512   0.0000652031  -0.0000097821  -0.0000675825  -0.0009236093
        0.0008286114  -0.0005464227   0.0000548655   0.0000933189  -0.0000364674
       -0.0001160239  -0.0006077396   0.0002244646   0.0001922733   0.0001600443
       -0.0003169220  -0.0018957139   0.0001427422   0.0026194194  -0.0005399935
        0.0015371167  -0.0009455826  -0.1146806838   0.1279100325  -0.1588383509
       -0.0000456979   0.0000597024  -0.0001520310  -0.0002074951  -0.0003133374
        0.0004581961  -0.0000427723  -0.0000666288   0.0006868200  -0.0088608365
        0.0141206163  -0.0234514704  -0.1274740357   0.1419958700  -0.1840559545
       -0.0000751530  -0.0000285981  -0.0000124971   0.0002574117  -0.0001946679
       -0.0001855955  -0.0000284986  -0.0000596554   0.0000303630   0.0002616672
        0.0003457508   0.0005720257   0.0000566377  -0.0001206989  -0.0000300622
       -0.0000215312  -0.0002614215  -0.0000678885  -0.0002328534  -0.0001852568
        0.0001606799   0.0034389454   0.0021493599  -0.0036361467  -0.0006802177
        0.0013973160   0.0000581230   0.1336544294  -0.1588383509   0.2096254381
