           1           2   1.02040036278238     
           2           3   1.00771767289358     
           3           4  0.998593883408531     
           4           5  0.991644734030697     
           1           6  0.986785136954668     
           1           7  0.984861697754152     
           1           8  0.987261914423236     
           2           9  0.974791236227605     
           2          10  0.977759134258625     
           3          11  0.976123910097028     
           3          12  0.974948023488612     
           4          13  0.974357516417974     
           4          14  0.968033774742422     
           5          15  0.864776744807180     
