$hessian                                                                        
        0.4850714365  -0.0160691548  -0.0369644499  -0.1125797940  -0.0212764066
       -0.0558783359  -0.0307678190  -0.0226234368  -0.0060930450   0.0004247492
       -0.0006442675  -0.0008458917  -0.0004174127   0.0001124322   0.0000437216
       -0.1756556825  -0.0751900186   0.0971469167  -0.0843009255   0.0698623758
        0.0597279365  -0.0752454361   0.0667400079  -0.0480191806   0.0059887799
        0.0021140789   0.0053951774  -0.0114558314  -0.0029720292  -0.0141900226
        0.0001152883  -0.0000077488  -0.0001987015  -0.0009696309  -0.0001295346
       -0.0000078898  -0.0000182908  -0.0000641743  -0.0000427677  -0.0000332767
        0.0000864100  -0.0000508950  -0.0001561541   0.0000614663  -0.0000225727
       -0.0160691548   0.5166792846  -0.0201577497  -0.0218598556  -0.0791699507
       -0.0302208714  -0.0242349272  -0.0108786830  -0.0040878752   0.0003686855
       -0.0006095986  -0.0004128745  -0.0001124639  -0.0002110326  -0.0000316249
       -0.0748466043  -0.0853063723   0.0552831807   0.0690909134  -0.1585222100
       -0.0973253509   0.0664610021  -0.1800648442   0.1004042758  -0.0127511561
       -0.0093116976  -0.0176018661   0.0133411446   0.0063021285   0.0142042308
        0.0001504257   0.0001552475  -0.0000920425   0.0006300802   0.0006474283
        0.0001804113  -0.0000976976   0.0001803736  -0.0000268678  -0.0000106393
       -0.0000274081  -0.0000138528  -0.0000597529   0.0001373347  -0.0001011229
       -0.0369644499  -0.0201577497   0.4978109957  -0.0553755073  -0.0299596663
       -0.1238026385   0.0101370423   0.0058307036   0.0118765442   0.0002947138
        0.0004894905   0.0007876296   0.0000438352   0.0000314734  -0.0004639053
        0.0964236175   0.0549405542  -0.1106980182   0.0594046747  -0.0978004267
       -0.1280772972  -0.0473978412   0.1009932270  -0.1186452760  -0.0127252675
       -0.0101224092  -0.0158036221  -0.0141448761  -0.0044991044  -0.0139035952
        0.0000119197   0.0000895080   0.0001963664   0.0001786013   0.0003359496
        0.0003804956  -0.0000318612  -0.0001494612   0.0000876139   0.0001418689
        0.0000432706   0.0001109085   0.0000035298  -0.0000653595   0.0001437986
       -0.1125797940  -0.0218598556  -0.0553755073   0.4341174946  -0.0624331251
        0.0029044557  -0.1143454517  -0.0422553227   0.0446685321  -0.0269706688
       -0.0059549174   0.0177890292   0.0004247428  -0.0003684270   0.0002949722
       -0.0167521189  -0.0092775775  -0.0119025761   0.0087266971   0.0025663703
        0.0059010287  -0.0112208215  -0.0024569990  -0.0109533533  -0.0791385374
        0.0702577301   0.0549038369  -0.0796705437   0.0706092261  -0.0484745462
       -0.0024144940   0.0019619745   0.0012918171   0.0007860633  -0.0005584592
       -0.0012720787  -0.0007288839  -0.0000609546   0.0003681967  -0.0004057666
        0.0000255415   0.0001702834   0.0001720826  -0.0001952045  -0.0003140904
       -0.0212764066  -0.0791699507  -0.0299596663  -0.0624331251   0.5012725747
        0.0207156961  -0.0572240159  -0.1309940835   0.0373354812   0.0059683639
        0.0174751675  -0.0022446127   0.0006436741  -0.0006095990  -0.0004884642
       -0.0095478929  -0.0051200199  -0.0067899387  -0.0136399249  -0.0096328157
       -0.0160532939   0.0147065366   0.0076292092   0.0145610688   0.0665354903
       -0.1467220002  -0.0902605411   0.0715776564  -0.1552885218   0.0764641824
        0.0029681778  -0.0003297870  -0.0024809533   0.0002044879   0.0015966216
       -0.0008406586   0.0006329916  -0.0001551485  -0.0001503624   0.0000814060
        0.0000926767   0.0001987746   0.0008025807  -0.0000443234  -0.0000067120
       -0.0558783359  -0.0302208714  -0.1238026385   0.0029044557   0.0207156961
        0.4584108463   0.0414354138   0.0286852975  -0.0708159852   0.0177844834
        0.0022167112  -0.0189684097  -0.0008464245   0.0004139718   0.0007877093
        0.0101785189   0.0051548959   0.0078079479  -0.0125820990  -0.0103604779
       -0.0151748049  -0.0157115265  -0.0043787852  -0.0143842606   0.0560167355
       -0.0922801027  -0.1226529500  -0.0475710176   0.0798341447  -0.0995911075
        0.0045510506  -0.0018453257  -0.0020946483   0.0010506751   0.0016245906
        0.0008101925  -0.0005005374   0.0004007634   0.0001020440  -0.0002627114
       -0.0001689227  -0.0003148670  -0.0005686807   0.0002084145  -0.0001190683
       -0.0307678190  -0.0242349272   0.0101370423  -0.1143454517  -0.0572240159
        0.0414354138   0.3339003529  -0.0000542121  -0.1473813296  -0.1143459024
        0.0572558078   0.0413919003  -0.0307682348   0.0242427468   0.0101186030
       -0.0060990288  -0.0035443725  -0.0040634404   0.0008521420   0.0006130026
        0.0005763971   0.0019550248   0.0011129036   0.0012158526  -0.0221932329
       -0.0077089269   0.0185403896   0.0036477104  -0.0060770493   0.0058859217
       -0.0221927059   0.0077225731   0.0185345015   0.0036476337   0.0060816713
        0.0058813659   0.0008521140  -0.0006125516   0.0005769400   0.0019564871
       -0.0011139126   0.0012164985  -0.0060990894   0.0035412629  -0.0040660565
       -0.0226234368  -0.0108786830   0.0058307036  -0.0422553227  -0.1309940835
        0.0286852975  -0.0000542121   0.3156762424  -0.0000556131   0.0422897559
       -0.1310438975  -0.0286392283   0.0226187316  -0.0108803344  -0.0058132065
       -0.0034440565  -0.0018654330  -0.0030770803   0.0009776927   0.0000202932
        0.0005378229   0.0011345248   0.0007338495   0.0002232067   0.0121001921
        0.0099954805  -0.0076423493  -0.0235940906  -0.0248090271   0.0231229845
       -0.0120855360   0.0099954294   0.0076246868   0.0236066334  -0.0248420592
       -0.0231153586  -0.0009773582   0.0000190536  -0.0005372536  -0.0011354070
        0.0007355609  -0.0002225243   0.0034418894  -0.0018623917   0.0030779120
       -0.0060930450  -0.0040878752   0.0118765442   0.0446685321   0.0373354812
       -0.0708159852  -0.1473813296  -0.0000556131   0.1714350073   0.0446364618
       -0.0372892910  -0.0707652121  -0.0061104529   0.0041052337   0.0118777357
       -0.0025658871  -0.0017315421  -0.0008215426   0.0007331353   0.0006572249
        0.0007195494   0.0011695464  -0.0003526105   0.0014628544   0.0195004651
        0.0086534156  -0.0132973898   0.0163076347   0.0198825695  -0.0148829939
        0.0195097128  -0.0086710062  -0.0132963645   0.0162895617  -0.0198749882
       -0.0148500696   0.0007339346  -0.0006566717   0.0007203737   0.0011702771
        0.0003533725   0.0014629045  -0.0025685470   0.0017323006  -0.0008254114
        0.0004247492   0.0003686855   0.0002947138  -0.0269706688   0.0059683639
        0.0177844834  -0.1143459024   0.0422897559   0.0446364618   0.4341166448
        0.0624351409   0.0028565732  -0.1125799871   0.0218170113  -0.0553924571
        0.0001720904   0.0001949535  -0.0003142139  -0.0007288867   0.0000612167
        0.0003681588  -0.0004058061  -0.0000254768   0.0001703409  -0.0024144727
       -0.0019610346   0.0012933228   0.0007860762   0.0005574531  -0.0012725627
       -0.0791374194  -0.0702151489   0.0549571561  -0.0796699303  -0.0706461665
       -0.0484201015   0.0087266511  -0.0025617336   0.0059029035  -0.0112207837
        0.0024485344  -0.0109551657  -0.0167523547   0.0092684452  -0.0119096136
       -0.0006442675  -0.0006095986   0.0004894905  -0.0059549174   0.0174751675
        0.0022167112   0.0572558078  -0.1310438975  -0.0372892910   0.0624351409
        0.5012411679  -0.0207484609   0.0212331200  -0.0791233218   0.0299250270
       -0.0008029991  -0.0000445291   0.0000066513  -0.0006333572  -0.0001553693
        0.0001505803  -0.0000816399   0.0000926777  -0.0001990798  -0.0029646810
       -0.0003264242   0.0024795625  -0.0002037020   0.0015960161   0.0008400635
       -0.0664920471  -0.1465821794   0.0902792854  -0.0716138887  -0.1554096023
       -0.0764212163   0.0136303423  -0.0096123211   0.0160490093  -0.0147186670
        0.0076208646  -0.0145780684   0.0095557559  -0.0051186506   0.0067997353
       -0.0008458917  -0.0004128745   0.0007876296   0.0177890292  -0.0022446127
       -0.0189684097   0.0413919003  -0.0286392283  -0.0707652121   0.0028565732
       -0.0207484609   0.4584419841  -0.0558948484   0.0301861902  -0.1238488076
       -0.0005680553  -0.0002084626  -0.0001188855  -0.0005000398  -0.0004005726
        0.0001022728  -0.0002627166   0.0001685344  -0.0003148390   0.0045533331
        0.0018440520  -0.0020979818   0.0010508381  -0.0016251621   0.0008108242
        0.0560671560   0.0922988114  -0.1227932189  -0.0475157892  -0.0797912151
       -0.0994707795  -0.0125926024   0.0103561169  -0.0151950385  -0.0157002290
        0.0043618567  -0.0143764542   0.0101713425  -0.0051449730   0.0078069161
       -0.0004174127  -0.0001124639   0.0000438352   0.0004247428   0.0006436741
       -0.0008464245  -0.0307682348   0.0226187316  -0.0061104529  -0.1125799871
        0.0212331200  -0.0558948484   0.4850715668   0.0160410436  -0.0369779049
       -0.0001561469  -0.0000614860  -0.0000224450  -0.0000182931   0.0000640470
       -0.0000427193  -0.0000332674  -0.0000865173  -0.0000508649   0.0001152902
        0.0000077002  -0.0001987836  -0.0009697102   0.0001295638  -0.0000080152
        0.0059886705  -0.0021099307   0.0053965857  -0.0114558932   0.0029612112
       -0.0141922355  -0.0842998343  -0.0698156575   0.0597809725  -0.0752449342
       -0.0667770209  -0.0479664744  -0.1756565564   0.0752639849   0.0970897752
        0.0001124322  -0.0002110326   0.0000314734  -0.0003684270  -0.0006095990
        0.0004139718   0.0242427468  -0.0108803344   0.0041052337   0.0218170113
       -0.0791233218   0.0301861902   0.0160410436   0.5167114606   0.0201430984
        0.0000597525   0.0001375292   0.0001011712   0.0000976270   0.0001805930
        0.0000268103   0.0000109219  -0.0000272102   0.0000140233  -0.0001503456
        0.0001553413   0.0000921455  -0.0006299548   0.0006470248  -0.0001806288
        0.0127414082  -0.0092901509   0.0175967820  -0.0133519244   0.0062939349
       -0.0142198353  -0.0690445404  -0.1583732903   0.0973488042  -0.0664977599
       -0.1802207386  -0.1003569308   0.0749200087  -0.0853902059  -0.0553023091
        0.0000437216  -0.0000316249  -0.0004639053   0.0002949722  -0.0004884642
        0.0007877093   0.0101186030  -0.0058132065   0.0118777357  -0.0553924571
        0.0299250270  -0.1238488076  -0.0369779049   0.0201430984   0.4977802616
        0.0000034866   0.0000653434   0.0001436220  -0.0000319332   0.0001494384
        0.0000874064   0.0001418516  -0.0000432259   0.0001109576   0.0000120337
       -0.0000895421   0.0001964246   0.0001790198  -0.0003362560   0.0003807718
       -0.0127350830   0.0101172772  -0.0158248325  -0.0141346429   0.0044836357
       -0.0138960809   0.0594570270   0.0978238798  -0.1282271333  -0.0473454052
       -0.1009458291  -0.1184907005   0.0963667107  -0.0549595512  -0.1106134288
       -0.1756556825  -0.0748466043   0.0964236175  -0.0167521189  -0.0095478929
        0.0101785189  -0.0060990288  -0.0034440565  -0.0025658871   0.0001720904
       -0.0008029991  -0.0005680553  -0.0001561469   0.0000597525   0.0000034866
        0.2028356616   0.0890315859  -0.1109221924  -0.0132004726  -0.0047382719
        0.0114374724   0.0078131918   0.0038403924  -0.0046474325   0.0004757717
       -0.0000026510   0.0004996441  -0.0000721155   0.0002239855   0.0002211031
        0.0000928093   0.0000891055  -0.0000554025   0.0005163508   0.0001262473
        0.0000060057  -0.0000277294  -0.0000152830   0.0000034740   0.0000373836
        0.0000067562  -0.0000056771   0.0000200355   0.0000199333  -0.0000086754
       -0.0751900186  -0.0853063723   0.0549405542  -0.0092775775  -0.0051200199
        0.0051548959  -0.0035443725  -0.0018654330  -0.0017315421   0.0001949535
       -0.0000445291  -0.0002084626  -0.0000614860   0.0001375292   0.0000653434
        0.0890315859   0.0967879664  -0.0623948905   0.0167354280   0.0081984967
       -0.0124202990  -0.0178047169  -0.0128282396   0.0161273291  -0.0002471919
       -0.0001667353   0.0003141755   0.0002759806   0.0002255956   0.0001360167
        0.0000455862   0.0000512022   0.0000231763  -0.0001602835  -0.0000730238
       -0.0000003649  -0.0000065526   0.0000059437  -0.0000189725   0.0000285964
       -0.0000194899   0.0000142396  -0.0000199310   0.0000171090  -0.0000011991
        0.0971469167   0.0552831807  -0.1106980182  -0.0119025761  -0.0067899387
        0.0078079479  -0.0040634404  -0.0030770803  -0.0008215426  -0.0003142139
        0.0000066513  -0.0001188855  -0.0000224450   0.0001011712   0.0001436220
       -0.1109221924  -0.0623948905   0.1269604602   0.0169675199   0.0067971838
       -0.0126833916   0.0136432041   0.0101273111  -0.0115885259  -0.0004077258
       -0.0000182142   0.0006252725  -0.0000543040  -0.0001973492   0.0003145355
       -0.0000442816   0.0000234082   0.0000221400  -0.0000829956   0.0001667204
       -0.0000178271   0.0000223607  -0.0000300792   0.0000086060   0.0000428374
        0.0000007076   0.0000440513  -0.0000086641   0.0000012177   0.0000015554
       -0.0843009255   0.0690909134   0.0594046747   0.0087266971  -0.0136399249
       -0.0125820990   0.0008521420   0.0009776927   0.0007331353  -0.0007288867
       -0.0006333572  -0.0005000398  -0.0000182931   0.0000976270  -0.0000319332
       -0.0132004726   0.0167354280   0.0169675199   0.0973030218  -0.0801557249
       -0.0682510889  -0.0060292643   0.0104240315   0.0067523046  -0.0021070234
       -0.0023550226  -0.0033760553   0.0008308704  -0.0005112627   0.0003280907
        0.0002219117   0.0002048091   0.0000830988  -0.0015684866  -0.0002575136
        0.0004585292  -0.0000180331  -0.0000131365  -0.0000641382   0.0000644724
        0.0000288704   0.0000556585  -0.0000277302   0.0000065704   0.0000223428
        0.0698623758  -0.1585222100  -0.0978004267   0.0025663703  -0.0096328157
       -0.0103604779   0.0006130026   0.0000202932   0.0006572249   0.0000612167
       -0.0001553693  -0.0004005726   0.0000640470   0.0001805930   0.0001494384
       -0.0047382719   0.0081984967   0.0067971838  -0.0801557249   0.1803266283
        0.1157377218   0.0141846325  -0.0214256636  -0.0136554604  -0.0020187231
       -0.0002439380  -0.0023149382   0.0003216046   0.0006026794   0.0007494720
        0.0000081822   0.0000049226   0.0000455063  -0.0008934731   0.0006777391
        0.0003125011   0.0000130712  -0.0000157882  -0.0000084725   0.0000963890
       -0.0000215727   0.0000612209   0.0000153011   0.0000060053   0.0000300792
        0.0597279365  -0.0973253509  -0.1280772972   0.0059010287  -0.0160532939
       -0.0151748049   0.0005763971   0.0005378229   0.0007195494   0.0003681588
        0.0001505803   0.0001022728  -0.0000427193   0.0000268103   0.0000874064
        0.0114374724  -0.0124202990  -0.0126833916  -0.0682510889   0.1157377218
        0.1478963753  -0.0071021690   0.0115272076   0.0095870802  -0.0033656840
       -0.0021665215  -0.0030688563   0.0007589733  -0.0002842435   0.0002263854
        0.0000401110   0.0000983937  -0.0000335491  -0.0000484869   0.0000946847
        0.0006154920  -0.0000641295   0.0000083330  -0.0001716305   0.0000607433
        0.0000491602  -0.0000335927   0.0000034565   0.0000189943   0.0000085606
       -0.0752454361   0.0664610021  -0.0473978412  -0.0112208215   0.0147065366
       -0.0157115265   0.0019550248   0.0011345248   0.0011695464  -0.0004058061
       -0.0000816399  -0.0002627166  -0.0000332674   0.0000109219   0.0001418516
        0.0078131918  -0.0178047169   0.0136432041  -0.0060292643   0.0141846325
       -0.0071021690   0.0854294762  -0.0773528715   0.0589629067   0.0005571661
        0.0003485492   0.0006190735  -0.0029648341  -0.0015918920  -0.0040072362
       -0.0000585078  -0.0000768804  -0.0000542939   0.0000251329   0.0001751071
       -0.0001375877   0.0000645573  -0.0000961098   0.0000609154   0.0000759621
        0.0000112543   0.0000329755   0.0000374261  -0.0000284182   0.0000428980
        0.0667400079  -0.1800648442   0.1009932270  -0.0024569990   0.0076292092
       -0.0043787852   0.0011129036   0.0007338495  -0.0003526105  -0.0000254768
        0.0000926777   0.0001685344  -0.0000865173  -0.0000272102  -0.0000432259
        0.0038403924  -0.0128282396   0.0101273111   0.0104240315  -0.0214256636
        0.0115272076  -0.0773528715   0.2049312270  -0.1165064031  -0.0003603217
        0.0006637774  -0.0001300245  -0.0019574160   0.0004166643  -0.0014260365
        0.0000332262   0.0000786968  -0.0000010202   0.0001354068  -0.0002053429
        0.0000888297  -0.0000287201  -0.0000215625  -0.0000492450  -0.0000109356
        0.0000460702  -0.0000169645  -0.0000067105  -0.0000193089  -0.0000007946
       -0.0480191806   0.1004042758  -0.1186452760  -0.0109533533   0.0145610688
       -0.0143842606   0.0012158526   0.0002232067   0.0014628544   0.0001703409
       -0.0001990798  -0.0003148390  -0.0000508649   0.0000140233   0.0001109576
       -0.0046474325   0.0161273291  -0.0115885259   0.0067523046  -0.0136554604
        0.0095870802   0.0589629067  -0.1165064031   0.1368396879   0.0000796111
        0.0007138250   0.0000477226  -0.0035990807  -0.0016101186  -0.0030517417
        0.0000659454   0.0000112678  -0.0000110334  -0.0000601578  -0.0000253009
       -0.0000414382   0.0000556695  -0.0000612398  -0.0000335122   0.0000331047
        0.0000167788  -0.0000217327  -0.0000056658  -0.0000141727   0.0000440573
        0.0059887799  -0.0127511561  -0.0127252675  -0.0791385374   0.0665354903
        0.0560167355  -0.0221932329   0.0121001921   0.0195004651  -0.0024144727
       -0.0029646810   0.0045533331   0.0001152902  -0.0001503456   0.0000120337
        0.0004757717  -0.0002471919  -0.0004077258  -0.0021070234  -0.0020187231
       -0.0033656840   0.0005571661  -0.0003603217   0.0000796111   0.1060458580
       -0.0730354130  -0.0717313955  -0.0064371299   0.0127699015   0.0075079661
       -0.0011634087   0.0004985393   0.0007531539   0.0000146244  -0.0002892541
       -0.0002550670   0.0002219227  -0.0000081670   0.0000400968  -0.0000584304
       -0.0000333031   0.0000659991   0.0000928224  -0.0000455664  -0.0000442545
        0.0021140789  -0.0093116976  -0.0101224092   0.0702577301  -0.1467220002
       -0.0922801027  -0.0077089269   0.0099954805   0.0086534156  -0.0019610346
       -0.0003264242   0.0018440520   0.0000077002   0.0001553413  -0.0000895421
       -0.0000026510  -0.0001667353  -0.0000182142  -0.0023550226  -0.0002439380
       -0.0021665215   0.0003485492   0.0006637774   0.0007138250  -0.0730354130
        0.1651543597   0.1059406852   0.0131842336  -0.0196928936  -0.0131137118
       -0.0004979279   0.0003120038   0.0004452012  -0.0001342248   0.0000479289
        0.0003264044  -0.0002046911   0.0000048156  -0.0000984365   0.0000767115
        0.0000786621  -0.0000112377  -0.0000891116   0.0000513199  -0.0000234076
        0.0053951774  -0.0176018661  -0.0158036221   0.0549038369  -0.0902605411
       -0.1226529500   0.0185403896  -0.0076423493  -0.0132973898   0.0012933228
        0.0024795625  -0.0020979818  -0.0001987836   0.0000921455   0.0001964246
        0.0004996441   0.0003141755   0.0006252725  -0.0033760553  -0.0023149382
       -0.0030688563   0.0006190735  -0.0001300245   0.0000477226  -0.0717313955
        0.1059406852   0.1478812751  -0.0064625756   0.0094033018   0.0086738471
        0.0007535031  -0.0004458874  -0.0005527058  -0.0002098664   0.0002334989
        0.0000712325   0.0000832389  -0.0000454703  -0.0000333729  -0.0000541779
        0.0000009329  -0.0000111020  -0.0000553322  -0.0000232253   0.0000222060
       -0.0114558314   0.0133411446  -0.0141448761  -0.0796705437   0.0715776564
       -0.0475710176   0.0036477104  -0.0235940906   0.0163076347   0.0007860762
       -0.0002037020   0.0010508381  -0.0009697102  -0.0006299548   0.0001790198
       -0.0000721155   0.0002759806  -0.0000543040   0.0008308704   0.0003216046
        0.0007589733  -0.0029648341  -0.0019574160  -0.0035990807  -0.0064371299
        0.0131842336  -0.0064625756   0.0973672714  -0.0733755408   0.0540024597
        0.0000146066   0.0001340485  -0.0002100103  -0.0000493502   0.0000076871
       -0.0000647735  -0.0015684966   0.0008935160  -0.0000491520   0.0000251220
       -0.0001354022  -0.0000600676   0.0005163545   0.0001602351  -0.0000830681
       -0.0029720292   0.0063021285  -0.0044991044   0.0706092261  -0.1552885218
        0.0798341447  -0.0060770493  -0.0248090271   0.0198825695   0.0005574531
        0.0015960161  -0.0016251621   0.0001295638   0.0006470248  -0.0003362560
        0.0002239855   0.0002255956  -0.0001973492  -0.0005112627   0.0006026794
       -0.0002842435  -0.0015918920   0.0004166643  -0.0016101186   0.0127699015
       -0.0196928936   0.0094033018  -0.0733755408   0.1894635696  -0.1000836118
        0.0002890865   0.0000474043  -0.0002335959  -0.0000077778   0.0000903346
       -0.0000147171   0.0002579207   0.0006774639  -0.0000946797  -0.0001753526
       -0.0002053479   0.0000254566  -0.0001262328  -0.0000730908  -0.0001666344
       -0.0141900226   0.0142042308  -0.0139035952  -0.0484745462   0.0764641824
       -0.0995911075   0.0058859217   0.0231229845  -0.0148829939  -0.0012725627
        0.0008400635   0.0008108242  -0.0000080152  -0.0001806288   0.0003807718
        0.0002211031   0.0001360167   0.0003145355   0.0003280907   0.0007494720
        0.0002263854  -0.0040072362  -0.0014260365  -0.0030517417   0.0075079661
       -0.0131137118   0.0086738471   0.0540024597  -0.1000836118   0.1209623468
       -0.0002552735  -0.0003264116   0.0000716171  -0.0000647834   0.0000141878
       -0.0005676736   0.0004582997  -0.0003124949   0.0006158401  -0.0001375076
       -0.0000886799  -0.0000413868   0.0000061064   0.0000004375  -0.0000176691
        0.0001152883   0.0001504257   0.0000119197  -0.0024144940   0.0029681778
        0.0045510506  -0.0221927059  -0.0120855360   0.0195097128  -0.0791374194
       -0.0664920471   0.0560671560   0.0059886705   0.0127414082  -0.0127350830
        0.0000928093   0.0000455862  -0.0000442816   0.0002219117   0.0000081822
        0.0000401110  -0.0000585078   0.0000332262   0.0000659454  -0.0011634087
       -0.0004979279   0.0007535031   0.0000146066   0.0002890865  -0.0002552735
        0.1060444308   0.0729802293  -0.0717865739  -0.0064370380  -0.0127642010
        0.0075176388  -0.0021070716   0.0020161191  -0.0033671913   0.0005571600
        0.0003604561   0.0000792393   0.0004757684   0.0002468147  -0.0004078734
       -0.0000077488   0.0001552475   0.0000895080   0.0019619745  -0.0003297870
       -0.0018453257   0.0077225731   0.0099954294  -0.0086710062  -0.0702151489
       -0.1465821794   0.0922988114  -0.0021099307  -0.0092901509   0.0101172772
        0.0000891055   0.0000512022   0.0000234082   0.0002048091   0.0000049226
        0.0000983937  -0.0000768804   0.0000786968   0.0000112678   0.0004985393
        0.0003120038  -0.0004458874   0.0001340485   0.0000474043  -0.0003264116
        0.0729802293   0.1649916345  -0.1059545657  -0.0131891410  -0.0196902060
        0.0131355444   0.0023524402  -0.0002403881   0.0021642572  -0.0003479110
        0.0006630183  -0.0007140719   0.0000030414  -0.0001668479   0.0000188005
       -0.0001987015  -0.0000920425   0.0001963664   0.0012918171  -0.0024809533
       -0.0020946483   0.0185345015   0.0076246868  -0.0132963645   0.0549571561
        0.0902792854  -0.1227932189   0.0053965857   0.0175967820  -0.0158248325
       -0.0000554025   0.0000231763   0.0000221400   0.0000830988   0.0000455063
       -0.0000335491  -0.0000542939  -0.0000010202  -0.0000110334   0.0007531539
        0.0004452012  -0.0005527058  -0.0002100103  -0.0002335959   0.0000716171
       -0.0717865739  -0.1059545657   0.1480442493  -0.0064524213  -0.0093815212
        0.0086707881  -0.0033778832   0.0023126928  -0.0030723225   0.0006193330
        0.0001298739   0.0000479239   0.0004996405  -0.0003135058   0.0006255903
       -0.0009696309   0.0006300802   0.0001786013   0.0007860633   0.0002044879
        0.0010506751   0.0036476337   0.0236066334   0.0162895617  -0.0796699303
       -0.0716138887  -0.0475157892  -0.0114558932  -0.0133519244  -0.0141346429
        0.0005163508  -0.0001602835  -0.0000829956  -0.0015684866  -0.0008934731
       -0.0000484869   0.0000251329   0.0001354068  -0.0000601578   0.0000146244
       -0.0001342248  -0.0002098664  -0.0000493502  -0.0000077778  -0.0000647834
       -0.0064370380  -0.0131891410  -0.0064524213   0.0973667244   0.0734166409
        0.0539457818   0.0008308441  -0.0003211063   0.0007591621  -0.0029649192
        0.0019546514  -0.0036005267  -0.0000721252  -0.0002760810  -0.0000541118
       -0.0001295346   0.0006474283   0.0003359496  -0.0005584592   0.0015966216
        0.0016245906   0.0060816713  -0.0248420592  -0.0198749882  -0.0706461665
       -0.1554096023  -0.0797912151   0.0029612112   0.0062939349   0.0044836357
        0.0001262473  -0.0000730238   0.0001667204  -0.0002575136   0.0006777391
        0.0000946847   0.0001751071  -0.0002053429  -0.0000253009  -0.0002892541
        0.0000479289   0.0002334989   0.0000076871   0.0000903346   0.0000141878
       -0.0127642010  -0.0196902060  -0.0093815212   0.0734166409   0.1896189388
        0.1000309982   0.0005114873   0.0006024630   0.0002839509   0.0015889134
        0.0004191517   0.0016073670  -0.0002238365   0.0002256934   0.0001974417
       -0.0000078898   0.0001804113   0.0003804956  -0.0012720787  -0.0008406586
        0.0008101925   0.0058813659  -0.0231153586  -0.0148500696  -0.0484201015
       -0.0764212163  -0.0994707795  -0.0141922355  -0.0142198353  -0.0138960809
        0.0000060057  -0.0000003649  -0.0000178271   0.0004585292   0.0003125011
        0.0006154920  -0.0001375877   0.0000888297  -0.0000414382  -0.0002550670
        0.0003264044   0.0000712325  -0.0000647735  -0.0000147171  -0.0005676736
        0.0075176388   0.0131355444   0.0086707881   0.0539457818   0.1000309982
        0.1208085076   0.0003276872  -0.0007498810   0.0002267177  -0.0040085469
        0.0014233223  -0.0030540259   0.0002212720  -0.0001359797   0.0003144688
       -0.0000182908  -0.0000976976  -0.0000318612  -0.0007288839   0.0006329916
       -0.0005005374   0.0008521140  -0.0009773582   0.0007339346   0.0087266511
        0.0136303423  -0.0125926024  -0.0842998343  -0.0690445404   0.0594570270
       -0.0000277294  -0.0000065526   0.0000223607  -0.0000180331   0.0000130712
       -0.0000641295   0.0000645573  -0.0000287201   0.0000556695   0.0002219227
       -0.0002046911   0.0000832389  -0.0015684966   0.0002579207   0.0004582997
       -0.0021070716   0.0023524402  -0.0033778832   0.0008308441   0.0005114873
        0.0003276872   0.0973018297   0.0801024393  -0.0683118672  -0.0060291403
       -0.0104186943   0.0067602347  -0.0132004387  -0.0167224382   0.0169804286
       -0.0000641743   0.0001803736  -0.0001494612  -0.0000609546  -0.0001551485
        0.0004007634  -0.0006125516   0.0000190536  -0.0006566717  -0.0025617336
       -0.0096123211   0.0103561169  -0.0698156575  -0.1583732903   0.0978238798
       -0.0000152830   0.0000059437  -0.0000300792  -0.0000131365  -0.0000157882
        0.0000083330  -0.0000961098  -0.0000215625  -0.0000612398  -0.0000081670
        0.0000048156  -0.0000454703   0.0008935160   0.0006774639  -0.0003124949
        0.0020161191  -0.0002403881   0.0023126928  -0.0003211063   0.0006024630
       -0.0007498810   0.0801024393   0.1801497827  -0.1157627720  -0.0141902006
       -0.0214239935   0.0136793447   0.0047470003   0.0082025961  -0.0068130605
       -0.0000427677  -0.0000268678   0.0000876139   0.0003681967  -0.0001503624
        0.0001020440   0.0005769400  -0.0005372536   0.0007203737   0.0059029035
        0.0160490093  -0.0151950385   0.0597809725   0.0973488042  -0.1282271333
        0.0000034740  -0.0000189725   0.0000086060  -0.0000641382  -0.0000084725
       -0.0001716305   0.0000609154  -0.0000492450  -0.0000335122   0.0000400968
       -0.0000984365  -0.0000333729  -0.0000491520  -0.0000946797   0.0006158401
       -0.0033671913   0.0021642572  -0.0030723225   0.0007591621   0.0002839509
        0.0002267177  -0.0683118672  -0.1157627720   0.1480740271  -0.0070913220
       -0.0115033532   0.0095856468   0.0114337773   0.0124043936  -0.0126878593
       -0.0000332767  -0.0000106393   0.0001418689  -0.0004057666   0.0000814060
       -0.0002627114   0.0019564871  -0.0011354070   0.0011702771  -0.0112207837
       -0.0147186670  -0.0157002290  -0.0752449342  -0.0664977599  -0.0473454052
        0.0000373836   0.0000285964   0.0000428374   0.0000644724   0.0000963890
        0.0000607433   0.0000759621  -0.0000109356   0.0000331047  -0.0000584304
        0.0000767115  -0.0000541779   0.0000251220  -0.0001753526  -0.0001375076
        0.0005571600  -0.0003479110   0.0006193330  -0.0029649192   0.0015889134
       -0.0040085469  -0.0060291403  -0.0141902006  -0.0070913220   0.0854277097
        0.0773997331   0.0589024798   0.0078129543   0.0178151236   0.0136292556
        0.0000864100  -0.0000274081   0.0000432706   0.0000255415   0.0000926767
       -0.0001689227  -0.0011139126   0.0007355609   0.0003533725   0.0024485344
        0.0076208646   0.0043618567  -0.0667770209  -0.1802207386  -0.1009458291
        0.0000067562  -0.0000194899   0.0000007076   0.0000288704  -0.0000215727
        0.0000491602   0.0000112543   0.0000460702   0.0000167788  -0.0000333031
        0.0000786621   0.0000009329  -0.0001354022  -0.0002053479  -0.0000886799
        0.0003604561   0.0006630183   0.0001298739   0.0019546514   0.0004191517
        0.0014233223  -0.0104186943  -0.0214239935  -0.0115033532   0.0773997331
        0.2051108051   0.1164537542  -0.0038438743  -0.0128482588  -0.0101262448
       -0.0000508950  -0.0000138528   0.0001109085   0.0001702834   0.0001987746
       -0.0003148670   0.0012164985  -0.0002225243   0.0014629045  -0.0109551657
       -0.0145780684  -0.0143764542  -0.0479664744  -0.1003569308  -0.1184907005
       -0.0000056771   0.0000142396   0.0000440513   0.0000556585   0.0000612209
       -0.0000335927   0.0000329755  -0.0000169645  -0.0000217327   0.0000659991
       -0.0000112377  -0.0000111020  -0.0000600676   0.0000254566  -0.0000413868
        0.0000792393  -0.0007140719   0.0000479239  -0.0036005267   0.0016073670
       -0.0030540259   0.0067602347   0.0136793447   0.0095856468   0.0589024798
        0.1164537542   0.1366607865  -0.0046445622  -0.0161265074  -0.0115683596
       -0.0001561541  -0.0000597529   0.0000035298   0.0001720826   0.0008025807
       -0.0005686807  -0.0060990894   0.0034418894  -0.0025685470  -0.0167523547
        0.0095557559   0.0101713425  -0.1756565564   0.0749200087   0.0963667107
        0.0000200355  -0.0000199310  -0.0000086641  -0.0000277302   0.0000153011
        0.0000034565   0.0000374261  -0.0000067105  -0.0000056658   0.0000928224
       -0.0000891116  -0.0000553322   0.0005163545  -0.0001262328   0.0000061064
        0.0004757684   0.0000030414   0.0004996405  -0.0000721252  -0.0002238365
        0.0002212720  -0.0132004387   0.0047470003   0.0114337773   0.0078129543
       -0.0038438743  -0.0046445622   0.2028370048  -0.0891161280  -0.1108543837
        0.0000614663   0.0001373347  -0.0000653595  -0.0001952045  -0.0000443234
        0.0002084145   0.0035412629  -0.0018623917   0.0017323006   0.0092684452
       -0.0051186506  -0.0051449730   0.0752639849  -0.0853902059  -0.0549595512
        0.0000199333   0.0000171090   0.0000012177   0.0000065704   0.0000060053
        0.0000189943  -0.0000284182  -0.0000193089  -0.0000141727  -0.0000455664
        0.0000513199  -0.0000232253   0.0001602351  -0.0000730908   0.0000004375
        0.0002468147  -0.0001668479  -0.0003135058  -0.0002760810   0.0002256934
       -0.0001359797  -0.0167224382   0.0082025961   0.0124043936   0.0178151236
       -0.0128482588  -0.0161265074  -0.0891161280   0.0968830197   0.0624175163
       -0.0000225727  -0.0001011229   0.0001437986  -0.0003140904  -0.0000067120
       -0.0001190683  -0.0040660565   0.0030779120  -0.0008254114  -0.0119096136
        0.0067997353   0.0078069161   0.0970897752  -0.0553023091  -0.1106134288
       -0.0000086754  -0.0000011991   0.0000015554   0.0000223428   0.0000300792
        0.0000085606   0.0000428980  -0.0000007946   0.0000440573  -0.0000442545
       -0.0000234076   0.0000222060  -0.0000830681  -0.0001666344  -0.0000176691
       -0.0004078734   0.0000188005   0.0006255903  -0.0000541118   0.0001974417
        0.0003144688   0.0169804286  -0.0068130605  -0.0126878593   0.0136292556
       -0.0101262448  -0.0115683596  -0.1108543837   0.0624175163   0.1268646432
