           1           2   1.01032033428054     
           2           3  0.972953549137196     
           3           4  0.972953576678612     
           4           5   1.01032033919327     
           1           6  0.984003138216335     
           1           7  0.984162814682150     
           1           8  0.986689267738030     
           2           9  0.971303096253907     
           2          10  0.969239262457289     
           4          11  0.971303076116288     
           4          12  0.969239278525359     
           5          13  0.984162812086156     
           5          14  0.986689272991652     
           5          15  0.984003159341469     
