$hessian                                                                        
        0.5145330794   0.0105098293   0.0079726574  -0.0691116956   0.0194727484
        0.0117975806  -0.0079585386   0.0213042422   0.0169070331   0.0007041433
       -0.0013312163  -0.0006465709  -0.0011196624   0.0011218003   0.0004280472
       -0.2638278112  -0.0055030410   0.0650168880  -0.0504930528  -0.0317626527
        0.0197077086  -0.1227705247   0.0000003945  -0.1127703201   0.0026300765
       -0.0151422410  -0.0110504072   0.0011472697  -0.0009727162  -0.0008722253
        0.0007344983   0.0007243535  -0.0005919400  -0.0048826317   0.0011906584
        0.0034578720   0.0001058946   0.0001119331   0.0000531205  -0.0002218225
        0.0002064018   0.0001326720   0.0005307776   0.0000695059   0.0004578842
        0.0105098293   0.4794950986  -0.0301467161   0.0179330671  -0.1575331496
       -0.0600411804   0.0050525703  -0.0022741341  -0.0032802461  -0.0006268701
       -0.0008087343  -0.0000275654  -0.0001422210   0.0011056609   0.0005462986
       -0.0052323136  -0.0426044027   0.0032123602  -0.0318348598  -0.2050953849
        0.1071825827  -0.0003822020  -0.0429022173   0.0014534843   0.0001237718
       -0.0042167628  -0.0053898849   0.0045402158  -0.0272598503  -0.0139440344
       -0.0007371900   0.0012471022   0.0006497202  -0.0000816569   0.0009652431
        0.0002443535   0.0000030062   0.0001875430   0.0000005596   0.0001080625
        0.0001183150  -0.0001134209   0.0007667905  -0.0004243267  -0.0003463109
        0.0079726574  -0.0301467161   0.5058339924   0.0108373481  -0.0605616137
       -0.1088416497   0.0067736322  -0.0103628249  -0.0088049359  -0.0005766819
        0.0001181808  -0.0000729128   0.0006582058   0.0001280280  -0.0003563897
        0.0653685344   0.0032567098  -0.0630517868   0.0195310484   0.1071598738
       -0.1137622413  -0.1119466290   0.0022164707  -0.2028651932   0.0018428814
       -0.0219909905  -0.0169971148  -0.0020404193   0.0114853549   0.0080327058
       -0.0003907744  -0.0007194193   0.0004290639   0.0026085662  -0.0003270007
       -0.0006046142   0.0000377019   0.0000674154   0.0001308344  -0.0002039749
        0.0001864826   0.0003296166  -0.0004720964  -0.0005099508   0.0006006252
       -0.0691116956   0.0179330671   0.0108373481   0.4747507707   0.0023808620
        0.0276883104  -0.1676996208  -0.0020880734   0.0505573888  -0.0269543972
        0.0006732654   0.0025151598  -0.0008690215  -0.0000403938  -0.0002441304
       -0.0082369280   0.0239749135   0.0173865099   0.0009707796  -0.0027110259
       -0.0021850810   0.0032601706  -0.0143162693  -0.0104155681  -0.1449604875
       -0.0070590367  -0.1146699340  -0.0452883216  -0.0169489794   0.0093084156
       -0.0069289937  -0.0026027000   0.0047435557  -0.0071744337   0.0015731901
        0.0049722929  -0.0030545338  -0.0002885727  -0.0021776735   0.0009645895
       -0.0003086178   0.0018595770   0.0003321229  -0.0001716292  -0.0001761712
        0.0194727484  -0.1575331496  -0.0605616137   0.0023808620   0.4972700670
       -0.0246734622  -0.0053594371  -0.0662507857   0.0025819215   0.0001904018
       -0.0004261285   0.0007616069   0.0000849376   0.0003652686  -0.0001254262
        0.0018870201  -0.0018326681  -0.0023147335   0.0047385905  -0.0274802507
       -0.0129231825  -0.0011990285  -0.0025871664  -0.0042603865  -0.0075804448
       -0.0447375114  -0.0048446355  -0.0166121596  -0.1940594855   0.1070180050
       -0.0217898687  -0.0017393383   0.0122765994   0.0219908235  -0.0016525854
       -0.0130225904   0.0009519057   0.0005708838   0.0005378687   0.0011428666
        0.0006331223  -0.0000733377  -0.0002992176  -0.0005402721  -0.0003766331
        0.0117975806  -0.0600411804  -0.1088416497   0.0276883104  -0.0246734622
        0.5122543549   0.0472423881   0.0024378711  -0.0892367834  -0.0150194409
        0.0008384126   0.0078557691  -0.0011713559  -0.0006859528  -0.0004419661
        0.0042142427  -0.0094224104  -0.0068271979  -0.0022616164   0.0112395014
        0.0086918977   0.0026704713  -0.0220024754  -0.0176850934  -0.1146227716
       -0.0048164658  -0.1684199862   0.0091887392   0.1064807176  -0.1180294322
        0.0177062090   0.0023669621  -0.0093628083   0.0174092053  -0.0020096137
       -0.0094856871  -0.0036658033   0.0008146535  -0.0016174066  -0.0014942330
       -0.0004958196   0.0012753060   0.0003180744  -0.0000307380  -0.0001293168
       -0.0079585386   0.0050525703   0.0067736322  -0.1676996208  -0.0053594371
        0.0472423881   0.4485221502   0.0077445983  -0.0101704071  -0.1260872146
        0.0059241963  -0.0534710101  -0.0108407177  -0.0109022350  -0.0136808423
        0.0006867157   0.0009825804   0.0007212935   0.0006808532  -0.0004921292
       -0.0004960652   0.0003051127  -0.0001347713  -0.0002440770  -0.0262130971
       -0.0012949136   0.0074357048  -0.0074809279  -0.0025309933   0.0053651721
       -0.0440899191  -0.0181929954   0.0135295450  -0.0410507279   0.0153067913
        0.0112109733  -0.0226077432   0.0035260502  -0.0166132420   0.0029032608
        0.0003301562   0.0008937201   0.0009304143   0.0000405320   0.0015032148
        0.0213042422  -0.0022741341  -0.0103628249  -0.0020880734  -0.0662507857
        0.0024378711   0.0077445983   0.5418558645   0.0001952608   0.0079759679
       -0.0629283716   0.0071805619  -0.0296528603  -0.0121540870  -0.0239691486
        0.0021029569  -0.0037635177  -0.0035869851   0.0010200680   0.0011815435
       -0.0006406640   0.0000880780   0.0004946525   0.0002758870  -0.0008192499
        0.0005679682   0.0003157540  -0.0226193882  -0.0024944824   0.0116340260
       -0.0189863829  -0.1956239354   0.1068477221   0.0159193862  -0.1994780962
       -0.1078630330   0.0085264496  -0.0004919391   0.0069947464   0.0094169718
        0.0005206778   0.0107120716   0.0000672360   0.0008386427  -0.0001712454
        0.0169070331  -0.0032802461  -0.0088049359   0.0505573888   0.0025819215
       -0.0892367834  -0.0101704071   0.0001952608   0.4805554258  -0.0559763894
        0.0076813817  -0.1168908851  -0.0115059443  -0.0098318025  -0.0069037649
        0.0010889706  -0.0027402548  -0.0017574537  -0.0006213194   0.0007784238
        0.0008486543   0.0002386223   0.0003643364   0.0001960291  -0.0190914557
       -0.0009691398   0.0067378902   0.0183732947   0.0033145107  -0.0095851543
        0.0130130307   0.1077557407  -0.1194293071   0.0112676581  -0.1084020092
       -0.1191298948   0.0050233302  -0.0023811400   0.0050493001  -0.0188323210
        0.0052710303  -0.0221011131  -0.0002714916  -0.0003380134   0.0004519928
        0.0007041433  -0.0006268701  -0.0005766819  -0.0269543972   0.0001904018
       -0.0150194409  -0.1260872146   0.0079759679  -0.0559763894   0.4899353426
       -0.0274018880  -0.0465018889  -0.0963520744  -0.0672892276  -0.0060241408
        0.0002573678  -0.0000028579  -0.0000796645  -0.0001834557   0.0002661375
        0.0000516555  -0.0001022465   0.0003466067   0.0001568044  -0.0048904800
        0.0000387675   0.0017355775   0.0008431174   0.0007089238  -0.0008760255
        0.0003483656   0.0004515471  -0.0023644089  -0.0012858232  -0.0000152691
       -0.0013291812  -0.1889393601   0.0816682634   0.0728843931  -0.0587220458
       -0.0192331631   0.0500657216   0.0114287608   0.0229226599   0.0038536699
       -0.0013312163  -0.0008087343   0.0001181808   0.0006732654  -0.0004261285
        0.0008384126   0.0059241963  -0.0629283716   0.0076813817  -0.0274018880
        0.4376684808  -0.0092979309  -0.0391868633  -0.1850534152  -0.0308681359
       -0.0002435392   0.0000704686   0.0000872258   0.0005153018  -0.0001007358
        0.0005516557   0.0003884962   0.0008006319  -0.0004859271   0.0004702520
        0.0009796857   0.0001096398  -0.0011923655   0.0003640040  -0.0005421970
        0.0165840261  -0.0023621068   0.0178554989  -0.0149802049  -0.0013948574
       -0.0171735123   0.0852291044  -0.0849849487  -0.0379360947  -0.0221041038
       -0.0763082975   0.0761600036  -0.0033444613  -0.0255156752  -0.0070982011
       -0.0006465709  -0.0000275654  -0.0000729128   0.0025151598   0.0007616069
        0.0078557691  -0.0534710101   0.0071805619  -0.1168908851  -0.0465018889
       -0.0092979309   0.4709551104   0.0004654843  -0.0301396284  -0.0537539600
        0.0001136255  -0.0000220336   0.0000118639  -0.0000683338   0.0000876513
       -0.0000148589   0.0005962613  -0.0002578020  -0.0000063775   0.0032815202
        0.0003815910   0.0000669188   0.0012676884   0.0001750091   0.0008776734
       -0.0155189720   0.0032765376  -0.0169319072  -0.0127523941  -0.0015622204
       -0.0125293075   0.0740298505  -0.0351546106  -0.0783191458   0.0517394314
        0.0769233973  -0.1946944024  -0.0050498515  -0.0123245637  -0.0065535783
       -0.0011196624  -0.0001422210   0.0006582058  -0.0008690215   0.0000849376
       -0.0011713559  -0.0108407177  -0.0296528603  -0.0115059443  -0.0963520744
       -0.0391868633   0.0004654843   0.3851349084  -0.0699924954  -0.1036730130
       -0.0003051950  -0.0001959607  -0.0001355551   0.0001691340  -0.0000934476
        0.0001249574  -0.0013439273  -0.0000048124  -0.0001496614  -0.0006822695
        0.0002648199  -0.0000198009   0.0001484827  -0.0001300194   0.0000363901
        0.0019150386  -0.0002332463   0.0021259054  -0.0039727442  -0.0015870300
       -0.0040257984   0.0079838824   0.0226847556   0.0045309841  -0.0050042565
       -0.0207232328   0.0001766807  -0.2748615776   0.1389076760   0.1125625211
        0.0011218003   0.0011056609   0.0001280280  -0.0000403938   0.0003652686
       -0.0006859528  -0.0109022350  -0.0121540870  -0.0098318025  -0.0672892276
       -0.1850534152  -0.0301396284  -0.0699924954   0.4017074130   0.1334472272
        0.0000070992  -0.0001051018   0.0000285797  -0.0003532585   0.0000604850
       -0.0003890602   0.0003816932  -0.0004649304   0.0003573755  -0.0006891138
       -0.0001536237  -0.0001754423   0.0005961131  -0.0001982378  -0.0001138665
        0.0011023463   0.0014520059   0.0007781281  -0.0026113717  -0.0002059624
       -0.0020281826  -0.0010716256  -0.0308153961  -0.0102578569  -0.0161906760
       -0.0387021154   0.0032727857   0.1659313451  -0.1368379637  -0.0843903320
        0.0004280472   0.0005462986  -0.0003563897  -0.0002441304  -0.0001254262
       -0.0004419661  -0.0136808423  -0.0239691486  -0.0069037649  -0.0060241408
       -0.0308681359  -0.0537539600  -0.1036730130   0.1334472272   0.1149097683
       -0.0000697144  -0.0000891678   0.0001076613   0.0001534592  -0.0003504300
       -0.0000192962   0.0005051213  -0.0000714032   0.0003595070  -0.0003684912
       -0.0000309510   0.0002027468  -0.0002345572  -0.0003369493  -0.0000409065
        0.0019422010  -0.0008882649   0.0022687107  -0.0040397099  -0.0013368398
       -0.0035877218  -0.0025301662  -0.0180691470  -0.0035454484   0.0061465095
        0.0204160946   0.0089346246   0.1216894273  -0.0782737568  -0.0581335653
       -0.2638278112  -0.0052323136   0.0653685344  -0.0082369280   0.0018870201
        0.0042142427   0.0006867157   0.0021029569   0.0010889706   0.0002573678
       -0.0002435392   0.0001136255  -0.0003051950   0.0000070992  -0.0000697144
        0.3048734905   0.0053626780  -0.0770243602  -0.0088700566  -0.0028133504
        0.0037612234  -0.0251759178  -0.0012244004   0.0026182904   0.0008072568
       -0.0004577903  -0.0000734436  -0.0000464536   0.0001201912  -0.0002975519
        0.0001867895   0.0000889109  -0.0002471702  -0.0005985282   0.0002017107
        0.0003671785   0.0000541915   0.0000477202   0.0000060445   0.0000381006
       -0.0001149294  -0.0000442301   0.0001569780   0.0002680361   0.0002183604
       -0.0055030410  -0.0426044027   0.0032567098   0.0239749135  -0.0018326681
       -0.0094224104   0.0009825804  -0.0037635177  -0.0027402548  -0.0000028579
        0.0000704686  -0.0000220336  -0.0001959607  -0.0001051018  -0.0000891678
        0.0053626780   0.0494404000  -0.0002388377  -0.0270860228  -0.0028392805
        0.0093243564   0.0006291221   0.0008691966   0.0002496284   0.0003127590
        0.0007306491   0.0003107164   0.0003696323   0.0001961971   0.0000449654
       -0.0001022145  -0.0001035442  -0.0000382522   0.0012058210  -0.0001428439
       -0.0008426632  -0.0000551093   0.0000066802   0.0000583184  -0.0000393171
        0.0000156354   0.0000213848   0.0001470170   0.0000621320   0.0001275400
        0.0650168880   0.0032123602  -0.0630517868   0.0173865099  -0.0023147335
       -0.0068271979   0.0007212935  -0.0035869851  -0.0017574537  -0.0000796645
        0.0000872258   0.0000118639  -0.0001355551   0.0000285797   0.0001076613
       -0.0770243602  -0.0002388377   0.0724657524   0.0194074284   0.0034235538
       -0.0062895663  -0.0268035295  -0.0007141835   0.0056609699   0.0006885493
        0.0002271980  -0.0000555067  -0.0001619931   0.0002923155   0.0002577434
       -0.0002069158  -0.0000676405   0.0001193053   0.0009824919  -0.0002998225
       -0.0005766351  -0.0000083451  -0.0000250981   0.0000582380   0.0000506761
       -0.0001114228  -0.0000304535   0.0001665262   0.0000874906  -0.0000929340
       -0.0504930528  -0.0318348598   0.0195310484   0.0009707796   0.0047385905
       -0.0022616164   0.0006808532   0.0010200680  -0.0006213194  -0.0001834557
        0.0005153018  -0.0000683338   0.0001691340  -0.0003532585   0.0001534592
       -0.0088700566  -0.0270860228   0.0194074284   0.0556624040   0.0365692883
       -0.0240749977   0.0025829582   0.0157272631  -0.0123553573  -0.0001117920
       -0.0004804179  -0.0000231165   0.0004682148   0.0012897526   0.0005838897
        0.0000180289  -0.0000363372   0.0003112762  -0.0000645299  -0.0001322169
       -0.0000115150  -0.0000154383  -0.0001341289  -0.0000134272   0.0000214368
       -0.0001255318   0.0000598186  -0.0008354842   0.0003225096  -0.0006172374
       -0.0317626527  -0.2050953849   0.1071598738  -0.0027110259  -0.0274802507
        0.0112395014  -0.0004921292   0.0011815435   0.0007784238   0.0002661375
       -0.0001007358   0.0000876513  -0.0000934476   0.0000604850  -0.0003504300
       -0.0028133504  -0.0028392805   0.0034235538   0.0365692883   0.2408323713
       -0.1228144299   0.0002815034  -0.0019842825   0.0035951537  -0.0002059177
        0.0003868861   0.0004019431   0.0007509880  -0.0056469844  -0.0035633898
        0.0005251133   0.0001744986  -0.0005418095  -0.0002966775   0.0003143707
        0.0001591713  -0.0001233808  -0.0000766634   0.0000195074  -0.0001112100
       -0.0000910209  -0.0000924703   0.0002167612   0.0003644479   0.0004977501
        0.0197077086   0.1071825827  -0.1137622413  -0.0021850810  -0.0129231825
        0.0086918977  -0.0004960652  -0.0006406640   0.0008486543   0.0000516555
        0.0005516557  -0.0000148589   0.0001249574  -0.0003890602  -0.0000192962
        0.0037612234   0.0093243564  -0.0062895663  -0.0240749977  -0.1228144299
        0.1294116187   0.0030081601   0.0230634934  -0.0183140812   0.0000420264
       -0.0002838891   0.0005303056   0.0008034788  -0.0034567189  -0.0008036720
        0.0000293861   0.0000927180  -0.0000153372  -0.0000723856   0.0000210283
       -0.0000158195  -0.0000425727  -0.0000827256  -0.0000023394  -0.0000015695
       -0.0000644974  -0.0000954845  -0.0006559247   0.0004193331  -0.0001497798
       -0.1227705247  -0.0003822020  -0.1119466290   0.0032601706  -0.0011990285
        0.0026704713   0.0003051127   0.0000880780   0.0002386223  -0.0001022465
        0.0003884962   0.0005962613  -0.0013439273   0.0003816932   0.0005051213
       -0.0251759178   0.0006291221  -0.0268035295   0.0025829582   0.0002815034
        0.0030081601   0.1431399538   0.0005384021   0.1311940770   0.0008558013
        0.0004573911   0.0005890752   0.0001028385  -0.0003039977   0.0000209298
       -0.0000521342  -0.0000503558  -0.0000260247  -0.0001236472   0.0000036838
       -0.0000796694   0.0000512659  -0.0001071797  -0.0001225933  -0.0000616334
        0.0003650819  -0.0000193815  -0.0006680701  -0.0010906882   0.0001751092
        0.0000003945  -0.0429022173   0.0022164707  -0.0143162693  -0.0025871664
       -0.0220024754  -0.0001347713   0.0004946525   0.0003643364   0.0003466067
        0.0008006319  -0.0002578020  -0.0000048124  -0.0004649304  -0.0000714032
       -0.0012244004   0.0008691966  -0.0007141835   0.0157272631  -0.0019842825
        0.0230634934   0.0005384021   0.0497399993   0.0015084715   0.0005391505
       -0.0043472145  -0.0044295688  -0.0006091616   0.0007127291  -0.0005227479
        0.0000282670  -0.0001566503   0.0000893861  -0.0000697916   0.0000312708
        0.0001178401  -0.0001991900  -0.0001960841   0.0001128189   0.0003602282
       -0.0005646182   0.0001493489  -0.0009819154   0.0005546835   0.0003760147
       -0.1127703201   0.0014534843  -0.2028651932  -0.0104155681  -0.0042603865
       -0.0176850934  -0.0002440770   0.0002758870   0.0001960291   0.0001568044
       -0.0004859271  -0.0000063775  -0.0001496614   0.0003573755   0.0003595070
        0.0026182904   0.0002496284   0.0056609699  -0.0123553573   0.0035951537
       -0.0183140812   0.1311940770   0.0015084715   0.2337491171   0.0005903347
       -0.0040747078  -0.0022337299   0.0000900204   0.0006623467   0.0009197977
       -0.0001698276   0.0000307741  -0.0001875762  -0.0001009271   0.0001949940
        0.0001479080  -0.0001804724  -0.0000093637   0.0000847552   0.0002623274
       -0.0002649766   0.0002371666   0.0014743568   0.0007672465  -0.0000631992
        0.0026300765   0.0001237718   0.0018428814  -0.1449604875  -0.0075804448
       -0.1146227716  -0.0262130971  -0.0008192499  -0.0190914557  -0.0048904800
        0.0004702520   0.0032815202  -0.0006822695  -0.0006891138  -0.0003684912
        0.0008072568   0.0003127590   0.0006885493  -0.0001117920  -0.0002059177
        0.0000420264   0.0008558013   0.0005391505   0.0005903347   0.1721729365
        0.0064735986   0.1300586573   0.0009153801   0.0009774488  -0.0012005220
        0.0004572303  -0.0002444346  -0.0005262866   0.0001235103   0.0003672193
       -0.0004490544  -0.0013896631   0.0002959781  -0.0008012778   0.0001267083
       -0.0001831300   0.0004750660   0.0001588890   0.0001621126   0.0000808240
       -0.0151422410  -0.0042167628  -0.0219909905  -0.0070590367  -0.0447375114
       -0.0048164658  -0.0012949136   0.0005679682  -0.0009691398   0.0000387675
        0.0009796857   0.0003815910   0.0002648199  -0.0001536237  -0.0000309510
       -0.0004577903   0.0007306491   0.0002271980  -0.0004804179   0.0003868861
       -0.0002838891   0.0004573911  -0.0043472145  -0.0040747078   0.0064735986
        0.0519272764   0.0103828584   0.0172665896  -0.0011851700   0.0216681679
       -0.0004549870   0.0000050924  -0.0002520402   0.0007000143   0.0000283460
        0.0001530538  -0.0001069541   0.0000451783  -0.0002046405  -0.0000722785
       -0.0000372343  -0.0001620450  -0.0001325617   0.0000064344  -0.0000279996
       -0.0110504072  -0.0053898849  -0.0169971148  -0.1146699340  -0.0048446355
       -0.1684199862   0.0074357048   0.0003157540   0.0067378902   0.0017355775
        0.0001096398   0.0000669188  -0.0000198009  -0.0001754423   0.0002027468
       -0.0000734436   0.0003107164  -0.0000555067  -0.0000231165   0.0004019431
        0.0005303056   0.0005890752  -0.0044295688  -0.0022337299   0.1300586573
        0.0103828584   0.1971566707  -0.0147627540   0.0031803850  -0.0182505607
        0.0001664333  -0.0002170811   0.0004383392   0.0002437160   0.0002632427
        0.0005373386   0.0002201114  -0.0000768385   0.0002547442   0.0001313835
       -0.0000366035   0.0000768270   0.0000187971   0.0002055151  -0.0000448827
        0.0011472697   0.0045402158  -0.0020404193  -0.0452883216  -0.0166121596
        0.0091887392  -0.0074809279  -0.0226193882   0.0183732947   0.0008431174
       -0.0011923655   0.0012676884   0.0001484827   0.0005961131  -0.0002345572
       -0.0000464536   0.0003696323  -0.0001619931   0.0004682148   0.0007509880
        0.0008034788   0.0001028385  -0.0006091616   0.0000900204   0.0009153801
        0.0172665896  -0.0147627540   0.0541489933   0.0186435861  -0.0149231635
       -0.0054399771  -0.0008382363   0.0033048516   0.0006351161  -0.0002602611
       -0.0001731788   0.0002551184   0.0000132847   0.0000423964  -0.0003786088
        0.0000416400  -0.0007677099  -0.0000302420  -0.0000904773  -0.0000066938
       -0.0009727162  -0.0272598503   0.0114853549  -0.0169489794  -0.1940594855
        0.1064807176  -0.0025309933  -0.0024944824   0.0033145107   0.0007089238
        0.0003640040   0.0001750091  -0.0001300194  -0.0001982378  -0.0003369493
        0.0001201912   0.0001961971   0.0002923155   0.0012897526  -0.0056469844
       -0.0034567189  -0.0003039977   0.0007127291   0.0006623467   0.0009774488
       -0.0011851700   0.0031803850   0.0186435861   0.2283853857  -0.1219121357
       -0.0007628148   0.0006030004   0.0007169783   0.0002700846   0.0005630482
       -0.0002605089   0.0001476920   0.0000423791  -0.0000947035  -0.0005011966
        0.0000789275  -0.0004370828  -0.0000069616  -0.0001014608   0.0001904813
       -0.0008722253  -0.0139440344   0.0080327058   0.0093084156   0.1070180050
       -0.1180294322   0.0053651721   0.0116340260  -0.0095851543  -0.0008760255
       -0.0005421970   0.0008776734   0.0000363901  -0.0001138665  -0.0000409065
       -0.0002975519   0.0000449654   0.0002577434   0.0005838897  -0.0035633898
       -0.0008036720   0.0000209298  -0.0005227479   0.0009197977  -0.0012005220
        0.0216681679  -0.0182505607  -0.0149231635  -0.1219121357   0.1379308181
        0.0032439566   0.0001184239  -0.0011625602  -0.0000461683   0.0001793359
       -0.0002628076  -0.0001611514  -0.0000413650  -0.0001565989  -0.0000945728
        0.0000193477   0.0003427326  -0.0000873730  -0.0000425354  -0.0000697787
        0.0007344983  -0.0007371900  -0.0003907744  -0.0069289937  -0.0217898687
        0.0177062090  -0.0440899191  -0.0189863829   0.0130130307   0.0003483656
        0.0165840261  -0.0155189720   0.0019150386   0.0011023463   0.0019422010
        0.0001867895  -0.0001022145  -0.0002069158   0.0000180289   0.0005251133
        0.0000293861  -0.0000521342   0.0000282670  -0.0001698276   0.0004572303
       -0.0004549870   0.0001664333  -0.0054399771  -0.0007628148   0.0032439566
        0.0545953208   0.0224566281  -0.0150484919   0.0015150812   0.0019211738
       -0.0012696025  -0.0004334881   0.0000140454  -0.0004099469  -0.0029322524
        0.0001914062  -0.0027765903   0.0001064111   0.0000104517  -0.0003100952
        0.0007243535   0.0012471022  -0.0007194193  -0.0026027000  -0.0017393383
        0.0023669621  -0.0181929954  -0.1956239354   0.1077557407   0.0004515471
       -0.0023621068   0.0032765376  -0.0002332463   0.0014520059  -0.0008882649
        0.0000889109  -0.0001035442  -0.0000676405  -0.0000363372   0.0001744986
        0.0000927180  -0.0000503558  -0.0001566503   0.0000307741  -0.0002444346
        0.0000050924  -0.0002170811  -0.0008382363   0.0006030004   0.0001184239
        0.0224566281   0.2249072205  -0.1254110128  -0.0022856852  -0.0282432361
        0.0140346513   0.0001538158  -0.0002585707   0.0001922313   0.0006167147
       -0.0000148265  -0.0003137760  -0.0000079793   0.0001132882  -0.0002508443
       -0.0005919400   0.0006497202   0.0004290639   0.0047435557   0.0122765994
       -0.0093628083   0.0135295450   0.1068477221  -0.1194293071  -0.0023644089
        0.0178554989  -0.0169319072   0.0021259054   0.0007781281   0.0022687107
       -0.0002471702  -0.0000382522   0.0001193053   0.0003112762  -0.0005418095
       -0.0000153372  -0.0000260247   0.0000893861  -0.0001875762  -0.0005262866
       -0.0002520402   0.0004383392   0.0033048516   0.0007169783  -0.0011625602
       -0.0150484919  -0.1254110128   0.1392430526  -0.0012720719  -0.0139727915
        0.0095408355  -0.0001057654   0.0002052297  -0.0006249705  -0.0036544387
        0.0009118774  -0.0034458345  -0.0001785357  -0.0001152340  -0.0008790061
       -0.0048826317  -0.0000816569   0.0026085662  -0.0071744337   0.0219908235
        0.0174092053  -0.0410507279   0.0159193862   0.0112676581  -0.0012858232
       -0.0149802049  -0.0127523941  -0.0039727442  -0.0026113717  -0.0040397099
       -0.0005985282   0.0012058210   0.0009824919  -0.0000645299  -0.0002966775
       -0.0000723856  -0.0001236472  -0.0000697916  -0.0001009271   0.0001235103
        0.0007000143   0.0002437160   0.0006351161   0.0002700846  -0.0000461683
        0.0015150812  -0.0022856852  -0.0012720719   0.0574229067  -0.0182896357
       -0.0122392703   0.0000008309  -0.0016985979  -0.0013407704  -0.0004913305
        0.0002167480  -0.0005335102  -0.0000530487   0.0000107438  -0.0001144296
        0.0011906584   0.0009652431  -0.0003270007   0.0015731901  -0.0016525854
       -0.0020096137   0.0153067913  -0.1994780962  -0.1084020092  -0.0000152691
       -0.0013948574  -0.0015622204  -0.0015870300  -0.0002059624  -0.0013368398
        0.0002017107  -0.0001428439  -0.0002998225  -0.0001322169   0.0003143707
        0.0000210283   0.0000036838   0.0000312708   0.0001949940   0.0003672193
        0.0000283460   0.0002632427  -0.0002602611   0.0005630482   0.0001793359
        0.0019211738  -0.0282432361  -0.0139727915  -0.0182896357   0.2280951952
        0.1263245296  -0.0000946436   0.0008881266   0.0005344217  -0.0000475621
       -0.0001991018   0.0000842993  -0.0001378090   0.0004310825   0.0003084463
        0.0034578720   0.0002443535  -0.0006046142   0.0049722929  -0.0130225904
       -0.0094856871   0.0112109733  -0.1078630330  -0.1191298948  -0.0013291812
       -0.0171735123  -0.0125293075  -0.0040257984  -0.0020281826  -0.0035877218
        0.0003671785  -0.0008426632  -0.0005766351  -0.0000115150   0.0001591713
       -0.0000158195  -0.0000796694   0.0001178401   0.0001479080  -0.0004490544
        0.0001530538   0.0005373386  -0.0001731788  -0.0002605089  -0.0002628076
       -0.0012696025   0.0140346513   0.0095408355  -0.0122392703   0.1263245296
        0.1360643622   0.0003170523  -0.0007353767   0.0009261490  -0.0005877953
        0.0005990011  -0.0010727542  -0.0001603036   0.0002932663   0.0000486485
        0.0001058946   0.0000030062   0.0000377019  -0.0030545338   0.0009519057
       -0.0036658033  -0.0226077432   0.0085264496   0.0050233302  -0.1889393601
        0.0852291044   0.0740298505   0.0079838824  -0.0010716256  -0.0025301662
        0.0000541915  -0.0000551093  -0.0000083451  -0.0000154383  -0.0001233808
       -0.0000425727   0.0000512659  -0.0001991900  -0.0001804724  -0.0013896631
       -0.0001069541   0.0002201114   0.0002551184   0.0001476920  -0.0001611514
       -0.0004334881   0.0001538158  -0.0001057654   0.0000008309  -0.0000946436
        0.0003170523   0.2166915055  -0.0957016941  -0.0803539115  -0.0100672821
        0.0042580109   0.0079581960   0.0013648195  -0.0019173869  -0.0005380544
        0.0001119331   0.0001875430   0.0000674154  -0.0002885727   0.0005708838
        0.0008146535   0.0035260502  -0.0004919391  -0.0023811400   0.0816682634
       -0.0849849487  -0.0351546106   0.0226847556  -0.0308153961  -0.0180691470
        0.0000477202   0.0000066802  -0.0000250981  -0.0001341289  -0.0000766634
       -0.0000827256  -0.0001071797  -0.0001960841  -0.0000093637   0.0002959781
        0.0000451783  -0.0000768385   0.0000132847   0.0000423791  -0.0000413650
        0.0000140454  -0.0002585707   0.0002052297  -0.0016985979   0.0008881266
       -0.0007353767  -0.0957016941   0.1147760269   0.0523307974  -0.0087436161
        0.0063807824   0.0055064446  -0.0016882414  -0.0060739983  -0.0023488753
        0.0000531205   0.0000005596   0.0001308344  -0.0021776735   0.0005378687
       -0.0016174066  -0.0166132420   0.0069947464   0.0050493001   0.0728843931
       -0.0379360947  -0.0783191458   0.0045309841  -0.0102578569  -0.0035454484
        0.0000060445   0.0000583184   0.0000582380  -0.0000134272   0.0000195074
       -0.0000023394  -0.0001225933   0.0001128189   0.0000847552  -0.0008012778
       -0.0002046405   0.0002547442   0.0000423964  -0.0000947035  -0.0001565989
       -0.0004099469   0.0001922313  -0.0006249705  -0.0013407704   0.0005344217
        0.0009261490  -0.0803539115   0.0523307974   0.0918481841   0.0249053270
       -0.0106762564  -0.0148666761  -0.0005894232  -0.0016117177   0.0007803806
       -0.0002218225   0.0001080625  -0.0002039749   0.0009645895   0.0011428666
       -0.0014942330   0.0029032608   0.0094169718  -0.0188323210  -0.0587220458
       -0.0221041038   0.0517394314  -0.0050042565  -0.0161906760   0.0061465095
        0.0000381006  -0.0000393171   0.0000506761   0.0000214368  -0.0001112100
       -0.0000015695  -0.0000616334   0.0003602282   0.0002623274   0.0001267083
       -0.0000722785   0.0001313835  -0.0003786088  -0.0005011966  -0.0000945728
       -0.0029322524   0.0006167147  -0.0036544387  -0.0004913305  -0.0000475621
       -0.0005877953  -0.0100672821  -0.0087436161   0.0249053270   0.0729065217
        0.0352638686  -0.0575131912   0.0009186142   0.0009012479  -0.0008535585
        0.0002064018   0.0001183150   0.0001864826  -0.0003086178   0.0006331223
       -0.0004958196   0.0003301562   0.0005206778   0.0052710303  -0.0192331631
       -0.0763082975   0.0769233973  -0.0207232328  -0.0387021154   0.0204160946
       -0.0001149294   0.0000156354  -0.0001114228  -0.0001255318  -0.0000910209
       -0.0000644974   0.0003650819  -0.0005646182  -0.0002649766  -0.0001831300
       -0.0000372343  -0.0000366035   0.0000416400   0.0000789275   0.0000193477
        0.0001914062  -0.0000148265   0.0009118774   0.0002167480  -0.0001991018
        0.0005990011   0.0042580109   0.0063807824  -0.0106762564   0.0352638686
        0.1079044529  -0.0936504284  -0.0001847087   0.0002653012   0.0009727736
        0.0001326720  -0.0001134209   0.0003296166   0.0018595770  -0.0000733377
        0.0012753060   0.0008937201   0.0107120716  -0.0221011131   0.0500657216
        0.0761600036  -0.1946944024   0.0001766807   0.0032727857   0.0089346246
       -0.0000442301   0.0000213848  -0.0000304535   0.0000598186  -0.0000924703
       -0.0000954845  -0.0000193815   0.0001493489   0.0002371666   0.0004750660
       -0.0001620450   0.0000768270  -0.0007677099  -0.0004370828   0.0003427326
       -0.0027765903  -0.0003137760  -0.0034458345  -0.0005335102   0.0000842993
       -0.0010727542   0.0079581960   0.0055064446  -0.0148666761  -0.0575131912
       -0.0936504284   0.2236493821   0.0000331614  -0.0010637774   0.0014610629
        0.0005307776   0.0007667905  -0.0004720964   0.0003321229  -0.0002992176
        0.0003180744   0.0009304143   0.0000672360  -0.0002714916   0.0114287608
       -0.0033444613  -0.0050498515  -0.2748615776   0.1659313451   0.1216894273
        0.0001569780   0.0001470170   0.0001665262  -0.0008354842   0.0002167612
       -0.0006559247  -0.0006680701  -0.0009819154   0.0014743568   0.0001588890
       -0.0001325617   0.0000187971  -0.0000302420  -0.0000069616  -0.0000873730
        0.0001064111  -0.0000079793  -0.0001785357  -0.0000530487  -0.0001378090
       -0.0001603036   0.0013648195  -0.0016882414  -0.0005894232   0.0009186142
       -0.0001847087   0.0000331614   0.2605206353  -0.1603452938  -0.1162353435
        0.0000695059  -0.0004243267  -0.0005099508  -0.0001716292  -0.0005402721
       -0.0000307380   0.0000405320   0.0008386427  -0.0003380134   0.0229226599
       -0.0255156752  -0.0123245637   0.1389076760  -0.1368379637  -0.0782737568
        0.0002680361   0.0000621320   0.0000874906   0.0003225096   0.0003644479
        0.0004193331  -0.0010906882   0.0005546835   0.0007672465   0.0001621126
        0.0000064344   0.0002055151  -0.0000904773  -0.0001014608  -0.0000425354
        0.0000104517   0.0001132882  -0.0001152340   0.0000107438   0.0004310825
        0.0002932663  -0.0019173869  -0.0060739983  -0.0016117177   0.0009012479
        0.0002653012  -0.0010637774  -0.1603452938   0.1668576844   0.0925374357
        0.0004578842  -0.0003463109   0.0006006252  -0.0001761712  -0.0003766331
       -0.0001293168   0.0015032148  -0.0001712454   0.0004519928   0.0038536699
       -0.0070982011  -0.0065535783   0.1125625211  -0.0843903320  -0.0581335653
        0.0002183604   0.0001275400  -0.0000929340  -0.0006172374   0.0004977501
       -0.0001497798   0.0001751092   0.0003760147  -0.0000631992   0.0000808240
       -0.0000279996  -0.0000448827  -0.0000066938   0.0001904813  -0.0000697787
       -0.0003100952  -0.0002508443  -0.0008790061  -0.0001144296   0.0003084463
        0.0000486485  -0.0005380544  -0.0023488753   0.0007803806  -0.0008535585
        0.0009727736   0.0014610629  -0.1162353435   0.0925374357   0.0627733309
