           1           2   1.02009789526746     
           2           3   1.00890990086683     
           3           4  0.996355206221453     
           4           5  0.992385290706056     
           1           6  0.986113524579718     
           1           7  0.986649047665389     
           1           8  0.983757521840755     
           2           9  0.977742604700977     
           2          10  0.977749462751580     
           3          11  0.974422490171106     
           3          12  0.976931105916022     
           4          13  0.975837355046203     
           4          14  0.969756426786931     
           5          15  0.865283945464845     
