$hessian                                                                        
        0.4896671553  -0.0197523185  -0.0346734713  -0.1046889782  -0.0259350133
       -0.0510048105  -0.0286284058  -0.0244474041  -0.0065606551   0.0005855348
       -0.0005420230  -0.0005673023  -0.0002772198   0.0000854825   0.0000443670
       -0.0710054498   0.0554302805  -0.0534979768  -0.1860891200  -0.0685489394
        0.1002671391  -0.0948167510   0.0848234492   0.0533610358   0.0066004534
        0.0038694829   0.0071428984  -0.0101720498  -0.0047120183  -0.0141961664
        0.0000929458  -0.0000441666  -0.0001943282  -0.0010785106  -0.0003197152
        0.0000204471  -0.0000188721   0.0000902409  -0.0000594504  -0.0001197955
        0.0000513624  -0.0000180046  -0.0000509368  -0.0000486998  -0.0000637218
       -0.0197523185   0.5117481908  -0.0234198058  -0.0269284439  -0.0882836426
       -0.0374754476  -0.0233132849  -0.0128144670  -0.0045984917   0.0003698999
       -0.0001980139   0.0001996689  -0.0000854908  -0.0003407948  -0.0000774369
        0.0553308075  -0.1519304568   0.1069170809  -0.0683318410  -0.0754660129
        0.0488189126   0.0841100819  -0.1785755039  -0.0841388772  -0.0121586394
       -0.0124744106  -0.0181927376   0.0104824410   0.0072130819   0.0120176396
        0.0001362447   0.0000860668  -0.0001162287   0.0002045924   0.0007328634
        0.0001223412  -0.0000257947  -0.0000494244  -0.0000178639  -0.0000338171
        0.0001358552  -0.0000934713  -0.0000044369   0.0002166687   0.0000547175
       -0.0346734713  -0.0234198058   0.4979470543  -0.0505340852  -0.0374765798
       -0.1230922771   0.0093694866   0.0073767214   0.0117252289   0.0003489651
        0.0002879068   0.0007858164   0.0000444392   0.0000773944  -0.0004043504
       -0.0528887081   0.1074894465  -0.1505854699   0.0996446347   0.0484036915
       -0.1101489379   0.0532474341  -0.0848742408  -0.0977383125  -0.0098884742
       -0.0107214306  -0.0131806049  -0.0148539519  -0.0075082813  -0.0162564479
        0.0000715338   0.0000875088   0.0001664848  -0.0000164222   0.0004114625
        0.0004464798   0.0001765240   0.0000419432   0.0001312402  -0.0000083244
       -0.0000523961   0.0001385500  -0.0000395802  -0.0001233407   0.0000655463
       -0.1046889782  -0.0269284439  -0.0505340852   0.4373625931  -0.0633389359
        0.0065757784  -0.1130549317  -0.0420513397   0.0449168926  -0.0281605875
       -0.0060205864   0.0173418947   0.0005855468  -0.0003696890   0.0003491846
       -0.0097107795  -0.0036948507  -0.0104978071  -0.0163560760  -0.0114289110
       -0.0122968059   0.0092012443   0.0046443597   0.0071932810  -0.0920758063
        0.0832310729   0.0533688320  -0.0802955413   0.0644319667  -0.0570857925
       -0.0027492870   0.0021797657   0.0018863138   0.0009704091  -0.0004580449
       -0.0014595412  -0.0003642246   0.0000745963   0.0001016198   0.0001954198
       -0.0002399297  -0.0002488337  -0.0008590012  -0.0000310301   0.0003890686
       -0.0259350133  -0.0882836426  -0.0374765798  -0.0633389359   0.4987809533
        0.0162266019  -0.0556722622  -0.1303693928   0.0381541020   0.0060351907
        0.0175547147  -0.0027174600   0.0005415671  -0.0001983764  -0.0002871714
        0.0114528717   0.0087435787   0.0124430004  -0.0084050968  -0.0057086276
       -0.0061739845  -0.0133777877  -0.0128819226  -0.0170802088   0.0794226238
       -0.1559098122  -0.0801216301   0.0648587377  -0.1326313966   0.0804076244
        0.0029456343  -0.0003348475  -0.0024657744   0.0001038856   0.0013260111
       -0.0007266083   0.0001333630   0.0001663201   0.0001477577   0.0007488181
       -0.0000634911  -0.0000047102   0.0004864038  -0.0001900684  -0.0003249588
       -0.0510048105  -0.0374754476  -0.1230922771   0.0065757784   0.0162266019
        0.4570881733   0.0417397941   0.0291970960  -0.0731815817   0.0173376209
        0.0026903256  -0.0177411065  -0.0005677072  -0.0001989256   0.0007861423
       -0.0167783226  -0.0077445198  -0.0169540417   0.0094890006   0.0061524191
        0.0077194743  -0.0091849068  -0.0105137772  -0.0122361582   0.0547484181
       -0.0823011918  -0.1009673221  -0.0562543919   0.0837172805  -0.1203927161
        0.0039733805  -0.0017820400  -0.0015950197   0.0009149862   0.0013892318
        0.0007547199  -0.0003060931  -0.0002022081  -0.0002956944  -0.0004912568
        0.0003288966  -0.0002013847  -0.0001914899   0.0005162586   0.0003087923
       -0.0286284058  -0.0233132849   0.0093694866  -0.1130549317  -0.0556722622
        0.0417397941   0.3285469495  -0.0000571674  -0.1485882402  -0.1130519031
        0.0557040752   0.0416964283  -0.0286264858   0.0233209896   0.0093519888
        0.0018171272   0.0013325418   0.0012174980  -0.0052014978  -0.0040318298
       -0.0037899603   0.0005984569   0.0004286907   0.0005085177  -0.0239371352
       -0.0079607914   0.0185501280   0.0041298563  -0.0064016334   0.0067354545
       -0.0239370357   0.0079757178   0.0185443293   0.0041310550   0.0064055788
        0.0067298227   0.0018167338  -0.0013313603   0.0012186054  -0.0052011781
        0.0040290972  -0.0037927200   0.0005983947  -0.0004283619   0.0005088670
       -0.0244474041  -0.0128144670   0.0073767214  -0.0420513397  -0.1303693928
        0.0291970960  -0.0000571674   0.3145709786  -0.0000492527   0.0420855568
       -0.1304251822  -0.0291543294   0.0244432624  -0.0128186696  -0.0073589889
        0.0012519305   0.0009072856   0.0003384759  -0.0035166681  -0.0026801564
       -0.0033174074   0.0008987582   0.0000926599   0.0004757921   0.0129135045
        0.0102512634  -0.0087728745  -0.0222191618  -0.0226281435   0.0230477283
       -0.0128987880   0.0102535801   0.0087558502   0.0222319097  -0.0226619393
       -0.0230439258  -0.0012509255   0.0009066721  -0.0003380858   0.0035149511
       -0.0026764607   0.0033189050  -0.0008984185   0.0000919718  -0.0004757045
       -0.0065606551  -0.0045984917   0.0117252289   0.0449168926   0.0381541020
       -0.0731815817  -0.1485882402  -0.0000492527   0.1794461027   0.0448834013
       -0.0381116262  -0.0731327260  -0.0065786304   0.0046168255   0.0117273073
        0.0010580053  -0.0001250971   0.0016807715  -0.0024802951  -0.0019138782
       -0.0008657069   0.0004785332   0.0006093020   0.0003687522   0.0183072450
        0.0072854814  -0.0123925427   0.0186046647   0.0211256924  -0.0170982200
        0.0183163827  -0.0073024715  -0.0123934022   0.0185874506  -0.0211223625
       -0.0170653830   0.0010589198   0.0001255841   0.0016810365  -0.0024828083
        0.0019153385  -0.0008693477   0.0004791338  -0.0006091459   0.0003697112
        0.0005855348   0.0003698999   0.0003489651  -0.0281605875   0.0060351907
        0.0173376209  -0.1130519031   0.0420855568   0.0448834013   0.4373685201
        0.0633449265   0.0065290958  -0.1046869085   0.0268915655  -0.0505526632
       -0.0003642621  -0.0000744598   0.0001017810   0.0001954243   0.0002396420
       -0.0002489902  -0.0008590035   0.0000313672   0.0003889857  -0.0027494813
       -0.0021784267   0.0018881739   0.0009704698   0.0004568468  -0.0014599174
       -0.0920822639  -0.0831940806   0.0534337386  -0.0803007795  -0.0644762156
       -0.0570413432  -0.0097112358   0.0036878050  -0.0105012055  -0.0163552304
        0.0114203382  -0.0123049959   0.0092017067  -0.0046399559   0.0071973531
       -0.0005420230  -0.0001980139   0.0002879068  -0.0060205864   0.0175547147
        0.0026903256   0.0557040752  -0.1304251822  -0.0381116262   0.0633449265
        0.4987524651  -0.0162592940   0.0258977705  -0.0882300494   0.0374528524
       -0.0001335038   0.0001663002  -0.0001483045  -0.0007492001  -0.0000635862
        0.0000045794  -0.0004864808  -0.0001902991   0.0003254601  -0.0029425958
       -0.0003311638   0.0024644441  -0.0001032539   0.0013257624   0.0007263045
       -0.0793846673  -0.1557822610   0.0801600071  -0.0649024163  -0.1327479402
       -0.0803963162  -0.0114647216   0.0087405852  -0.0124616340   0.0084127836
       -0.0057097036   0.0061847343   0.0133698932  -0.0128616282   0.0170805606
       -0.0005673023   0.0001996689   0.0007858164   0.0173418947  -0.0027174600
       -0.0177411065   0.0416964283  -0.0291543294  -0.0731327260   0.0065290958
       -0.0162592940   0.4571133165  -0.0510225853   0.0374516628  -0.1231481498
       -0.0003060094   0.0002019722  -0.0002956367  -0.0004906784  -0.0003290599
       -0.0002011506  -0.0001911343  -0.0005158305   0.0003088847   0.0039756514
        0.0017808309  -0.0015980643   0.0009150583  -0.0013898227   0.0007552294
        0.0548104871   0.0823397610  -0.1010873298  -0.0562096666  -0.0837059421
       -0.1202707884  -0.0167694123   0.0077260457  -0.0169504502   0.0094826242
       -0.0061428799   0.0077191055  -0.0091944512   0.0105146769  -0.0122569502
       -0.0002772198  -0.0000854908   0.0000444392   0.0005855468   0.0005415671
       -0.0005677072  -0.0286264858   0.0244432624  -0.0065786304  -0.1046869085
        0.0258977705  -0.0510225853   0.4896683959   0.0197270939  -0.0346872572
       -0.0000188862  -0.0000903539  -0.0000593949  -0.0001197847  -0.0000513850
       -0.0000179382  -0.0000509263   0.0000486188  -0.0000637358   0.0000929365
        0.0000440469  -0.0001943957  -0.0010785339   0.0003198459   0.0000202182
        0.0066009106  -0.0038648405   0.0071466190  -0.0101722787   0.0047023496
       -0.0142001156  -0.0710111843  -0.0554745894  -0.0534619674  -0.1860814000
        0.0686290087   0.1002138519  -0.0948241815  -0.0847869043   0.0534285994
        0.0000854825  -0.0003407948   0.0000773944  -0.0003696890  -0.0001983764
       -0.0001989256   0.0233209896  -0.0128186696   0.0046168255   0.0268915655
       -0.0882300494   0.0374516628   0.0197270939   0.5117821103   0.0234107542
        0.0000259043  -0.0000495298   0.0000180452   0.0000338433   0.0001360115
        0.0000935054   0.0000043962   0.0002167207  -0.0000547832  -0.0001361555
        0.0000861842   0.0001163132  -0.0002045407   0.0007325045  -0.0001225539
        0.0121506489  -0.0124530284   0.0181920287  -0.0104925998   0.0072095281
       -0.0120343620  -0.0553746802  -0.1520865305  -0.1069132517   0.0684114104
       -0.0755452154  -0.0488496967  -0.0840736694  -0.1784408651   0.0841970437
        0.0000443670  -0.0000774369  -0.0004043504   0.0003491846  -0.0002871714
        0.0007861423   0.0093519888  -0.0073589889   0.0117273073  -0.0505526632
        0.0374528524  -0.1231481498  -0.0346872572   0.0234107542   0.4979109237
        0.0001764909  -0.0000419361   0.0001312971  -0.0000083372   0.0000524201
        0.0001385431  -0.0000395993   0.0001231574   0.0000656294   0.0000716564
       -0.0000873577   0.0001663878  -0.0000162185  -0.0004115597   0.0004468896
       -0.0098969530   0.0107213510  -0.0132020970  -0.0148458093   0.0074915004
       -0.0162530518  -0.0528527854  -0.1074855463  -0.1504233529   0.0995914996
       -0.0484344986  -0.1100767993   0.0533144358   0.0849324600  -0.0978653190
       -0.0710054498   0.0553308075  -0.0528887081  -0.0097107795   0.0114528717
       -0.0167783226   0.0018171272   0.0012519305   0.0010580053  -0.0003642621
       -0.0001335038  -0.0003060094  -0.0000188862   0.0000259043   0.0001764909
        0.0801771107  -0.0639236978   0.0651429350   0.0073977109  -0.0166133523
        0.0169472095  -0.0063292557   0.0141267499  -0.0101562159   0.0004481433
        0.0003482262   0.0005791405  -0.0024226391  -0.0020017937  -0.0037945876
       -0.0000397538  -0.0000375428  -0.0000415812  -0.0001437269   0.0002826738
       -0.0000805038   0.0001015737   0.0000136069   0.0000546588   0.0000324296
       -0.0000273495   0.0000442568   0.0000606578  -0.0000955310   0.0000432318
        0.0554302805  -0.1519304568   0.1074894465  -0.0036948507   0.0087435787
       -0.0077445198   0.0013325418   0.0009072856  -0.0001250971  -0.0000744598
        0.0001663002   0.0002019722  -0.0000903539  -0.0000495298  -0.0000419361
       -0.0639236978   0.1723215389  -0.1238261121   0.0030015071  -0.0099373124
        0.0104950889   0.0104535030  -0.0205678461   0.0157904550  -0.0003226582
        0.0006336369  -0.0001647660  -0.0022958019  -0.0001039082  -0.0019960363
        0.0000079692   0.0000286285  -0.0000245672   0.0002458500  -0.0002146240
        0.0000390251  -0.0000135901   0.0000578080  -0.0000345441  -0.0000005735
       -0.0000181712   0.0000013260  -0.0000556656  -0.0000369283  -0.0000597352
       -0.0534979768   0.1069170809  -0.1505854699  -0.0104978071   0.0124430004
       -0.0169540417   0.0012174980   0.0003384759   0.0016807715   0.0001017810
       -0.0001483045  -0.0002956367  -0.0000593949   0.0000180452   0.0001312971
        0.0651429350  -0.1238261121   0.1741536693  -0.0040292081   0.0147428892
       -0.0140534321   0.0046509140  -0.0088629707   0.0091045619   0.0001194251
        0.0006249430   0.0000000891  -0.0032005427  -0.0021937562  -0.0031151637
        0.0000501016   0.0000073547  -0.0000092727  -0.0000728669   0.0000014341
       -0.0000149770   0.0000546413   0.0000345794  -0.0000332601  -0.0000079392
       -0.0000153573   0.0000503906   0.0000284396  -0.0000813019  -0.0000595256
       -0.1860891200  -0.0683318410   0.0996446347  -0.0163560760  -0.0084050968
        0.0094890006  -0.0052014978  -0.0035166681  -0.0024802951   0.0001954243
       -0.0007492001  -0.0004906784  -0.0001197847   0.0000338433  -0.0000083372
        0.0073977109   0.0030015071  -0.0040292081   0.2144892559   0.0815171559
       -0.1147925265  -0.0153389070  -0.0041222167   0.0121715267   0.0005445432
        0.0000728734   0.0005375861  -0.0001180765   0.0002570623   0.0000757407
        0.0000798644   0.0000721491  -0.0000472286   0.0004822299   0.0001725230
       -0.0000829860   0.0000324225   0.0000005676  -0.0000079308   0.0000377426
        0.0000153568  -0.0000095421  -0.0000357317  -0.0000180159   0.0000302440
       -0.0685489394  -0.0754660129   0.0484036915  -0.0114289110  -0.0057086276
        0.0061524191  -0.0040318298  -0.0026801564  -0.0019138782   0.0002396420
       -0.0000635862  -0.0003290599  -0.0000513850   0.0001360115   0.0000524201
       -0.0166133523  -0.0099373124   0.0147428892   0.0815171559   0.0860884478
       -0.0544364349   0.0190477011   0.0075911330  -0.0133809183  -0.0003855844
       -0.0001240002   0.0004563898   0.0002226704   0.0001775073   0.0001299383
        0.0000519768   0.0000894648   0.0000700663  -0.0000177992  -0.0001034092
        0.0000697818   0.0000273618  -0.0000180913   0.0000154067  -0.0000153224
        0.0000133304   0.0000033761  -0.0000133846   0.0000053014  -0.0000360878
        0.1002671391   0.0488189126  -0.1101489379  -0.0122968059  -0.0061739845
        0.0077194743  -0.0037899603  -0.0033174074  -0.0008657069  -0.0002489902
        0.0000045794  -0.0002011506  -0.0000179382   0.0000935054   0.0001385431
        0.0169472095   0.0104950889  -0.0140534321  -0.1147925265  -0.0544364349
        0.1263180968   0.0144730115   0.0044402590  -0.0099929026  -0.0004836784
        0.0000219175   0.0007032104  -0.0000754762  -0.0001438734   0.0002291858
       -0.0000275427   0.0000522793   0.0000487092  -0.0000028031   0.0001747715
        0.0000656966   0.0000442477  -0.0000013413   0.0000502934  -0.0000095474
       -0.0000034025   0.0000031587   0.0000136611  -0.0000248696  -0.0000142382
       -0.0948167510   0.0841100819   0.0532474341   0.0092012443  -0.0133777877
       -0.0091849068   0.0005984569   0.0008987582   0.0004785332  -0.0008590035
       -0.0004864808  -0.0001911343  -0.0000509263   0.0000043962  -0.0000395993
       -0.0063292557   0.0104535030   0.0046509140  -0.0153389070   0.0190477011
        0.0144730115   0.1095949206  -0.0971330280  -0.0614724954  -0.0015055460
       -0.0025488216  -0.0029326286   0.0008416668  -0.0005284359   0.0003681943
        0.0002027840   0.0001458485   0.0000542418  -0.0015337956  -0.0006965498
        0.0006388740   0.0000606765   0.0000556524   0.0000283952  -0.0000357425
        0.0000133950   0.0000136509  -0.0000298215   0.0000417675  -0.0001324846
        0.0848234492  -0.1785755039  -0.0848742408   0.0046443597  -0.0128819226
       -0.0105137772   0.0004286907   0.0000926599   0.0006093020   0.0000313672
       -0.0001902991  -0.0005158305   0.0000486188   0.0002167207   0.0001231574
        0.0141267499  -0.0205678461  -0.0088629707  -0.0041222167   0.0075911330
        0.0044402590  -0.0971330280   0.2039792251   0.1007545653  -0.0022300778
       -0.0009070563  -0.0027050239   0.0003755033   0.0006990868   0.0007865511
        0.0001110508   0.0001086420   0.0000920089  -0.0011761546   0.0004442557
        0.0006238198   0.0000955455  -0.0000366700   0.0000813078   0.0000180495
        0.0000053249   0.0000248647  -0.0000419073   0.0000222499  -0.0000639928
        0.0533610358  -0.0841388772  -0.0977383125   0.0071932810  -0.0170802088
       -0.0122361582   0.0005085177   0.0004757921   0.0003687522   0.0003889857
        0.0003254601   0.0003088847  -0.0000637358  -0.0000547832   0.0000656294
       -0.0101562159   0.0157904550   0.0091045619   0.0121715267  -0.0133809183
       -0.0099929026  -0.0614724954   0.1007545653   0.1126033424  -0.0029883729
       -0.0027227693  -0.0029130551   0.0007605767  -0.0003528005   0.0002602862
        0.0000138525   0.0000609604  -0.0000551972   0.0003421035   0.0001636433
        0.0005150557   0.0000431657   0.0000595979  -0.0000596802   0.0000302384
        0.0000360795  -0.0000142785  -0.0001324637   0.0000638036  -0.0002169282
        0.0066004534  -0.0121586394  -0.0098884742  -0.0920758063   0.0794226238
        0.0547484181  -0.0239371352   0.0129135045   0.0183072450  -0.0027494813
       -0.0029425958   0.0039756514   0.0000929365  -0.0001361555   0.0000716564
        0.0004481433  -0.0003226582   0.0001194251   0.0005445432  -0.0003855844
       -0.0004836784  -0.0015055460  -0.0022300778  -0.0029883729   0.1210954264
       -0.0877537784  -0.0703768577  -0.0076894318   0.0135390461   0.0059942677
       -0.0010390663   0.0004935164   0.0007272326  -0.0000279281  -0.0002683228
       -0.0002430341  -0.0000397686  -0.0000078674   0.0000500949   0.0000798715
       -0.0000519845  -0.0000275051   0.0002027892  -0.0001110268   0.0000139311
        0.0038694829  -0.0124744106  -0.0107214306   0.0832310729  -0.1559098122
       -0.0823011918  -0.0079607914   0.0102512634   0.0072854814  -0.0021784267
       -0.0003311638   0.0017808309   0.0000440469   0.0000861842  -0.0000873577
        0.0003482262   0.0006336369   0.0006249430   0.0000728734  -0.0001240002
        0.0000219175  -0.0025488216  -0.0009070563  -0.0027227693  -0.0877537784
        0.1768234949   0.0949640736   0.0136781303  -0.0185706907  -0.0094181442
       -0.0004929536   0.0002738480   0.0004127768  -0.0001286503   0.0000220874
        0.0002817933   0.0000375111   0.0000285764  -0.0000074060  -0.0000721285
        0.0000894771  -0.0000523768  -0.0001457934   0.0001085655  -0.0000611401
        0.0071428984  -0.0181927376  -0.0131806049   0.0533688320  -0.0801216301
       -0.1009673221   0.0185501280  -0.0087728745  -0.0123925427   0.0018881739
        0.0024644441  -0.0015980643  -0.0001943957   0.0001163132   0.0001663878
        0.0005791405  -0.0001647660   0.0000000891   0.0005375861   0.0004563898
        0.0007032104  -0.0029326286  -0.0027050239  -0.0029130551  -0.0703768577
        0.0949640736   0.1220162177  -0.0090529994   0.0123291655   0.0086187605
        0.0007275791  -0.0004134053  -0.0005281322  -0.0002030056   0.0001775718
        0.0000905794  -0.0000416249   0.0000247155  -0.0000093024  -0.0000472004
       -0.0000701106   0.0000488409   0.0000543741  -0.0000921255  -0.0000550621
       -0.0101720498   0.0104824410  -0.0148539519  -0.0802955413   0.0648587377
       -0.0562543919   0.0041298563  -0.0222191618   0.0186046647   0.0009704698
       -0.0001032539   0.0009150583  -0.0010785339  -0.0002045407  -0.0000162185
       -0.0024226391  -0.0022958019  -0.0032005427  -0.0001180765   0.0002226704
       -0.0000754762   0.0008416668   0.0003755033   0.0007605767  -0.0076894318
        0.0136781303  -0.0090529994   0.0972020467  -0.0658712556   0.0632132235
       -0.0000279040   0.0001285229  -0.0002030790  -0.0001447187  -0.0000004265
       -0.0001023904  -0.0001436211  -0.0002458979  -0.0000728165   0.0004822176
        0.0000177859  -0.0000027960  -0.0015337411   0.0011765469   0.0003411393
       -0.0047120183   0.0072130819  -0.0075082813   0.0644319667  -0.1326313966
        0.0837172805  -0.0064016334  -0.0226281435   0.0211256924   0.0004568468
        0.0013257624  -0.0013898227   0.0003198459   0.0007325045  -0.0004115597
       -0.0020017937  -0.0001039082  -0.0021937562   0.0002570623   0.0001775073
       -0.0001438734  -0.0005284359   0.0006990868  -0.0003528005   0.0135390461
       -0.0185706907   0.0123291655  -0.0658712556   0.1636811257  -0.1046098026
        0.0002681489   0.0000216247  -0.0001775785   0.0000003693  -0.0000418253
       -0.0000451443  -0.0002827032  -0.0002147457  -0.0000013224  -0.0001725898
       -0.0001035778  -0.0001746488   0.0006971437   0.0004435944  -0.0001635479
       -0.0141961664   0.0120176396  -0.0162564479  -0.0570857925   0.0804076244
       -0.1203927161   0.0067354545   0.0230477283  -0.0170982200  -0.0014599174
        0.0007263045   0.0007552294   0.0000202182  -0.0001225539   0.0004468896
       -0.0037945876  -0.0019960363  -0.0031151637   0.0000757407   0.0001299383
        0.0002291858   0.0003681943   0.0007865511   0.0002602862   0.0059942677
       -0.0094181442   0.0086187605   0.0632132235  -0.1046098026   0.1463155449
       -0.0002432424  -0.0002817482   0.0000908951  -0.0001024017   0.0000448658
       -0.0004209408  -0.0000804109  -0.0000389184  -0.0000148006  -0.0000828589
       -0.0000696662   0.0000658536   0.0006382789  -0.0006237823   0.0005156441
        0.0000929458   0.0001362447   0.0000715338  -0.0027492870   0.0029456343
        0.0039733805  -0.0239370357  -0.0128987880   0.0183163827  -0.0920822639
       -0.0793846673   0.0548104871   0.0066009106   0.0121506489  -0.0098969530
       -0.0000397538   0.0000079692   0.0000501016   0.0000798644   0.0000519768
       -0.0000275427   0.0002027840   0.0001110508   0.0000138525  -0.0010390663
       -0.0004929536   0.0007275791  -0.0000279040   0.0002681489  -0.0002432424
        0.1211022208   0.0877040778  -0.0704456408  -0.0076904927  -0.0135351320
        0.0060047836   0.0004481414   0.0003227497   0.0001191182   0.0005443128
        0.0003851568  -0.0004839410  -0.0015053766   0.0022278829  -0.0029898993
       -0.0000441666   0.0000860668   0.0000875088   0.0021797657  -0.0003348475
       -0.0017820400   0.0079757178   0.0102535801  -0.0073024715  -0.0831940806
       -0.1557822610   0.0823397610  -0.0038648405  -0.0124530284   0.0107213510
       -0.0000375428   0.0000286285   0.0000073547   0.0000721491   0.0000894648
        0.0000522793   0.0001458485   0.0001086420   0.0000609604   0.0004935164
        0.0002738480  -0.0004134053   0.0001285229   0.0000216247  -0.0002817482
        0.0877040778   0.1766742589  -0.0950022701  -0.0136853732  -0.0185715432
        0.0094380402  -0.0003478476   0.0006330375  -0.0006253658  -0.0000724879
       -0.0001242172  -0.0000212528   0.0025467411  -0.0009032540   0.0027212982
       -0.0001943282  -0.0001162287   0.0001664848   0.0018863138  -0.0024657744
       -0.0015950197   0.0185443293   0.0087558502  -0.0123934022   0.0534337386
        0.0801600071  -0.1010873298   0.0071466190   0.0181920287  -0.0132020970
       -0.0000415812  -0.0000245672  -0.0000092727  -0.0000472286   0.0000700663
        0.0000487092   0.0000542418   0.0000920089  -0.0000551972   0.0007272326
        0.0004127768  -0.0005281322  -0.0002030790  -0.0001775785   0.0000908951
       -0.0704456408  -0.0950022701   0.1221567736  -0.0090432300  -0.0123085816
        0.0086208156   0.0005793637   0.0001643511   0.0000004752   0.0005376376
       -0.0004556987   0.0007034504  -0.0029343887   0.0027036103  -0.0029171532
       -0.0010785106   0.0002045924  -0.0000164222   0.0009704091   0.0001038856
        0.0009149862   0.0041310550   0.0222319097   0.0185874506  -0.0803007795
       -0.0649024163  -0.0562096666  -0.0101722787  -0.0104925998  -0.0148458093
       -0.0001437269   0.0002458500  -0.0000728669   0.0004822299  -0.0000177992
       -0.0000028031  -0.0015337956  -0.0011761546   0.0003421035  -0.0000279281
       -0.0001286503  -0.0002030056  -0.0001447187   0.0000003693  -0.0001024017
       -0.0076904927  -0.0136853732  -0.0090432300   0.0972074163   0.0659205815
        0.0631682537  -0.0024224583   0.0022935100  -0.0032021479  -0.0001180609
       -0.0002227579  -0.0000753212   0.0008416399  -0.0003749474   0.0007608804
       -0.0003197152   0.0007328634   0.0004114625  -0.0004580449   0.0013260111
        0.0013892318   0.0064055788  -0.0226619393  -0.0211223625  -0.0644762156
       -0.1327479402  -0.0837059421   0.0047023496   0.0072095281   0.0074915004
        0.0002826738  -0.0002146240   0.0000014341   0.0001725230  -0.0001034092
        0.0001747715  -0.0006965498   0.0004442557   0.0001636433  -0.0002683228
        0.0000220874   0.0001775718  -0.0000004265  -0.0000418253   0.0000448658
       -0.0135351320  -0.0185715432  -0.0123085816   0.0659205815   0.1638309747
        0.1045944418   0.0019990479  -0.0001008070   0.0021916783  -0.0002570478
        0.0001775955   0.0001439334   0.0005286999   0.0006987722   0.0003523516
        0.0000204471   0.0001223412   0.0004464798  -0.0014595412  -0.0007266083
        0.0007547199   0.0067298227  -0.0230439258  -0.0170653830  -0.0570413432
       -0.0803963162  -0.1202707884  -0.0142001156  -0.0120343620  -0.0162530518
       -0.0000805038   0.0000390251  -0.0000149770  -0.0000829860   0.0000697818
        0.0000656966   0.0006388740   0.0006238198   0.0005150557  -0.0002430341
        0.0002817933   0.0000905794  -0.0001023904  -0.0000451443  -0.0004209408
        0.0060047836   0.0094380402   0.0086208156   0.0631682537   0.1045944418
        0.1461603372  -0.0037959776   0.0019939401  -0.0031182953   0.0000759459
       -0.0001299082   0.0002291669   0.0003677649  -0.0007869185   0.0002605852
       -0.0000188721  -0.0000257947   0.0001765240  -0.0003642246   0.0001333630
       -0.0003060931   0.0018167338  -0.0012509255   0.0010589198  -0.0097112358
       -0.0114647216  -0.0167694123  -0.0710111843  -0.0553746802  -0.0528527854
        0.0001015737  -0.0000135901   0.0000546413   0.0000324225   0.0000273618
        0.0000442477   0.0000606765   0.0000955455   0.0000431657  -0.0000397686
        0.0000375111  -0.0000416249  -0.0001436211  -0.0002827032  -0.0000804109
        0.0004481414  -0.0003478476   0.0005793637  -0.0024224583   0.0019990479
       -0.0037959776   0.0801838946   0.0639772114   0.0651016608   0.0073983527
        0.0166251820   0.0169340184  -0.0063304303  -0.0141349597  -0.0101462373
        0.0000902409  -0.0000494244   0.0000419432   0.0000745963   0.0001663201
       -0.0002022081  -0.0013313603   0.0009066721   0.0001255841   0.0036878050
        0.0087405852   0.0077260457  -0.0554745894  -0.1520865305  -0.1074855463
        0.0000136069   0.0000578080   0.0000345794   0.0000005676  -0.0000180913
       -0.0000013413   0.0000556524  -0.0000366700   0.0000595979  -0.0000078674
        0.0000285764   0.0000247155  -0.0002458979  -0.0002147457  -0.0000389184
        0.0003227497   0.0006330375   0.0001643511   0.0022935100  -0.0001008070
        0.0019939401   0.0639772114   0.1725022348   0.1238240067  -0.0030054202
       -0.0099569713  -0.0104990336  -0.0104508051  -0.0205719941  -0.0157677160
       -0.0000594504  -0.0000178639   0.0001312402   0.0001016198   0.0001477577
       -0.0002956944   0.0012186054  -0.0003380858   0.0016810365  -0.0105012055
       -0.0124616340  -0.0169504502  -0.0534619674  -0.1069132517  -0.1504233529
        0.0000546588  -0.0000345441  -0.0000332601  -0.0000079308   0.0000154067
        0.0000502934   0.0000283952   0.0000813078  -0.0000596802   0.0000500949
       -0.0000074060  -0.0000093024  -0.0000728165  -0.0000013224  -0.0000148006
        0.0001191182  -0.0006253658   0.0000004752  -0.0032021479   0.0021916783
       -0.0031182953   0.0651016608   0.1238240067   0.1739666904  -0.0040279106
       -0.0147457907  -0.0140347071   0.0046592758   0.0088851074   0.0091098077
       -0.0001197955  -0.0000338171  -0.0000083244   0.0001954198   0.0007488181
       -0.0004912568  -0.0052011781   0.0035149511  -0.0024828083  -0.0163552304
        0.0084127836   0.0094826242  -0.1860814000   0.0684114104   0.0995914996
        0.0000324296  -0.0000005735  -0.0000079392   0.0000377426  -0.0000153224
       -0.0000095474  -0.0000357425   0.0000180495   0.0000302384   0.0000798715
       -0.0000721285  -0.0000472004   0.0004822176  -0.0001725898  -0.0000828589
        0.0005443128  -0.0000724879   0.0005376376  -0.0001180609  -0.0002570478
        0.0000759459   0.0073983527  -0.0030054202  -0.0040279106   0.2144804401
       -0.0816089297  -0.1147291012  -0.0153393793   0.0041323044   0.0121690015
        0.0000513624   0.0001358552  -0.0000523961  -0.0002399297  -0.0000634911
        0.0003288966   0.0040290972  -0.0026764607   0.0019153385   0.0114203382
       -0.0057097036  -0.0061428799   0.0686290087  -0.0755452154  -0.0484344986
       -0.0000273495  -0.0000181712  -0.0000153573   0.0000153568   0.0000133304
       -0.0000034025   0.0000133950   0.0000053249   0.0000360795  -0.0000519845
        0.0000894771  -0.0000701106   0.0000177859  -0.0001035778  -0.0000696662
        0.0003851568  -0.0001242172  -0.0004556987  -0.0002227579   0.0001775955
       -0.0001299082   0.0166251820  -0.0099569713  -0.0147457907  -0.0816089297
        0.0861775124   0.0544720716  -0.0190357319   0.0075987128   0.0133673227
       -0.0000180046  -0.0000934713   0.0001385500  -0.0002488337  -0.0000047102
       -0.0002013847  -0.0037927200   0.0033189050  -0.0008693477  -0.0123049959
        0.0061847343   0.0077191055   0.1002138519  -0.0488496967  -0.1100767993
        0.0000442568   0.0000013260   0.0000503906  -0.0000095421   0.0000033761
        0.0000031587   0.0000136509   0.0000248647  -0.0000142785  -0.0000275051
       -0.0000523768   0.0000488409  -0.0000027960  -0.0001746488   0.0000658536
       -0.0004839410  -0.0000212528   0.0007034504  -0.0000753212   0.0001439334
        0.0002291669   0.0169340184  -0.0104990336  -0.0140347071  -0.1147291012
        0.0544720716   0.1262377098   0.0144869827  -0.0044540210  -0.0099997091
       -0.0000509368  -0.0000044369  -0.0000395802  -0.0008590012   0.0004864038
       -0.0001914899   0.0005983947  -0.0008984185   0.0004791338   0.0092017067
        0.0133698932  -0.0091944512  -0.0948241815  -0.0840736694   0.0533144358
        0.0000606578  -0.0000556656   0.0000284396  -0.0000357317  -0.0000133846
        0.0000136611  -0.0000298215  -0.0000419073  -0.0001324637   0.0002027892
       -0.0001457934   0.0000543741  -0.0015337411   0.0006971437   0.0006382789
       -0.0015053766   0.0025467411  -0.0029343887   0.0008416399   0.0005286999
        0.0003677649  -0.0063304303  -0.0104508051   0.0046592758  -0.0153393793
       -0.0190357319   0.0144869827   0.1096034117   0.0970909310  -0.0615499731
       -0.0000486998   0.0002166687  -0.0001233407  -0.0000310301  -0.0001900684
        0.0005162586  -0.0004283619   0.0000919718  -0.0006091459  -0.0046399559
       -0.0128616282   0.0105146769  -0.0847869043  -0.1784408651   0.0849324600
       -0.0000955310  -0.0000369283  -0.0000813019  -0.0000180159   0.0000053014
       -0.0000248696   0.0000417675   0.0000222499   0.0000638036  -0.0001110268
        0.0001085655  -0.0000921255   0.0011765469   0.0004435944  -0.0006237823
        0.0022278829  -0.0009032540   0.0027036103  -0.0003749474   0.0006987722
       -0.0007869185  -0.0141349597  -0.0205719941   0.0088851074   0.0041323044
        0.0075987128  -0.0044540210   0.0970909310   0.2038189014  -0.1008204112
       -0.0000637218   0.0000547175   0.0000655463   0.0003890686  -0.0003249588
        0.0003087923   0.0005088670  -0.0004757045   0.0003697112   0.0071973531
        0.0170805606  -0.0122569502   0.0534285994   0.0841970437  -0.0978653190
        0.0000432318  -0.0000597352  -0.0000595256   0.0000302440  -0.0000360878
       -0.0000142382  -0.0001324846  -0.0000639928  -0.0002169282   0.0000139311
       -0.0000611401  -0.0000550621   0.0003411393  -0.0001635479   0.0005156441
       -0.0029898993   0.0027212982  -0.0029171532   0.0007608804   0.0003523516
        0.0002605852  -0.0101462373  -0.0157677160   0.0091098077   0.0121690015
        0.0133673227  -0.0099997091  -0.0615499731  -0.1008204112   0.1127547990
