           1           2   1.01032317869332     
           2           3  0.973021672405109     
           3           4  0.973021646122315     
           4           5   1.01032324751027     
           1           6  0.986595725950686     
           1           7  0.983950825705201     
           1           8  0.984454431626081     
           2           9  0.971123113793749     
           2          10  0.968743953111590     
           4          11  0.971123106471365     
           4          12  0.968744029614880     
           5          13  0.986595764406375     
           5          14  0.983950804198658     
           5          15  0.984454270167896     
