$hessian                                                                        
        0.5002015233  -0.0323248201   0.0244439165  -0.0917559256  -0.0416975088
        0.0332542494  -0.0379256242  -0.0106475606   0.0237768661   0.0006075741
       -0.0000831717   0.0008335536  -0.0001022137  -0.0001247956  -0.0001496471
       -0.2570579032   0.0823504751  -0.0029405467  -0.0715804008   0.0011239328
       -0.0787860181  -0.0435235362   0.0034827239   0.0004089813   0.0045081729
        0.0047942310  -0.0035682725  -0.0019811973  -0.0064638574   0.0027521341
       -0.0008913243  -0.0001082438   0.0001098777  -0.0003207232  -0.0002597315
       -0.0000809995  -0.0001007338   0.0000782993   0.0000452902   0.0000842116
       -0.0001577339  -0.0000210735  -0.0001618996   0.0000377614  -0.0000783115
       -0.0323248201   0.4988540831   0.0258798101  -0.0413732238  -0.1155600114
        0.0444237211   0.0055428358   0.0099170397  -0.0059416777   0.0003894716
        0.0006617757  -0.0001810901   0.0000955920  -0.0000156851   0.0001362534
        0.0816484979  -0.0729963801   0.0000060659   0.0013220001  -0.0442737468
        0.0010476109   0.0041383062  -0.2514341076  -0.0850711369  -0.0025502244
       -0.0020115502   0.0043148986  -0.0168550304  -0.0231887812   0.0155938041
       -0.0004139466   0.0001324216  -0.0003612584   0.0003198860  -0.0002001378
        0.0002014622   0.0001296591   0.0000306826  -0.0000717655  -0.0000763774
        0.0000805110   0.0000356638   0.0000073738   0.0000038863  -0.0000123615
        0.0244439165   0.0258798101   0.5016747475   0.0340608199   0.0447525642
       -0.1086568022   0.0129621858   0.0008889629  -0.0011798893  -0.0003244079
       -0.0006951222   0.0001767525   0.0000400043   0.0000133834  -0.0001489261
       -0.0027669406  -0.0003000468  -0.0419807461  -0.0782404162   0.0004647173
       -0.2561747642   0.0001341381  -0.0845939383  -0.0787804423   0.0141175785
        0.0193814779  -0.0214804552  -0.0043417892  -0.0057682147   0.0054157113
       -0.0000089757   0.0000704273   0.0008709267   0.0000623476  -0.0001145421
        0.0001393180  -0.0001350476  -0.0000323220   0.0000461389  -0.0000229219
        0.0000710898   0.0000303176   0.0000195083  -0.0000182468   0.0000481131
       -0.0917559256  -0.0413732238   0.0340608199   0.4145975410   0.0164378981
        0.0382905022  -0.1668072561   0.0497628596   0.0209615740  -0.0308667226
        0.0062391617  -0.0108848960  -0.0019992522   0.0003162575  -0.0027762488
       -0.0187606748  -0.0145305102   0.0151399699   0.0062063140   0.0053365022
       -0.0038958762  -0.0012983689  -0.0032141062   0.0002149384  -0.0690481265
        0.0022001133  -0.0818798685  -0.0411560351  -0.0214777249  -0.0115662903
        0.0006912037  -0.0009078847   0.0010974946   0.0015646845   0.0011002032
        0.0014169195  -0.0001098544   0.0002213605  -0.0005007613  -0.0002063164
       -0.0004325702  -0.0004045375  -0.0010512107   0.0003216638   0.0007262601
       -0.0416975088  -0.1155600114   0.0447525642   0.0164378981   0.4570073691
        0.0197403776   0.0540470789  -0.0705834489  -0.0187858499   0.0025659213
       -0.0058272022   0.0054894779  -0.0007909791   0.0001232315  -0.0007224834
        0.0057065829   0.0051452958  -0.0046753132  -0.0008731253  -0.0012067601
        0.0038734467  -0.0182550322  -0.0227761756   0.0157357086   0.0047349319
       -0.0447999052   0.0098065764  -0.0180671494  -0.2053184597  -0.0750349271
        0.0007873583   0.0007323059   0.0000536074  -0.0042296642   0.0028886720
       -0.0005584175  -0.0002197385  -0.0001859323   0.0003269983   0.0002162825
        0.0001099930   0.0001512289  -0.0003628562   0.0002510281  -0.0001529949
        0.0332542494   0.0444237211  -0.1086568022   0.0382905022   0.0197403776
        0.5196018454   0.0397336188  -0.0260158264  -0.0841786679  -0.0262161555
        0.0098520772   0.0054737297  -0.0032941866   0.0002542642  -0.0036748414
        0.0011265830   0.0003776222  -0.0006156966   0.0158915450   0.0186464678
       -0.0212440832  -0.0046690213  -0.0048360778   0.0062817390  -0.0783356370
        0.0084002915  -0.2356564927  -0.0117068004  -0.0730582533  -0.0787917220
       -0.0006234978   0.0005400438   0.0003828155  -0.0022851572   0.0013479177
        0.0006963591   0.0002641405  -0.0000509279   0.0000254375   0.0000164898
        0.0001269632   0.0001337023  -0.0014466730   0.0002513391   0.0002226778
       -0.0379256242   0.0055428358   0.0129621858  -0.1668072561   0.0540470789
        0.0397336188   0.3850771946  -0.0848732371   0.0500313714  -0.0955312420
       -0.0036773165  -0.0590940991  -0.0328567110   0.0018079009  -0.0274221816
       -0.0048635083  -0.0039643333   0.0046029775   0.0007498821   0.0006415291
       -0.0003651123   0.0018783586   0.0007314691  -0.0014762283  -0.0267370098
        0.0102893785  -0.0054100634  -0.0153996989   0.0197862475   0.0080587328
        0.0028482338   0.0060531028  -0.0083080708  -0.0075256179  -0.0075723956
       -0.0143883554   0.0024775514  -0.0007606978  -0.0001108278   0.0021312657
        0.0001338696   0.0000819067  -0.0075158180   0.0018145681   0.0011041457
       -0.0106475606   0.0099170397   0.0008889629   0.0497628596  -0.0705834489
       -0.0260158264  -0.0848732371   0.1315877682   0.0528789666   0.0036807010
       -0.0545416855  -0.0131076186   0.0076352184   0.0027089063   0.0067128692
       -0.0029482663  -0.0008934528   0.0018168617   0.0002789887   0.0001332269
       -0.0006376194   0.0005611863   0.0018316671  -0.0004813871   0.0038428106
       -0.0007229936   0.0008813221   0.0345612173  -0.0206474556  -0.0110644260
        0.0126138646   0.0041987728   0.0177289617  -0.0163423188  -0.0033382021
       -0.0293252999   0.0003336713   0.0001476233  -0.0004748539  -0.0008306320
        0.0002910706   0.0004068273   0.0023714970  -0.0000888363  -0.0002077403
        0.0237768661  -0.0059416777  -0.0011798893   0.0209615740  -0.0187858499
       -0.0841786679   0.0500313714   0.0528789666   0.3196830998  -0.0446752056
       -0.0203345020  -0.1691727292  -0.0022755280   0.0008428804   0.0072743825
        0.0032634007   0.0025174003  -0.0027485383  -0.0007826841  -0.0006378451
        0.0002342309  -0.0011857037  -0.0009652136   0.0006330015  -0.0288072350
        0.0113358476   0.0016578786   0.0150656870  -0.0117933436  -0.0038851365
       -0.0210241400   0.0063572019  -0.0410711599  -0.0175681751  -0.0149940697
       -0.0288273929   0.0001600394  -0.0005567732   0.0006703899   0.0007579817
        0.0003680486   0.0001398113   0.0023017513  -0.0002910707   0.0007707196
        0.0006075741   0.0003894716  -0.0003244079  -0.0308667226   0.0025659213
       -0.0262161555  -0.0955312420   0.0036807010  -0.0446752056   0.4438935608
       -0.0052876321  -0.0427556553  -0.1748521228   0.0281590242   0.0477789728
        0.0001637798  -0.0001907897  -0.0001373609  -0.0006295688   0.0001209883
       -0.0003529491  -0.0002963672  -0.0000584915  -0.0000151311  -0.0054254004
        0.0017009009   0.0000097027   0.0015005856  -0.0014710922  -0.0003821480
       -0.0607267562  -0.0456513586   0.0477906009  -0.0406521990   0.0071250097
        0.0060562900  -0.0137253891   0.0001891071   0.0071810111  -0.0037814212
        0.0043511588   0.0025091807  -0.0196783109   0.0043770811   0.0035332551
       -0.0000831717   0.0006617757  -0.0006951222   0.0062391617  -0.0058272022
        0.0098520772  -0.0036773165  -0.0545416855  -0.0203345020  -0.0052876321
        0.4972563058  -0.0048296029   0.0273867444  -0.0760036879  -0.0117313915
       -0.0000454213  -0.0001570571   0.0002506337  -0.0003268576   0.0004435056
        0.0003134383  -0.0002421333  -0.0002361061  -0.0002102394   0.0040103374
       -0.0003828264   0.0005556671   0.0034415225   0.0018563682   0.0032899814
       -0.0449300286  -0.1398511364   0.0905682695   0.0047996215  -0.2182841452
       -0.0634790130  -0.0185667952   0.0044600118   0.0070903489   0.0277676673
       -0.0096550290  -0.0109422557  -0.0004856985   0.0002609088   0.0003017106
        0.0008335536  -0.0001810901   0.0001767525  -0.0108848960   0.0054894779
        0.0054737297  -0.0590940991  -0.0131076186  -0.1691727292  -0.0427556553
       -0.0048296029   0.4433430515   0.0441021661  -0.0104417738  -0.0813936164
        0.0008155553   0.0002061877  -0.0001284874   0.0003102061  -0.0004100579
       -0.0000190200   0.0000583863   0.0003915685   0.0002624130   0.0004342152
       -0.0006706703   0.0012579273   0.0031045701  -0.0006174953   0.0021838910
        0.0454997152   0.0899398738  -0.1272772426   0.0043541946  -0.0621266124
       -0.0660071929   0.0222048227  -0.0030546955  -0.0090135212   0.0128653187
       -0.0054783080  -0.0047104730  -0.0218480536   0.0048908169   0.0050245178
       -0.0001022137   0.0000955920   0.0000400043  -0.0019992522  -0.0007909791
       -0.0032941866  -0.0328567110   0.0076352184  -0.0022755280  -0.1748521228
        0.0273867444   0.0441021661   0.4703483213   0.0147725550   0.0251211754
       -0.0001220313  -0.0000944139   0.0000660123   0.0000444793   0.0000244704
       -0.0001199526  -0.0000419021   0.0000982623   0.0000115876  -0.0010541451
        0.0003788782   0.0000359869  -0.0000837871  -0.0002203723  -0.0001588702
       -0.0142515485   0.0010382824   0.0075258891  -0.0047857209   0.0036981499
        0.0027820922  -0.0619979408  -0.0466019032   0.0478081801  -0.0422152354
       -0.0026717821  -0.0008518031  -0.1360301897  -0.0047487023  -0.1207927536
       -0.0001247956  -0.0000156851   0.0000133834   0.0003162575   0.0001232315
        0.0002542642   0.0018079009   0.0027089063   0.0008428804   0.0281590242
       -0.0760036879  -0.0104417738   0.0147725550   0.5210755335  -0.0048997228
        0.0000079924   0.0000555122  -0.0000688239   0.0000992946  -0.0001006916
       -0.0000241914   0.0000438085   0.0000830312   0.0000224807   0.0001063611
        0.0001802232   0.0000703936  -0.0000710624   0.0002594012   0.0000402430
       -0.0175810110   0.0040026653   0.0075629263   0.0263704703  -0.0085583526
       -0.0105739498  -0.0458229270  -0.1521677201   0.1112795379  -0.0035580835
       -0.2489529940  -0.0891829647  -0.0045257847  -0.0426893732  -0.0048946829
       -0.0001496471   0.0001362534  -0.0001489261  -0.0027762488  -0.0007224834
       -0.0036748414  -0.0274221816   0.0067128692   0.0072743825   0.0477789728
       -0.0117313915  -0.0813936164   0.0251211754  -0.0048997228   0.5265276325
       -0.0000888512  -0.0000889622   0.0002392182  -0.0000610644   0.0000069259
        0.0002470786   0.0000211614  -0.0000086814  -0.0000406117  -0.0011835679
        0.0004884468   0.0000013039  -0.0000210238   0.0001647843  -0.0000133176
        0.0207378186  -0.0029050108  -0.0078031767   0.0114984772  -0.0042803040
       -0.0034881661   0.0471966155   0.1120069167  -0.1604671976  -0.0013057607
       -0.0897076618  -0.0838105219  -0.1193458753  -0.0051719784  -0.1934492403
       -0.2570579032   0.0816484979  -0.0027669406  -0.0187606748   0.0057065829
        0.0011265830  -0.0048635083  -0.0029482663   0.0032634007   0.0001637798
       -0.0000454213   0.0008155553  -0.0001220313   0.0000079924  -0.0000888512
        0.2971433058  -0.0940572638   0.0013028225  -0.0146788911   0.0059078502
       -0.0035458110  -0.0026866301   0.0033377898   0.0003766675   0.0003841170
        0.0005509533  -0.0001560760   0.0000380811  -0.0000643834  -0.0003396915
        0.0003597655  -0.0000102503   0.0000443341  -0.0000053146   0.0000039013
        0.0000034471   0.0000170889   0.0000039653   0.0000081536   0.0000731444
       -0.0000517433  -0.0000175371  -0.0000043292   0.0000097954  -0.0000260563
        0.0823504751  -0.0729963801  -0.0003000468  -0.0145305102   0.0051452958
        0.0003776222  -0.0039643333  -0.0008934528   0.0025174003  -0.0001907897
       -0.0001570571   0.0002061877  -0.0000944139   0.0000555122  -0.0000889622
       -0.0940572638   0.0821300832  -0.0017007180   0.0011741946   0.0001728068
        0.0003508730   0.0296119517  -0.0141579490  -0.0008308666  -0.0002192447
        0.0004791201  -0.0003545506  -0.0002332064   0.0001568890  -0.0000128204
        0.0000886969   0.0000098696  -0.0001355346   0.0000429236   0.0000644358
       -0.0000023613   0.0000363191   0.0000195391  -0.0000241334  -0.0000078045
       -0.0000304939   0.0000071481  -0.0000069946   0.0000017813  -0.0000092374
       -0.0029405467   0.0000060659  -0.0419807461   0.0151399699  -0.0046753132
       -0.0006156966   0.0046029775   0.0018168617  -0.0027485383  -0.0001373609
        0.0002506337  -0.0001284874   0.0000660123  -0.0000688239   0.0002392182
        0.0013028225  -0.0017007180   0.0476522126  -0.0302829424   0.0111635078
       -0.0030388307   0.0116218920  -0.0060062285   0.0002394966   0.0007471177
       -0.0003786299   0.0002601275  -0.0001497205  -0.0002228578   0.0001054703
        0.0000609036  -0.0002158963  -0.0000274792   0.0000235182   0.0000251539
        0.0000113144  -0.0000628627  -0.0000132180   0.0000247113  -0.0000292113
        0.0000223858  -0.0000086864   0.0000374309  -0.0000029232   0.0000159137
       -0.0715804008   0.0013220001  -0.0782404162   0.0062063140  -0.0008731253
        0.0158915450   0.0007498821   0.0002789887  -0.0007826841  -0.0006295688
       -0.0003268576   0.0003102061   0.0000444793   0.0000992946  -0.0000610644
       -0.0146788911   0.0011741946  -0.0302829424   0.0817665164  -0.0001848457
        0.0907900959   0.0003717467  -0.0002765583  -0.0005345079  -0.0011038034
       -0.0022147070   0.0027732060   0.0004888706   0.0007487121   0.0001460747
       -0.0017394940   0.0004223507   0.0000673797  -0.0000258440  -0.0001571638
        0.0000105855   0.0000941101   0.0000134112  -0.0000575511   0.0000350062
       -0.0000180699  -0.0000078969   0.0000010767  -0.0000076245  -0.0000220300
        0.0011239328  -0.0442737468   0.0004647173   0.0053365022  -0.0012067601
        0.0186464678   0.0006415291   0.0001332269  -0.0006378451   0.0001209883
        0.0004435056  -0.0004100579   0.0000244704  -0.0001006916   0.0000069259
        0.0059078502   0.0001728068   0.0111635078  -0.0001848457   0.0487330422
       -0.0037705915  -0.0111869868  -0.0024669579  -0.0295993262  -0.0023967421
       -0.0019283495   0.0032530523   0.0005310336   0.0005317222   0.0007486176
        0.0002211199   0.0003772976   0.0000499328  -0.0001632799  -0.0003567029
        0.0001032505  -0.0000300458  -0.0000183184   0.0000352626   0.0000531089
       -0.0000450291  -0.0000491110   0.0000013649   0.0000049552  -0.0000048029
       -0.0787860181   0.0010476109  -0.2561747642  -0.0038958762   0.0038734467
       -0.0212440832  -0.0003651123  -0.0006376194   0.0002342309  -0.0003529491
        0.0003134383  -0.0000190200  -0.0001199526  -0.0000241914   0.0002470786
       -0.0035458110   0.0003508730  -0.0030388307   0.0907900959  -0.0037705915
        0.2963048913  -0.0063017880  -0.0033937713  -0.0156059136   0.0025210711
        0.0031772248  -0.0022010053  -0.0004672480  -0.0006034059   0.0007389688
        0.0004995776  -0.0004066942   0.0006756951   0.0001408422   0.0001023445
        0.0000804101  -0.0000877789  -0.0000137021   0.0000098853  -0.0000145198
       -0.0000202438  -0.0000493241  -0.0000145329   0.0000052813   0.0000417809
       -0.0435235362   0.0041383062   0.0001341381  -0.0012983689  -0.0182550322
       -0.0046690213   0.0018783586   0.0005611863  -0.0011857037  -0.0002963672
       -0.0002421333   0.0000583863  -0.0000419021   0.0000438085   0.0000211614
       -0.0026866301   0.0296119517   0.0116218920   0.0003717467  -0.0111869868
       -0.0063017880   0.0469334871  -0.0019446501  -0.0013706522   0.0002696318
        0.0003945613  -0.0004812173  -0.0017255644  -0.0032359082   0.0022812863
       -0.0000579731  -0.0001162796  -0.0001789083   0.0001420186   0.0001770372
        0.0000646269   0.0000502365   0.0000232709  -0.0000353621  -0.0000631850
        0.0000239135   0.0000228459   0.0000480478   0.0000069546   0.0000183161
        0.0034827239  -0.2514341076  -0.0845939383  -0.0032141062  -0.0227761756
       -0.0048360778   0.0007314691   0.0018316671  -0.0009652136  -0.0000584915
       -0.0002361061   0.0003915685   0.0000982623   0.0000830312  -0.0000086814
        0.0033377898  -0.0141579490  -0.0060062285  -0.0002765583  -0.0024669579
       -0.0033937713  -0.0019446501   0.2919146919   0.0968082584   0.0003906825
        0.0001569794  -0.0004396947  -0.0026685015  -0.0029400681   0.0030820729
       -0.0001590266  -0.0000273142  -0.0001032437   0.0002159402   0.0000375672
        0.0000710287   0.0000352950  -0.0000312040  -0.0000175752  -0.0000147114
        0.0000568074   0.0000180919   0.0000438829  -0.0000108618  -0.0000065959
        0.0004089813  -0.0850711369  -0.0787804423   0.0002149384   0.0157357086
        0.0062817390  -0.0014762283  -0.0004813871   0.0006330015  -0.0000151311
       -0.0002102394   0.0002624130   0.0000115876   0.0000224807  -0.0000406117
        0.0003766675  -0.0008308666   0.0002394966  -0.0005345079  -0.0295993262
       -0.0156059136  -0.0013706522   0.0968082584   0.0878856046   0.0000323798
        0.0005774290   0.0006274464   0.0025030024   0.0029794207  -0.0011117747
       -0.0001674466  -0.0001182988  -0.0002243683   0.0000045654   0.0001675959
       -0.0001677734   0.0000305006   0.0000105000  -0.0000203057  -0.0000083382
        0.0000165925   0.0000397325  -0.0000103188  -0.0000067307  -0.0000182440
        0.0045081729  -0.0025502244   0.0141175785  -0.0690481265   0.0047349319
       -0.0783356370  -0.0267370098   0.0038428106  -0.0288072350  -0.0054254004
        0.0040103374   0.0004342152  -0.0010541451   0.0001063611  -0.0011835679
        0.0003841170  -0.0002192447   0.0007471177  -0.0011038034  -0.0023967421
        0.0025210711   0.0002696318   0.0003906825   0.0000323798   0.0987727046
       -0.0070084845   0.0948310261  -0.0003072584  -0.0010692955  -0.0048144404
       -0.0001894132  -0.0001274487  -0.0000371910   0.0002206116   0.0002551316
        0.0004882796   0.0000892285   0.0000004256  -0.0000722624   0.0000721894
       -0.0000453970  -0.0000421924  -0.0004514991   0.0000761562   0.0001208582
        0.0047942310  -0.0020115502   0.0193814779   0.0022001133  -0.0447999052
        0.0084002915   0.0102893785  -0.0007229936   0.0113358476   0.0017009009
       -0.0003828264  -0.0006706703   0.0003788782   0.0001802232   0.0004884468
        0.0005509533   0.0004791201  -0.0003786299  -0.0022147070  -0.0019283495
        0.0031772248   0.0003945613   0.0001569794   0.0005774290  -0.0070084845
        0.0498997000  -0.0157385571  -0.0110939179  -0.0009293040  -0.0266671599
       -0.0000883509  -0.0000030721   0.0000505132   0.0000386684   0.0000917379
       -0.0000011885  -0.0000736993   0.0000002192   0.0000276466  -0.0000605169
        0.0000249983   0.0000448828   0.0001919915  -0.0000549771  -0.0000275545
       -0.0035682725   0.0043148986  -0.0214804552  -0.0818798685   0.0098065764
       -0.2356564927  -0.0054100634   0.0008813221   0.0016578786   0.0000097027
        0.0005556671   0.0012579273   0.0000359869   0.0000703936   0.0000013039
       -0.0001560760  -0.0003545506   0.0002601275   0.0027732060   0.0032530523
       -0.0022010053  -0.0004812173  -0.0004396947   0.0006274464   0.0948310261
       -0.0157385571   0.2708594219  -0.0065713516  -0.0024958991  -0.0158446430
        0.0001765754  -0.0001694455   0.0002130376   0.0002459461   0.0002953568
        0.0002635582  -0.0000130342  -0.0000282128   0.0000113463  -0.0000205206
        0.0000470109   0.0000048373   0.0000279608   0.0000020820   0.0000257111
       -0.0019811973  -0.0168550304  -0.0043417892  -0.0411560351  -0.0180671494
       -0.0117068004  -0.0153996989   0.0345612173   0.0150656870   0.0015005856
        0.0034415225   0.0031045701  -0.0000837871  -0.0000710624  -0.0000210238
        0.0000380811  -0.0002332064  -0.0001497205   0.0004888706   0.0005310336
       -0.0004672480  -0.0017255644  -0.0026685015   0.0025030024  -0.0003072584
       -0.0110939179  -0.0065713516   0.0581525783   0.0126347074   0.0033759023
       -0.0001468566  -0.0004597569  -0.0001238676   0.0003303005  -0.0015507476
       -0.0004998435   0.0000957185   0.0000808001  -0.0000125279   0.0000927966
       -0.0001821602  -0.0000724562   0.0001014667  -0.0000677481  -0.0000825332
       -0.0064638574  -0.0231887812  -0.0057682147  -0.0214777249  -0.2053184597
       -0.0730582533   0.0197862475  -0.0206474556  -0.0117933436  -0.0014710922
        0.0018563682  -0.0006174953  -0.0002203723   0.0002594012   0.0001647843
       -0.0000643834   0.0001568890  -0.0002228578   0.0007487121   0.0005317222
       -0.0006034059  -0.0032359082  -0.0029400681   0.0029794207  -0.0010692955
       -0.0009293040  -0.0024958991   0.0126347074   0.2504211817   0.0902558739
       -0.0000425163  -0.0004033073   0.0000680496   0.0011736753   0.0001148844
        0.0010054087  -0.0001108476  -0.0000398642   0.0000005077  -0.0001746676
        0.0001049835  -0.0000084412  -0.0000126770   0.0000218099   0.0000938661
        0.0027521341   0.0155938041   0.0054157113  -0.0115662903  -0.0750349271
       -0.0787917220   0.0080587328  -0.0110644260  -0.0038851365  -0.0003821480
        0.0032899814   0.0021838910  -0.0001588702   0.0000402430  -0.0000133176
       -0.0003396915  -0.0000128204   0.0001054703   0.0001460747   0.0007486176
        0.0007389688   0.0022812863   0.0030820729  -0.0011117747  -0.0048144404
       -0.0266671599  -0.0158446430   0.0033759023   0.0902558739   0.0909186897
       -0.0000297006  -0.0000184352  -0.0001699430   0.0007135769  -0.0002565658
        0.0005515807   0.0000650968  -0.0000346954  -0.0000550734  -0.0000841642
        0.0000491977  -0.0000709316  -0.0000174987   0.0000292394   0.0000282300
       -0.0008913243  -0.0004139466  -0.0000089757   0.0006912037   0.0007873583
       -0.0006234978   0.0028482338   0.0126138646  -0.0210241400  -0.0607267562
       -0.0449300286   0.0454997152  -0.0142515485  -0.0175810110   0.0207378186
        0.0003597655   0.0000886969   0.0000609036  -0.0017394940   0.0002211199
        0.0004995776  -0.0000579731  -0.0001590266  -0.0001674466  -0.0001894132
       -0.0000883509   0.0001765754  -0.0001468566  -0.0000425163  -0.0000297006
        0.0775397810   0.0494184149  -0.0484185571   0.0014312387  -0.0003875648
        0.0005638397  -0.0060830359   0.0013919846   0.0027674082   0.0009879116
       -0.0005693323  -0.0002459170   0.0002282675  -0.0003496621   0.0002123963
       -0.0001082438   0.0001324216   0.0000704273  -0.0009078847   0.0007323059
        0.0005400438   0.0060531028   0.0041987728   0.0063572019  -0.0456513586
       -0.1398511364   0.0899398738   0.0010382824   0.0040026653  -0.0029050108
       -0.0000102503   0.0000098696  -0.0002158963   0.0004223507   0.0003772976
       -0.0004066942  -0.0001162796  -0.0000273142  -0.0001182988  -0.0001274487
       -0.0000030721  -0.0001694455  -0.0004597569  -0.0004033073  -0.0000184352
        0.0494184149   0.1577872236  -0.1105394933  -0.0110707076  -0.0286441464
        0.0188738329   0.0011529597   0.0009936560  -0.0007291250   0.0006091797
        0.0006758114  -0.0004856524  -0.0002423600   0.0000189524  -0.0001933283
        0.0001098777  -0.0003612584   0.0008709267   0.0010974946   0.0000536074
        0.0003828155  -0.0083080708   0.0177289617  -0.0410711599   0.0477906009
        0.0905682695  -0.1272772426   0.0075258891   0.0075629263  -0.0078031767
        0.0000443341  -0.0001355346  -0.0000274792   0.0000673797   0.0000499328
        0.0006756951  -0.0001789083  -0.0001032437  -0.0002243683  -0.0000371910
        0.0000505132   0.0002130376  -0.0001238676   0.0000680496  -0.0001699430
       -0.0484185571  -0.1105394933   0.1682795624  -0.0015397483  -0.0047608643
        0.0063128493   0.0026500547  -0.0004346419  -0.0004265212  -0.0002898483
        0.0002202523  -0.0001718942  -0.0003894393   0.0000325232   0.0004368982
       -0.0003207232   0.0003198860   0.0000623476   0.0015646845  -0.0042296642
       -0.0022851572  -0.0075256179  -0.0163423188  -0.0175681751  -0.0406521990
        0.0047996215   0.0043541946  -0.0047857209   0.0263704703   0.0114984772
       -0.0000053146   0.0000429236   0.0000235182  -0.0000258440  -0.0001632799
        0.0001408422   0.0001420186   0.0002159402   0.0000045654   0.0002206116
        0.0000386684   0.0002459461   0.0003303005   0.0011736753   0.0007135769
        0.0014312387  -0.0110707076  -0.0015397483   0.0539101933  -0.0039606761
        0.0019530206   0.0009475461   0.0003915594  -0.0003008789  -0.0056559103
        0.0021698523   0.0025288652   0.0004247369   0.0002440496   0.0001686054
       -0.0002597315  -0.0002001378  -0.0001145421   0.0011002032   0.0028886720
        0.0013479177  -0.0075723956  -0.0033382021  -0.0149940697   0.0071250097
       -0.2182841452  -0.0621266124   0.0036981499  -0.0085583526  -0.0042803040
        0.0000039013   0.0000644358   0.0000251539  -0.0001571638  -0.0003567029
        0.0001023445   0.0001770372   0.0000375672   0.0001675959   0.0002551316
        0.0000917379   0.0002953568  -0.0015507476   0.0001148844  -0.0002565658
       -0.0003875648  -0.0286441464  -0.0047608643  -0.0039606761   0.2549139703
        0.0848859088  -0.0007071966   0.0007909726   0.0002126667   0.0022576852
        0.0004854403  -0.0007841471  -0.0000216422  -0.0000059935   0.0002801613
       -0.0000809995   0.0002014622   0.0001393180   0.0014169195  -0.0005584175
        0.0006963591  -0.0143883554  -0.0293252999  -0.0288273929   0.0060562900
       -0.0634790130  -0.0660071929   0.0027820922  -0.0105739498  -0.0034881661
        0.0000034471  -0.0000023613   0.0000113144   0.0000105855   0.0001032505
        0.0000804101   0.0000646269   0.0000710287  -0.0001677734   0.0004882796
       -0.0000011885   0.0002635582  -0.0004998435   0.0010054087   0.0005515807
        0.0005638397   0.0188738329   0.0063128493   0.0019530206   0.0848859088
        0.0905322074  -0.0001512903  -0.0004836953  -0.0001632992   0.0021915553
       -0.0010186521  -0.0002405360  -0.0004101677   0.0003016855   0.0003067634
       -0.0001007338   0.0001296591  -0.0001350476  -0.0001098544  -0.0002197385
        0.0002641405   0.0024775514   0.0003336713   0.0001600394  -0.0137253891
       -0.0185667952   0.0222048227  -0.0619979408  -0.0458229270   0.0471966155
        0.0000170889   0.0000363191  -0.0000628627   0.0000941101  -0.0000300458
       -0.0000877789   0.0000502365   0.0000352950   0.0000305006   0.0000892285
       -0.0000736993  -0.0000130342   0.0000957185  -0.0001108476   0.0000650968
       -0.0060830359   0.0011529597   0.0026500547   0.0009475461  -0.0007071966
       -0.0001512903   0.0724582657   0.0533974557  -0.0588198433   0.0003873280
       -0.0022336825   0.0008500955   0.0053998803   0.0126795726  -0.0141515088
        0.0000782993   0.0000306826  -0.0000323220   0.0002213605  -0.0001859323
       -0.0000509279  -0.0007606978   0.0001476233  -0.0005567732   0.0001891071
        0.0044600118  -0.0030546955  -0.0466019032  -0.1521677201   0.1120069167
        0.0000039653   0.0000195391  -0.0000132180   0.0000134112  -0.0000183184
       -0.0000137021   0.0000232709  -0.0000312040   0.0000105000   0.0000004256
        0.0000002192  -0.0000282128   0.0000808001  -0.0000398642  -0.0000346954
        0.0013919846   0.0009936560  -0.0004346419   0.0003915594   0.0007909726
       -0.0004836953   0.0533974557   0.1723154870  -0.1294822353  -0.0088018802
       -0.0258680543   0.0206828017   0.0003728415  -0.0004470982   0.0014849010
        0.0000452902  -0.0000717655   0.0000461389  -0.0005007613   0.0003269983
        0.0000254375  -0.0001108278  -0.0004748539   0.0006703899   0.0071810111
        0.0070903489  -0.0090135212   0.0478081801   0.1112795379  -0.1604671976
        0.0000081536  -0.0000241334   0.0000247113  -0.0000575511   0.0000352626
        0.0000098853  -0.0000353621  -0.0000175752  -0.0000203057  -0.0000722624
        0.0000276466   0.0000113463  -0.0000125279   0.0000005077  -0.0000550734
        0.0027674082  -0.0007291250  -0.0004265212  -0.0003008789   0.0002126667
       -0.0001632992  -0.0588198433  -0.1294822353   0.1831630984  -0.0030954944
       -0.0070521683   0.0078647570   0.0051954660   0.0188788880  -0.0216698463
        0.0000842116  -0.0000763774  -0.0000229219  -0.0002063164   0.0002162825
        0.0000164898   0.0021312657  -0.0008306320   0.0007579817  -0.0037814212
        0.0277676673   0.0128653187  -0.0422152354  -0.0035580835  -0.0013057607
        0.0000731444  -0.0000078045  -0.0000292113   0.0000350062   0.0000531089
       -0.0000145198  -0.0000631850  -0.0000147114  -0.0000083382   0.0000721894
       -0.0000605169  -0.0000205206   0.0000927966  -0.0001746676  -0.0000841642
        0.0009879116   0.0006091797  -0.0002898483  -0.0056559103   0.0022576852
        0.0021915553   0.0003873280  -0.0088018802  -0.0030954944   0.0487050317
        0.0011848577  -0.0015949511  -0.0006468171  -0.0185641078  -0.0093656149
       -0.0001577339   0.0000805110   0.0000710898  -0.0004325702   0.0001099930
        0.0001269632   0.0001338696   0.0002910706   0.0003680486   0.0043511588
       -0.0096550290  -0.0054783080  -0.0026717821  -0.2489529940  -0.0897076618
       -0.0000517433  -0.0000304939   0.0000223858  -0.0000180699  -0.0000450291
       -0.0000202438   0.0000239135   0.0000568074   0.0000165925  -0.0000453970
        0.0000249983   0.0000470109  -0.0001821602   0.0001049835   0.0000491977
       -0.0005693323   0.0006758114   0.0002202523   0.0021698523   0.0004854403
       -0.0010186521  -0.0022336825  -0.0258680543  -0.0070521683   0.0011848577
        0.2859529195   0.1050928689  -0.0015011805  -0.0032309348  -0.0027373756
       -0.0000210735   0.0000356638   0.0000303176  -0.0004045375   0.0001512289
        0.0001337023   0.0000819067   0.0004068273   0.0001398113   0.0025091807
       -0.0109422557  -0.0047104730  -0.0008518031  -0.0891829647  -0.0838105219
       -0.0000175371   0.0000071481  -0.0000086864  -0.0000078969  -0.0000491110
       -0.0000493241   0.0000228459   0.0000180919   0.0000397325  -0.0000421924
        0.0000448828   0.0000048373  -0.0000724562  -0.0000084412  -0.0000709316
       -0.0002459170  -0.0004856524  -0.0001718942   0.0025288652  -0.0007841471
       -0.0002405360   0.0008500955   0.0206828017   0.0078647570  -0.0015949511
        0.1050928689   0.0936686286  -0.0027345293  -0.0249869411  -0.0128194194
       -0.0001618996   0.0000073738   0.0000195083  -0.0010512107  -0.0003628562
       -0.0014466730  -0.0075158180   0.0023714970   0.0023017513  -0.0196783109
       -0.0004856985  -0.0218480536  -0.1360301897  -0.0045257847  -0.1193458753
       -0.0000043292  -0.0000069946   0.0000374309   0.0000010767   0.0000013649
       -0.0000145329   0.0000480478   0.0000438829  -0.0000103188  -0.0004514991
        0.0001919915   0.0000279608   0.0001014667  -0.0000126770  -0.0000174987
        0.0002282675  -0.0002423600  -0.0003894393   0.0004247369  -0.0000216422
       -0.0004101677   0.0053998803   0.0003728415   0.0051954660  -0.0006468171
       -0.0015011805  -0.0027345293   0.1593365985   0.0041702421   0.1386349714
        0.0000377614   0.0000038863  -0.0000182468   0.0003216638   0.0002510281
        0.0002513391   0.0018145681  -0.0000888363  -0.0002910707   0.0043770811
        0.0002609088   0.0048908169  -0.0047487023  -0.0426893732  -0.0051719784
        0.0000097954   0.0000017813  -0.0000029232  -0.0000076245   0.0000049552
        0.0000052813   0.0000069546  -0.0000108618  -0.0000067307   0.0000761562
       -0.0000549771   0.0000020820  -0.0000677481   0.0000218099   0.0000292394
       -0.0003496621   0.0000189524   0.0000325232   0.0002440496  -0.0000059935
        0.0003016855   0.0126795726  -0.0004470982   0.0188788880  -0.0185641078
       -0.0032309348  -0.0249869411   0.0041702421   0.0459647529   0.0060860355
       -0.0000783115  -0.0000123615   0.0000481131   0.0007262601  -0.0001529949
        0.0002226778   0.0011041457  -0.0002077403   0.0007707196   0.0035332551
        0.0003017106   0.0050245178  -0.1207927536  -0.0048946829  -0.1934492403
       -0.0000260563  -0.0000092374   0.0000159137  -0.0000220300  -0.0000048029
        0.0000417809   0.0000183161  -0.0000065959  -0.0000182440   0.0001208582
       -0.0000275545   0.0000257111  -0.0000825332   0.0000938661   0.0000282300
        0.0002123963  -0.0001933283   0.0004368982   0.0001686054   0.0002801613
        0.0003067634  -0.0141515088   0.0014849010  -0.0216698463  -0.0093656149
       -0.0027373756  -0.0128194194   0.1386349714   0.0060860355   0.2210354244
