           1           2   1.00961887022164     
           2           3  0.976131722226781     
           3           4  0.971347653994721     
           4           5   1.01575415521408     
           1           6  0.984106957996045     
           1           7  0.985760671586474     
           1           8  0.986293655744606     
           2           9  0.970621008999237     
           2          10  0.968191089858752     
           4          11  0.969590478584355     
           4          12  0.968990575580925     
           5          13  0.985984020505953     
           5          14  0.985574094372042     
           5          15  0.983888048890955     
