           1           2   1.00978274683190     
           2           3  0.973457090339425     
           3           4  0.973777575714116     
           4           5   1.01557288556642     
           1           6  0.988235383452671     
           1           7  0.988295817687457     
           1           8  0.981923573902351     
           2           9  0.971284643330512     
           2          10  0.971308483028392     
           4          11  0.968728540876649     
           4          12  0.968732354114351     
           5          13  0.983766405432724     
           5          14  0.985491273172534     
           5          15  0.985485214492723     
