$hessian                                                                        
        0.5254557627   0.0169576505  -0.0040546755  -0.0706970129   0.0240986526
       -0.0048132615  -0.0077841776   0.0237928368  -0.0095270619   0.0003079072
       -0.0010465840   0.0003450729  -0.0020368594   0.0006383180  -0.0000491190
       -0.0479579297   0.0139065233   0.0220757714  -0.2137763155   0.0043196991
       -0.1069692989  -0.1838137262  -0.0683474101   0.0993008891   0.0000221738
        0.0039751372  -0.0003003449   0.0032791582  -0.0210329503   0.0064543835
       -0.0039476183   0.0017722170  -0.0031073377   0.0008539416   0.0004710729
        0.0009455126  -0.0001088840   0.0001946674  -0.0000507583   0.0000928141
        0.0000930826   0.0000541886   0.0001107660   0.0002070873  -0.0003039603
        0.0169576505   0.4665859929   0.0136588417   0.0224744647  -0.1914214431
        0.0323008536   0.0061238077  -0.0058818627   0.0047803708  -0.0005516602
       -0.0004665782  -0.0003301989   0.0004919964   0.0011643264   0.0002298865
        0.0142082209  -0.1148672299  -0.1092204959   0.0047823453  -0.0417588175
        0.0027144882  -0.0694722888  -0.0760749792   0.0475379163   0.0048614626
       -0.0226772762   0.0023044888   0.0003867143  -0.0167727506   0.0066121434
        0.0004439646   0.0008720292  -0.0000444061  -0.0009014121   0.0011268203
       -0.0005207525  -0.0000234758   0.0001813312   0.0001048979  -0.0000246574
        0.0001095997   0.0000151544   0.0002428672  -0.0001191621  -0.0001431884
       -0.0040546755   0.0136588417   0.5176979828  -0.0040157591   0.0318120136
       -0.0757811586  -0.0063153112   0.0144689219  -0.0064075036   0.0005886619
       -0.0002650896   0.0000292859  -0.0008994388   0.0001258861   0.0000729833
        0.0221035337  -0.1084457585  -0.2069950566  -0.1073448856   0.0021578453
       -0.1122099772   0.1009676591   0.0477070472  -0.1157639493   0.0040629848
       -0.0233193796   0.0050643225  -0.0014107519   0.0195744707  -0.0054141415
       -0.0032591554   0.0011734677  -0.0013728478   0.0000324544   0.0012388550
        0.0008248224  -0.0001528132   0.0000678500   0.0001819760  -0.0001003665
        0.0000187825   0.0001052209  -0.0002021369   0.0000262458  -0.0000319592
       -0.0706970129   0.0224744647  -0.0040157591   0.4828973637   0.0095070960
       -0.0317510373  -0.1552011310   0.0087923152  -0.0573571159  -0.0293327589
        0.0015557980  -0.0078348730   0.0003939857   0.0001509290  -0.0001189258
       -0.0006940674   0.0049377098  -0.0004646280  -0.0073999341   0.0252812015
       -0.0083500318   0.0040496248  -0.0215143009   0.0061924634  -0.0447059383
        0.0067311157   0.0135359948  -0.1678790741  -0.0580814287   0.0983145316
       -0.0056508428   0.0022919881  -0.0041009274  -0.0033097321  -0.0013147486
       -0.0043625184   0.0012037109  -0.0000756687  -0.0015962505  -0.0041022896
       -0.0006552608   0.0020505689   0.0004280961  -0.0000812104  -0.0001414917
        0.0240986526  -0.1914214431   0.0318120136   0.0095070960   0.4834355479
        0.0152632518   0.0057418942  -0.0665500781   0.0031026891  -0.0037554634
       -0.0000255607  -0.0023642253   0.0003918548   0.0009862370  -0.0000985324
        0.0045462007  -0.0228873508   0.0013960647   0.0023785168  -0.0042071656
        0.0019408485  -0.0001325331  -0.0157019803   0.0065917398   0.0065696183
       -0.1125679836  -0.1046471359  -0.0577154979  -0.0679919126   0.0417682641
        0.0231624083  -0.0050261471   0.0167073948  -0.0155574542   0.0009651948
       -0.0116642306   0.0009264474   0.0003199393   0.0001345068  -0.0002765486
        0.0008901483   0.0000537569   0.0001148081  -0.0002174454   0.0000035941
       -0.0048132615   0.0323008536  -0.0757811586  -0.0317510373   0.0152632518
        0.5168917172  -0.0557508213   0.0043409575  -0.1029692674   0.0104331571
       -0.0022405817   0.0081617777  -0.0001286693  -0.0002968494   0.0003796105
        0.0047927056  -0.0240196627   0.0051596875  -0.0050831152   0.0162761522
       -0.0051029421  -0.0019168921   0.0181626221  -0.0055516677   0.0135683809
       -0.1041003217  -0.1985781213   0.0977629702   0.0417837831  -0.1197441245
       -0.0116887877   0.0030589923  -0.0073915715  -0.0210968223  -0.0007191028
       -0.0156454563   0.0017505200   0.0003073912   0.0013221206   0.0040650979
       -0.0001697589  -0.0009854480  -0.0001434249   0.0000522735  -0.0001651560
       -0.0077841776   0.0061238077  -0.0063153112  -0.1552011310   0.0057418942
       -0.0557508213   0.4522591098  -0.0001326963   0.0034824943  -0.1474715401
       -0.0079985903   0.0548488922  -0.0054970915  -0.0093399987   0.0067913377
        0.0004479578  -0.0006095750   0.0001277651   0.0006493192   0.0012411883
       -0.0002838634   0.0005807002  -0.0002463611   0.0002888482  -0.0026877408
       -0.0011718856  -0.0038881362  -0.0261848951   0.0003962175  -0.0118749499
       -0.0399075936   0.0078286975  -0.0031642803  -0.0420112726  -0.0014313864
       -0.0016373542  -0.0012093103   0.0007540007   0.0033898125  -0.0265342736
       -0.0007417943   0.0136917928   0.0005519393  -0.0004135182   0.0002937737
        0.0237928368  -0.0058818627   0.0144689219   0.0087923152  -0.0665500781
        0.0043409575  -0.0001326963   0.5428380891   0.0133770501  -0.0062888862
       -0.0652376759   0.0029858280  -0.0296456836  -0.0106894882   0.0208010080
        0.0006210397   0.0007974613   0.0009392336   0.0023715442  -0.0054697451
        0.0023664488   0.0002211228   0.0010265551  -0.0001301668  -0.0140732886
        0.0007598052  -0.0104754621  -0.0078139434   0.0005577031  -0.0038526793
        0.0089563974  -0.2384936190   0.0815348885  -0.0023384533  -0.1513716044
       -0.1152402483   0.0110788813   0.0020715426  -0.0093656045   0.0063715855
        0.0009571665  -0.0038089512  -0.0019127715  -0.0053142495   0.0020587757
       -0.0095270619   0.0047803708  -0.0064075036  -0.0573571159   0.0031026891
       -0.1029692674   0.0034824943   0.0133770501   0.4878280994   0.0570464475
        0.0043528200  -0.1068198774   0.0081074752   0.0073408320  -0.0037127028
        0.0009839647  -0.0006486176   0.0007667317  -0.0005249843   0.0017412824
        0.0000132055  -0.0002061286  -0.0002381408   0.0002658916  -0.0231687210
       -0.0009494909  -0.0175976867   0.0131784095   0.0001419094   0.0071201901
       -0.0031892395   0.0820374423  -0.0783364804  -0.0019943148  -0.1161481658
       -0.1672859447   0.0228344170  -0.0002646012  -0.0193556353  -0.0105625085
        0.0002372711   0.0067996162   0.0008968663   0.0011373491  -0.0003086361
        0.0003079072  -0.0005516602   0.0005886619  -0.0293327589  -0.0037554634
        0.0104331571  -0.1474715401  -0.0062888862   0.0570464475   0.4731289045
       -0.0107495429   0.0179296895  -0.0661038211   0.0025072175   0.0102217663
       -0.0001653579   0.0001485997  -0.0000717647   0.0002915453   0.0000700220
       -0.0000129280   0.0002746191   0.0005159435  -0.0002649078   0.0009771449
        0.0003179298   0.0011576530  -0.0046622754   0.0006824543  -0.0021985407
       -0.0020168222  -0.0007260726   0.0014938544  -0.0026871270   0.0006998589
        0.0046076695  -0.0462605978  -0.0073155993  -0.0191030723  -0.1719059663
        0.0535702367  -0.0847740320  -0.0043738544  -0.0291250377   0.0029463465
       -0.0010465840  -0.0004665782  -0.0002650896   0.0015557980  -0.0000255607
       -0.0022405817  -0.0079985903  -0.0652376759   0.0043528200  -0.0107495429
        0.4248250849   0.0174364634  -0.0158896906  -0.2086080325   0.0252440125
        0.0002440390   0.0001129276  -0.0002605739  -0.0002853690   0.0000977110
       -0.0001119096   0.0009735361  -0.0003180368   0.0009575964  -0.0012275593
        0.0005422668   0.0002034409   0.0003054571   0.0008747334   0.0000259325
       -0.0213628515  -0.0071199324   0.0179031512   0.0155846941   0.0016537926
       -0.0131889427  -0.0079364687  -0.0798966652  -0.0830395051   0.0523105750
       -0.0572005705   0.0297571116  -0.0044774428  -0.0092334640   0.0032260739
        0.0003450729  -0.0003301989   0.0000292859  -0.0078348730  -0.0023642253
        0.0081617777   0.0548488922   0.0029858280  -0.1068198774   0.0179296895
        0.0174364634   0.4868237026   0.0119264262   0.0142244579  -0.0558073354
        0.0001097154   0.0000601621  -0.0001159849  -0.0000542032   0.0000825932
       -0.0000641772  -0.0004972595   0.0004115042   0.0000837543  -0.0017755275
       -0.0001167701   0.0011383426  -0.0036577449  -0.0002268020  -0.0007107739
        0.0100087686   0.0034304376  -0.0074510108   0.0214840916   0.0002720585
       -0.0181111965  -0.0195262233  -0.0839259426  -0.2021415207  -0.0841155415
        0.0303120310  -0.0988942600   0.0008087165   0.0177484030  -0.0061207262
       -0.0020368594   0.0004919964  -0.0008994388   0.0003939857   0.0003918548
       -0.0001286693  -0.0054970915  -0.0296456836   0.0081074752  -0.0661038211
       -0.0158896906   0.0119264262   0.3938451570   0.0385838492  -0.2066938233
       -0.0001020297  -0.0000008034   0.0002780829  -0.0005797463  -0.0002853171
        0.0001026031  -0.0018690837   0.0000616160  -0.0000490538   0.0001764386
       -0.0000684728  -0.0000503576  -0.0000868209  -0.0000669408   0.0002441420
       -0.0046336158  -0.0025378745   0.0041660082   0.0012707199   0.0004780852
       -0.0010586402   0.0018615781  -0.0077982061  -0.0003346371   0.0052887487
        0.0225758739  -0.0027075976  -0.3219275595  -0.0062902867   0.1870974801
        0.0006383180   0.0011643264   0.0001258861   0.0001509290   0.0009862370
       -0.0002968494  -0.0093399987  -0.0106894882   0.0073408320   0.0025072175
       -0.2086080325   0.0142244579   0.0385838492   0.3381447802  -0.0543760732
       -0.0001463684  -0.0000745818   0.0001375641  -0.0000351832  -0.0001906182
        0.0001559049   0.0002402941  -0.0000209967  -0.0005140944   0.0004919401
       -0.0004033222   0.0000426311   0.0000320801  -0.0001856194   0.0000762363
       -0.0014184498   0.0002604455   0.0008170885   0.0011265524   0.0013402538
       -0.0003855467  -0.0065673782  -0.0445833077  -0.0046876042   0.0063618681
       -0.0394711251   0.0145954008  -0.0326256701  -0.0376689512   0.0227441664
       -0.0000491190   0.0002298865   0.0000729833  -0.0001189258  -0.0000985324
        0.0003796105   0.0067913377   0.0208010080  -0.0037127028   0.0102217663
        0.0252440125  -0.0558073354  -0.2066938233  -0.0543760732   0.1677032938
       -0.0002886939  -0.0000302494   0.0000716005  -0.0000611492  -0.0000331032
        0.0001066142   0.0002127076  -0.0006553382   0.0001947910   0.0002606774
        0.0003175048   0.0001469637  -0.0000575065  -0.0001187485   0.0001149799
        0.0037712141   0.0015668620  -0.0025710283  -0.0020001396   0.0000113571
        0.0012525086  -0.0014628517  -0.0239056203   0.0077284575  -0.0006493697
        0.0235661410  -0.0023461747   0.1901238756   0.0074808934  -0.1133345619
       -0.0479579297   0.0142082209   0.0221035337  -0.0006940674   0.0045462007
        0.0047927056   0.0004479578   0.0006210397   0.0009839647  -0.0001653579
        0.0002440390   0.0001097154  -0.0001020297  -0.0001463684  -0.0002886939
        0.0511932477  -0.0177106038  -0.0252309445   0.0011010116  -0.0150390002
       -0.0250820247  -0.0043729646   0.0126852700   0.0239378741   0.0004688488
        0.0014874835  -0.0003313361   0.0001990167  -0.0006940920  -0.0003365719
       -0.0000190048  -0.0001822276  -0.0000666922  -0.0002419159   0.0001871116
       -0.0004938284   0.0000430993  -0.0001305640  -0.0001195660  -0.0000064708
       -0.0000579208  -0.0000088606   0.0001065587  -0.0000185888   0.0000307249
        0.0139065233  -0.1148672299  -0.1084457585   0.0049377098  -0.0228873508
       -0.0240196627  -0.0006095750   0.0007974613  -0.0006486176   0.0001485997
        0.0001129276   0.0000601621  -0.0000008034  -0.0000745818  -0.0000302494
       -0.0177106038   0.1372992900   0.1267401013  -0.0009715948  -0.0001366170
       -0.0024360498  -0.0010175494   0.0060791316   0.0077514086   0.0015327416
       -0.0073422287   0.0011270353  -0.0000966863   0.0006893757  -0.0007092551
       -0.0002543351   0.0002283678  -0.0000800083   0.0005292677   0.0001665115
        0.0004708282  -0.0001495383  -0.0000793180   0.0001119395  -0.0000613845
       -0.0000355614   0.0000077545  -0.0001827714   0.0000498220   0.0001003720
        0.0220757714  -0.1092204959  -0.2069950566  -0.0004646280   0.0013960647
        0.0051596875   0.0001277651   0.0009392336   0.0007667317  -0.0000717647
       -0.0002605739  -0.0001159849   0.0002780829   0.0001375641   0.0000716005
       -0.0252309445   0.1267401013   0.2383178004  -0.0004888109  -0.0110514537
       -0.0192042632   0.0047455967  -0.0101510049  -0.0197976022  -0.0005216125
        0.0010901222   0.0008574870  -0.0003006026   0.0002345476   0.0007241410
       -0.0000383348   0.0000806073  -0.0000150386   0.0001271936  -0.0000301598
        0.0001765796  -0.0000546970   0.0000561828  -0.0000296908   0.0000400401
        0.0000286307   0.0000292948  -0.0002230547   0.0000106340   0.0000543139
       -0.2137763155   0.0047823453  -0.1073448856  -0.0073999341   0.0023785168
       -0.0050831152   0.0006493192   0.0023715442  -0.0005249843   0.0002915453
       -0.0002853690  -0.0000542032  -0.0005797463  -0.0000351832  -0.0000611492
        0.0011010116  -0.0009715948  -0.0004888109   0.2465630423  -0.0069405576
        0.1264214140  -0.0266575179  -0.0015545778  -0.0131357828  -0.0000892165
       -0.0000510551   0.0002690354   0.0005169731  -0.0002941857   0.0000233280
       -0.0006075899   0.0003236838  -0.0004059267   0.0001529742   0.0000726572
        0.0003208660  -0.0000154370   0.0000038786   0.0000414871   0.0000026510
        0.0000673733   0.0000095991  -0.0001517596   0.0001325240   0.0000131286
        0.0043196991  -0.0417588175   0.0021578453   0.0252812015  -0.0042071656
        0.0162761522   0.0012411883  -0.0054697451   0.0017412824   0.0000700220
        0.0000977110   0.0000825932  -0.0002853171  -0.0001906182  -0.0000331032
       -0.0150390002  -0.0001366170  -0.0110514537  -0.0069405576   0.0504629700
       -0.0044607418  -0.0104437210   0.0005619585  -0.0059082397   0.0004097144
        0.0006129227   0.0002022470   0.0002399369   0.0005938815   0.0000068587
        0.0013879751  -0.0004849103   0.0010348622  -0.0001559022  -0.0001599205
       -0.0000510295  -0.0000247645  -0.0000311153   0.0000489904   0.0000191748
        0.0000450688  -0.0000818198  -0.0000796495   0.0000643970   0.0000355564
       -0.1069692989   0.0027144882  -0.1122099772  -0.0083500318   0.0019408485
       -0.0051029421  -0.0002838634   0.0023664488   0.0000132055  -0.0000129280
       -0.0001119096  -0.0000641772   0.0001026031   0.0001559049   0.0001066142
       -0.0250820247  -0.0024360498  -0.0192042632   0.1264214140  -0.0044607418
        0.1276259461   0.0142648722  -0.0001010686   0.0086673657   0.0003321997
       -0.0003804847   0.0005160129  -0.0001445569  -0.0000834913  -0.0003161626
       -0.0005470697   0.0003177287  -0.0002459981   0.0002310030   0.0000580943
        0.0002030662  -0.0000091292   0.0000364384   0.0000180100  -0.0000369232
       -0.0000083948   0.0000277817   0.0000837338  -0.0000078110  -0.0000344818
       -0.1838137262  -0.0694722888   0.1009676591   0.0040496248  -0.0001325331
       -0.0019168921   0.0005807002   0.0002211228  -0.0002061286   0.0002746191
        0.0009735361  -0.0004972595  -0.0018690837   0.0002402941   0.0002127076
       -0.0043729646  -0.0010175494   0.0047455967  -0.0266575179  -0.0104437210
        0.0142648722   0.2116143147   0.0788827626  -0.1165866367   0.0001200348
       -0.0000367599  -0.0002296727   0.0009659697   0.0012129200  -0.0008140851
       -0.0001464578   0.0000458020  -0.0000022770   0.0000127930  -0.0000307505
        0.0000671738   0.0000364476  -0.0000775644  -0.0000125531   0.0000466832
       -0.0002358393   0.0000948842  -0.0008414368  -0.0001294313  -0.0000873888
       -0.0683474101  -0.0760749792   0.0477070472  -0.0215143009  -0.0157019803
        0.0181626221  -0.0002463611   0.0010265551  -0.0002381408   0.0005159435
       -0.0003180368   0.0004115042   0.0000616160  -0.0000209967  -0.0006553382
        0.0126852700   0.0060791316  -0.0101510049  -0.0015545778   0.0005619585
       -0.0001010686   0.0788827626   0.0906649337  -0.0575439914  -0.0005514291
        0.0005694915   0.0001634828   0.0005294567  -0.0068650299   0.0025089967
       -0.0001810942   0.0002411807  -0.0002058359   0.0000165337  -0.0000379956
        0.0000248759   0.0001222527  -0.0003682548  -0.0001649802  -0.0002484222
       -0.0001180784  -0.0001515923  -0.0001702400   0.0003621006   0.0002334235
        0.0993008891   0.0475379163  -0.1157639493   0.0061924634   0.0065917398
       -0.0055516677   0.0002888482  -0.0001301668   0.0002658916  -0.0002649078
        0.0009575964   0.0000837543  -0.0000490538  -0.0005140944   0.0001947910
        0.0239378741   0.0077514086  -0.0197976022  -0.0131357828  -0.0059082397
        0.0086673657  -0.1165866367  -0.0575439914   0.1316256637  -0.0002666041
       -0.0005916968   0.0004562396  -0.0001984379   0.0026154648   0.0001845712
        0.0000839641  -0.0002738856   0.0000105584   0.0001387355   0.0000129320
       -0.0004146554  -0.0000194768  -0.0001769235  -0.0000387605   0.0001055596
       -0.0000921624   0.0000358566   0.0004725659  -0.0002358973   0.0000419431
        0.0000221738   0.0048614626   0.0040629848  -0.0447059383   0.0065696183
        0.0135683809  -0.0026877408  -0.0140732886  -0.0231687210   0.0009771449
       -0.0012275593  -0.0017755275   0.0001764386   0.0004919401   0.0002606774
        0.0004688488   0.0015327416  -0.0005216125  -0.0000892165   0.0004097144
        0.0003321997   0.0001200348  -0.0005514291  -0.0002666041   0.0537734007
       -0.0102232637  -0.0121193894  -0.0033453933   0.0121626743   0.0227393351
        0.0002562739  -0.0001620689   0.0001182201  -0.0044958902   0.0000105806
       -0.0038385364  -0.0006502456   0.0001919630   0.0005548598   0.0003124222
        0.0000370920   0.0001111539  -0.0001323131  -0.0000301773  -0.0000574208
        0.0039751372  -0.0226772762  -0.0233193796   0.0067311157  -0.1125679836
       -0.1041003217  -0.0011718856   0.0007598052  -0.0009494909   0.0003179298
        0.0005422668  -0.0001167701  -0.0000684728  -0.0004033222   0.0003175048
        0.0014874835  -0.0073422287   0.0010901222  -0.0000510551   0.0006129227
       -0.0003804847  -0.0000367599   0.0005694915  -0.0005916968  -0.0102232637
        0.1342823381   0.1213701881  -0.0007708796   0.0054366448   0.0068495663
        0.0000774556   0.0001404399   0.0002087505   0.0000048616   0.0005162796
       -0.0005336036  -0.0003590704   0.0001113446   0.0001089146   0.0001018092
        0.0000277921   0.0001522349  -0.0000144055  -0.0000085147  -0.0001055338
       -0.0003003449   0.0023044888   0.0050643225   0.0135359948  -0.1046471359
       -0.1985781213  -0.0038881362  -0.0104754621  -0.0175976867   0.0011576530
        0.0002034409   0.0011383426  -0.0000503576   0.0000426311   0.0001469637
       -0.0003313361   0.0011270353   0.0008574870   0.0002690354   0.0002022470
        0.0005160129  -0.0002296727   0.0001634828   0.0004562396  -0.0121193894
        0.1213701881   0.2310084494   0.0051941639  -0.0110256334  -0.0209640937
        0.0001732442   0.0000433324  -0.0002695974  -0.0035216472   0.0005096938
       -0.0023277059  -0.0003688085  -0.0000148860   0.0006293500   0.0003921525
        0.0001421246  -0.0000101315   0.0000874489   0.0000544527  -0.0000698310
        0.0032791582   0.0003867143  -0.0014107519  -0.1678790741  -0.0577154979
        0.0977629702  -0.0261848951  -0.0078139434   0.0131784095  -0.0046622754
        0.0003054571  -0.0036577449  -0.0000868209   0.0000320801  -0.0000575065
        0.0001990167  -0.0000966863  -0.0003006026   0.0005169731   0.0002399369
       -0.0001445569   0.0009659697   0.0005294567  -0.0001984379  -0.0033453933
       -0.0007708796   0.0051941639   0.1983962335   0.0649664912  -0.1114292699
        0.0000788005   0.0001244345   0.0006641514   0.0001641275  -0.0002102781
        0.0002024885   0.0002005011  -0.0000706049  -0.0004514293  -0.0017472463
        0.0000787144   0.0006092368   0.0001049248   0.0000146049   0.0000388795
       -0.0210329503  -0.0167727506   0.0195744707  -0.0580814287  -0.0679919126
        0.0417837831   0.0003962175   0.0005577031   0.0001419094   0.0006824543
        0.0008747334  -0.0002268020  -0.0000669408  -0.0001856194  -0.0001187485
       -0.0006940920   0.0006893757   0.0002345476  -0.0002941857   0.0005938815
       -0.0000834913   0.0012129200  -0.0068650299   0.0026154648   0.0121626743
        0.0054366448  -0.0110256334   0.0649664912   0.0833035265  -0.0529158661
        0.0010626819   0.0004660527  -0.0001273548  -0.0002672527  -0.0002168284
       -0.0000454830  -0.0000252258  -0.0000002770   0.0000745232  -0.0000580636
        0.0000470114   0.0001170040   0.0000367004   0.0000634887   0.0000016762
        0.0064543835   0.0066121434  -0.0054141415   0.0983145316   0.0417682641
       -0.1197441245  -0.0118749499  -0.0038526793   0.0071201901  -0.0021985407
        0.0000259325  -0.0007107739   0.0002441420   0.0000762363   0.0001149799
       -0.0003365719  -0.0007092551   0.0007241410   0.0000233280   0.0000068587
       -0.0003161626  -0.0008140851   0.0025089967   0.0001845712   0.0227393351
        0.0068495663  -0.0209640937  -0.1114292699  -0.0529158661   0.1376390403
       -0.0002948933  -0.0004308975   0.0007020738  -0.0001227042   0.0000313244
        0.0001760921  -0.0001081033   0.0000672050   0.0000049212  -0.0004583631
        0.0000672224   0.0004191901  -0.0001382386  -0.0001050518   0.0000640967
       -0.0039476183   0.0004439646  -0.0032591554  -0.0056508428   0.0231624083
       -0.0116887877  -0.0399075936   0.0089563974  -0.0031892395  -0.0020168222
       -0.0213628515   0.0100087686  -0.0046336158  -0.0014184498   0.0037712141
       -0.0000190048  -0.0002543351  -0.0000383348  -0.0006075899   0.0013879751
       -0.0005470697  -0.0001464578  -0.0001810942   0.0000839641   0.0002562739
        0.0000774556   0.0001732442   0.0000788005   0.0010626819  -0.0002948933
        0.0559356279  -0.0093762100   0.0041189852   0.0011477818   0.0002164449
       -0.0000700827  -0.0000658148   0.0000722311  -0.0001068685  -0.0000719224
       -0.0015184106   0.0005237301  -0.0003512016  -0.0012682079   0.0005145253
        0.0017722170   0.0008720292   0.0011734677   0.0022919881  -0.0050261471
        0.0030589923   0.0078286975  -0.2384936190   0.0820374423  -0.0007260726
       -0.0071199324   0.0034304376  -0.0025378745   0.0002604455   0.0015668620
       -0.0001822276   0.0002283678   0.0000806073   0.0003236838  -0.0004849103
        0.0003177287   0.0000458020   0.0002411807  -0.0002738856  -0.0001620689
        0.0001404399   0.0000433324   0.0001244345   0.0004660527  -0.0004308975
       -0.0093762100   0.2748556564  -0.0971189162   0.0007408784  -0.0260599809
        0.0063700500   0.0000279440   0.0000478301   0.0000305327  -0.0001952837
        0.0004457682  -0.0004615722   0.0000240919  -0.0003731807   0.0001758184
       -0.0031073377  -0.0000444061  -0.0013728478  -0.0041009274   0.0167073948
       -0.0073915715  -0.0031642803   0.0815348885  -0.0783364804   0.0014938544
        0.0179031512  -0.0074510108   0.0041660082   0.0008170885  -0.0025710283
       -0.0000666922  -0.0000800083  -0.0000150386  -0.0004059267   0.0010348622
       -0.0002459981  -0.0000022770  -0.0002058359   0.0000105584   0.0001182201
        0.0002087505  -0.0002695974   0.0006641514  -0.0001273548   0.0007020738
        0.0041189852  -0.0971189162   0.0887336678   0.0006875808  -0.0216331201
        0.0078650862   0.0000440056  -0.0000821406  -0.0003656766  -0.0005126601
        0.0001518020   0.0007275722   0.0000672957   0.0009338442  -0.0000197090
        0.0008539416  -0.0009014121   0.0000324544  -0.0033097321  -0.0155574542
       -0.0210968223  -0.0420112726  -0.0023384533  -0.0019943148  -0.0026871270
        0.0155846941   0.0214840916   0.0012707199   0.0011265524  -0.0020001396
       -0.0002419159   0.0005292677   0.0001271936   0.0001529742  -0.0001559022
        0.0002310030   0.0000127930   0.0000165337   0.0001387355  -0.0044958902
        0.0000048616  -0.0035216472   0.0001641275  -0.0002672527  -0.0001227042
        0.0011477818   0.0007408784   0.0006875808   0.0527627829   0.0012557935
        0.0024502759  -0.0041015160  -0.0005292959   0.0033587606   0.0001739178
        0.0002362825   0.0001973396   0.0003084152   0.0002549064   0.0000281931
        0.0004710729   0.0011268203   0.0012388550  -0.0013147486   0.0009651948
       -0.0007191028  -0.0014313864  -0.1513716044  -0.1161481658   0.0006998589
        0.0016537926   0.0002720585   0.0004780852   0.0013402538   0.0000113571
        0.0001871116   0.0001665115  -0.0000301598   0.0000726572  -0.0001599205
        0.0000580943  -0.0000307505  -0.0000379956   0.0000129320   0.0000105806
        0.0005162796   0.0005096938  -0.0002102781  -0.0002168284   0.0000313244
        0.0002164449  -0.0260599809  -0.0216331201   0.0012557935   0.1720954626
        0.1352590235  -0.0002603332   0.0003658547   0.0008411808   0.0002103330
       -0.0002935848   0.0000642160  -0.0003544412  -0.0000902552   0.0002318133
        0.0009455126  -0.0005207525   0.0008248224  -0.0043625184  -0.0116642306
       -0.0156454563  -0.0016373542  -0.1152402483  -0.1672859447   0.0046076695
       -0.0131889427  -0.0181111965  -0.0010586402  -0.0003855467   0.0012525086
       -0.0004938284   0.0004708282   0.0001765796   0.0003208660  -0.0000510295
        0.0002030662   0.0000671738   0.0000248759  -0.0004146554  -0.0038385364
       -0.0005336036  -0.0023277059   0.0002024885  -0.0000454830   0.0001760921
       -0.0000700827   0.0063700500   0.0078650862   0.0024502759   0.1352590235
        0.1954930664   0.0039868308  -0.0001382903  -0.0026423461  -0.0002694938
       -0.0001686881   0.0000205358  -0.0008503630  -0.0001879624   0.0004155478
       -0.0001088840  -0.0000234758  -0.0001528132   0.0012037109   0.0009264474
        0.0017505200  -0.0012093103   0.0110788813   0.0228344170  -0.0462605978
       -0.0079364687  -0.0195262233   0.0018615781  -0.0065673782  -0.0014628517
        0.0000430993  -0.0001495383  -0.0000546970  -0.0000154370  -0.0000247645
       -0.0000091292   0.0000364476   0.0001222527  -0.0000194768  -0.0006502456
       -0.0003590704  -0.0003688085   0.0002005011  -0.0000252258  -0.0001081033
       -0.0000658148   0.0000279440   0.0000440056  -0.0041015160  -0.0002603332
        0.0039868308   0.0541758688   0.0138189368   0.0198260303  -0.0052934147
       -0.0094243712  -0.0258795835   0.0001840142  -0.0012038361  -0.0008601173
        0.0001946674   0.0001813312   0.0000678500  -0.0000756687   0.0003199393
        0.0003073912   0.0007540007   0.0020715426  -0.0002646012  -0.0073155993
       -0.0798966652  -0.0839259426  -0.0077982061  -0.0445833077  -0.0239056203
       -0.0001305640  -0.0000793180   0.0000561828   0.0000038786  -0.0000311153
        0.0000364384  -0.0000775644  -0.0003682548  -0.0001769235   0.0001919630
        0.0001113446  -0.0000148860  -0.0000706049  -0.0000002770   0.0000672050
        0.0000722311   0.0000478301  -0.0000821406  -0.0005292959   0.0003658547
       -0.0001382903   0.0138189368   0.1162768677   0.1023442935   0.0009921971
        0.0053003712   0.0058421726  -0.0000303713   0.0002838567  -0.0002131291
       -0.0000507583   0.0001048979   0.0001819760  -0.0015962505   0.0001345068
        0.0013221206   0.0033898125  -0.0093656045  -0.0193556353  -0.0191030723
       -0.0830395051  -0.2021415207  -0.0003346371  -0.0046876042   0.0077284575
       -0.0001195660   0.0001119395  -0.0000296908   0.0000414871   0.0000489904
        0.0000180100  -0.0000125531  -0.0001649802  -0.0000387605   0.0005548598
        0.0001089146   0.0006293500  -0.0004514293   0.0000745232   0.0000049212
       -0.0001068685   0.0000305327  -0.0003656766   0.0033587606   0.0008411808
       -0.0026423461   0.0198260303   0.1023442935   0.2338667084  -0.0060308772
       -0.0074848689  -0.0206939522   0.0006350619   0.0009427835   0.0015160384
        0.0000928141  -0.0000246574  -0.0001003665  -0.0041022896  -0.0002765486
        0.0040650979  -0.0265342736   0.0063715855  -0.0105625085  -0.1719059663
        0.0523105750  -0.0841155415   0.0052887487   0.0063618681  -0.0006493697
       -0.0000064708  -0.0000613845   0.0000400401   0.0000026510   0.0000191748
       -0.0000369232   0.0000466832  -0.0002484222   0.0001055596   0.0003124222
        0.0001018092   0.0003921525  -0.0017472463  -0.0000580636  -0.0004583631
       -0.0000719224  -0.0001952837  -0.0005126601   0.0001739178   0.0002103330
       -0.0002694938  -0.0052934147   0.0009921971  -0.0060308772   0.2019451148
       -0.0641963492   0.0964261619   0.0017992319  -0.0013068334   0.0017070914
        0.0000930826   0.0001095997   0.0000187825  -0.0006552608   0.0008901483
       -0.0001697589  -0.0007417943   0.0009571665   0.0002372711   0.0535702367
       -0.0572005705   0.0303120310   0.0225758739  -0.0394711251   0.0235661410
       -0.0000579208  -0.0000355614   0.0000286307   0.0000673733   0.0000450688
       -0.0000083948  -0.0002358393  -0.0001180784  -0.0000921624   0.0000370920
        0.0000277921   0.0001421246   0.0000787144   0.0000470114   0.0000672224
       -0.0015184106   0.0004457682   0.0001518020   0.0002362825  -0.0002935848
       -0.0001686881  -0.0094243712   0.0053003712  -0.0074848689  -0.0641963492
        0.0888689014  -0.0467815706   0.0001712907   0.0004270926   0.0001814384
        0.0000541886   0.0000151544   0.0001052209   0.0020505689   0.0000537569
       -0.0009854480   0.0136917928  -0.0038089512   0.0067996162  -0.0847740320
        0.0297571116  -0.0988942600  -0.0027075976   0.0145954008  -0.0023461747
       -0.0000088606   0.0000077545   0.0000292948   0.0000095991  -0.0000818198
        0.0000277817   0.0000948842  -0.0001515923   0.0000358566   0.0001111539
        0.0001522349  -0.0000101315   0.0006092368   0.0001170040   0.0004191901
        0.0005237301  -0.0004615722   0.0007275722   0.0001973396   0.0000642160
        0.0000205358  -0.0258795835   0.0058421726  -0.0206939522   0.0964261619
       -0.0467815706   0.1143930432  -0.0003985822   0.0006807004   0.0003718549
        0.0001107660   0.0002428672  -0.0002021369   0.0004280961   0.0001148081
       -0.0001434249   0.0005519393  -0.0019127715   0.0008968663  -0.0043738544
       -0.0044774428   0.0008087165  -0.3219275595  -0.0326256701   0.1901238756
        0.0001065587  -0.0001827714  -0.0002230547  -0.0001517596  -0.0000796495
        0.0000837338  -0.0008414368  -0.0001702400   0.0004725659  -0.0001323131
       -0.0000144055   0.0000874489   0.0001049248   0.0000367004  -0.0001382386
       -0.0003512016   0.0000240919   0.0000672957   0.0003084152  -0.0003544412
       -0.0008503630   0.0001840142  -0.0000303713   0.0006350619   0.0017992319
        0.0001712907  -0.0003985822   0.3241841789   0.0392580051  -0.1912197643
        0.0002070873  -0.0001191621   0.0000262458  -0.0000812104  -0.0002174454
        0.0000522735  -0.0004135182  -0.0053142495   0.0011373491  -0.0291250377
       -0.0092334640   0.0177484030  -0.0062902867  -0.0376689512   0.0074808934
       -0.0000185888   0.0000498220   0.0000106340   0.0001325240   0.0000643970
       -0.0000078110  -0.0001294313   0.0003621006  -0.0002358973  -0.0000301773
       -0.0000085147   0.0000544527   0.0000146049   0.0000634887  -0.0001050518
       -0.0012682079  -0.0003731807   0.0009338442   0.0002549064  -0.0000902552
       -0.0001879624  -0.0012038361   0.0002838567   0.0009427835  -0.0013068334
        0.0004270926   0.0006807004   0.0392580051   0.0517744653  -0.0285308570
       -0.0003039603  -0.0001431884  -0.0000319592  -0.0001414917   0.0000035941
       -0.0001651560   0.0002937737   0.0020587757  -0.0003086361   0.0029463465
        0.0032260739  -0.0061207262   0.1870974801   0.0227441664  -0.1133345619
        0.0000307249   0.0001003720   0.0000543139   0.0000131286   0.0000355564
       -0.0000344818  -0.0000873888   0.0002334235   0.0000419431  -0.0000574208
       -0.0001055338  -0.0000698310   0.0000388795   0.0000016762   0.0000640967
        0.0005145253   0.0001758184  -0.0000197090   0.0000281931   0.0002318133
        0.0004155478  -0.0008601173  -0.0002131291   0.0015160384   0.0017070914
        0.0001814384   0.0003718549  -0.1912197643  -0.0285308570   0.1176212664
