           1           2   1.02076841075427     
           2           3   1.00845027509548     
           3           4   1.00526505360500     
           4           5  0.990608149940765     
           1           6  0.987988858812453     
           1           7  0.987474293211990     
           1           8  0.984475217290108     
           2           9  0.977442995401056     
           2          10  0.978328082436914     
           3          11  0.976329395736553     
           3          12  0.974539075549719     
           4          13  0.970545337231970     
           4          14  0.973059195774810     
           5          15  0.859845283513162     
