           1           2   1.01955772910687     
           2           3   1.00866980766710     
           3           4   1.00509619850101     
           4           5  0.990808299822720     
           1           6  0.987551915947659     
           1           7  0.987787473773069     
           1           8  0.987080222281136     
           2           9  0.978247432776085     
           2          10  0.977653257425509     
           3          11  0.975729213716789     
           3          12  0.975923858898127     
           4          13  0.971999242805558     
           4          14  0.971604957628216     
           5          15  0.858238339008554     
