           1           2   1.01056693223846     
           2           3  0.972773563255823     
           3           4  0.972784063269636     
           4           5   1.01058356793286     
           1           6  0.984998036967785     
           1           7  0.986494460599851     
           1           8  0.983938128448372     
           2           9  0.971036733062622     
           2          10  0.968754108628910     
           4          11  0.971043530578217     
           4          12  0.968739147360802     
           5          13  0.985020112247416     
           5          14  0.986482253371738     
           5          15  0.983927185232968     
