           1           2   1.01564721576460     
           2           3  0.973629875972035     
           3           4  0.973630435874649     
           4           5   1.01564925151334     
           1           6  0.985478783874728     
           1           7  0.983740466203456     
           1           8  0.985475136745325     
           2           9  0.968852293945828     
           2          10  0.968850276473932     
           4          11  0.968852755339684     
           4          12  0.968847147677051     
           5          13  0.985477458698166     
           5          14  0.985474081947202     
           5          15  0.983739444075004     
