           1           2   1.01032700140594     
           2           3  0.972957940201675     
           3           4  0.972959064410288     
           4           5   1.01032388776484     
           1           6  0.984002441339064     
           1           7  0.984148575952252     
           1           8  0.986693753565986     
           2           9  0.971298182951256     
           2          10  0.969233743955727     
           4          11  0.971298010969470     
           4          12  0.969232055010755     
           5          13  0.984150780875234     
           5          14  0.986693460019346     
           5          15  0.984002387268408     
