           1           2   1.02075243499984     
           2           3   1.00840434143082     
           3           4   1.00531549524794     
           4           5  0.990545796049822     
           1           6  0.988056036211218     
           1           7  0.987491378546837     
           1           8  0.984308057791324     
           2           9  0.977414766134884     
           2          10  0.978389762291071     
           3          11  0.976346877117237     
           3          12  0.974536805177766     
           4          13  0.970540412116721     
           4          14  0.973034695302877     
           5          15  0.859795252597647     
