           1           2   1.01957339028441     
           2           3   1.00758208855282     
           3           4   1.00454721438004     
           4           5  0.990085465637858     
           1           6  0.987575523105617     
           1           7  0.986758316988916     
           1           8  0.987581866777561     
           2           9  0.978122948615917     
           2          10  0.978158143087519     
           3          11  0.976293059414728     
           3          12  0.976298820569880     
           4          13  0.972037450190644     
           4          14  0.972112542737340     
           5          15  0.856118396698305     
