           1           2   1.01053271741276     
           2           3  0.972831326689764     
           3           4  0.972822957361726     
           4           5   1.01052271782106     
           1           6  0.986515820248776     
           1           7  0.984916770711676     
           1           8  0.983922516382404     
           2           9  0.968742559958421     
           2          10  0.971037716224759     
           4          11  0.968717976619383     
           4          12  0.971052273028012     
           5          13  0.983927102469363     
           5          14  0.986514888822921     
           5          15  0.984921443550333     
