           1           2   1.44105794949572     
           2           3   1.43802633816366     
           1           4  0.105809333049919     
           3           4   1.40776103905445     
           2           5  0.113009665497269     
           4           5   1.40785427417009     
           1           6   1.44111746951406     
           3           6  0.113026850752816     
           5           6   1.43800261326825     
           4           7  0.911689678549444     
           7           8   1.19917727148738     
           7           9  0.195755368552239     
           8           9   1.75504805333091     
           1          10  0.967767908711259     
           2          11  0.967309867323935     
           3          12  0.966838730413233     
           5          13  0.966901011161394     
           6          14  0.967319088400302     
           8          15  0.914611044288275     
