           1           2   1.01938460702972     
           2           3   1.00719027823375     
           3           4  0.998430257143812     
           4           5  0.992705242668582     
           1           6  0.986799154524293     
           1           7  0.987460370960264     
           1           8  0.987566312736038     
           2           9  0.978087695458989     
           2          10  0.978411982589800     
           3          11  0.976653340793602     
           3          12  0.975728889548375     
           4          13  0.971097106077977     
           4          14  0.973843407438459     
           5          15  0.860480958532665     
