$hessian                                                                        
        0.4912125718  -0.0206477900  -0.0338624473  -0.1024224721  -0.0269490943
       -0.0494168552  -0.0279837136  -0.0249638438  -0.0066225494   0.0006202922
       -0.0005171584  -0.0005158392  -0.0002334526   0.0000806849   0.0000428945
       -0.1887552710  -0.0671612625   0.1005866310  -0.0982930707   0.0888441679
        0.0511625540  -0.0699227571   0.0523470501  -0.0545522577   0.0067272372
        0.0044623802   0.0076005638  -0.0097820964  -0.0051759114  -0.0141178695
        0.0000878661  -0.0000487401  -0.0001926549  -0.0010650271  -0.0003631459
        0.0000274142  -0.0001100005   0.0000498783  -0.0000176103  -0.0000616410
       -0.0000433936  -0.0000643946  -0.0000184650   0.0000861786  -0.0000575793
       -0.0206477900   0.5100749161  -0.0243746794  -0.0280591453  -0.0912420357
       -0.0394084584  -0.0230471414  -0.0133721189  -0.0047165730   0.0003916556
       -0.0001130794   0.0003592646  -0.0000806721  -0.0003657064  -0.0000790438
       -0.0669771145  -0.0735349384   0.0472600002   0.0881688162  -0.1824978314
       -0.0792618939   0.0522898383  -0.1440776103   0.1071537650  -0.0118847821
       -0.0133464245  -0.0182209594   0.0096768708   0.0073546853   0.0113263274
        0.0001306656   0.0000694392  -0.0001269492   0.0000599506   0.0007435712
        0.0001175753  -0.0000276513   0.0001353087  -0.0000904086   0.0000300040
        0.0002248382   0.0000801961  -0.0000235044  -0.0000530137  -0.0000181628
       -0.0338624473  -0.0243746794   0.4980556265  -0.0489574726  -0.0394813587
       -0.1226290621   0.0091319827   0.0078271759   0.0116549486   0.0003868593
        0.0002290537   0.0007504548   0.0000429842   0.0000790181  -0.0004028706
        0.0999995055   0.0468308363  -0.1094236502   0.0511137118  -0.0800334735
       -0.0904086769  -0.0539663062   0.1077197759  -0.1593810285  -0.0091160387
       -0.0107498062  -0.0123889605  -0.0149388658  -0.0084343346  -0.0168182068
        0.0000912263   0.0000910780   0.0001652961  -0.0000583964   0.0004172069
        0.0004932174  -0.0000100356  -0.0000482027   0.0001355968  -0.0000385032
       -0.0001093794   0.0000613034   0.0001817959   0.0000370898   0.0001360120
       -0.1024224721  -0.0280591453  -0.0489574726   0.4383089662  -0.0635094091
        0.0075744005  -0.1126298909  -0.0419375929   0.0450568479  -0.0285533356
       -0.0060208224   0.0171985181   0.0006203410  -0.0003913422   0.0003872402
       -0.0161678985  -0.0120467982  -0.0123549047   0.0092807770   0.0052981215
        0.0075441875  -0.0092672536  -0.0040228758  -0.0103308917  -0.0960284429
        0.0867194976   0.0523535033  -0.0802813853   0.0623531839  -0.0592652689
       -0.0028572479   0.0022289279   0.0020484864   0.0010102134  -0.0004439367
       -0.0014869604   0.0002005382  -0.0002490589  -0.0002298860  -0.0008675257
       -0.0000113150   0.0003789927  -0.0003453832   0.0000925656   0.0000832076
       -0.0269490943  -0.0912420357  -0.0394813587  -0.0635094091   0.4977784487
        0.0151617007  -0.0552588389  -0.1301237647   0.0384625673   0.0060462307
        0.0175450451  -0.0028858804   0.0005164512  -0.0001138103  -0.0002281099
       -0.0081430443  -0.0058961144  -0.0060370320  -0.0131507791  -0.0137893451
       -0.0172235207   0.0105415835   0.0089323205   0.0117600364   0.0829106729
       -0.1577627690  -0.0766320577   0.0626258096  -0.1261823473   0.0805166244
        0.0029312272  -0.0003262777  -0.0024602768   0.0001117727   0.0012428996
       -0.0007143485   0.0007257198  -0.0000710224  -0.0000105451   0.0004552467
       -0.0001751243  -0.0003646393   0.0001464513   0.0001838971   0.0001368403
       -0.0494168552  -0.0394084584  -0.1226290621   0.0075744005   0.0151617007
        0.4569562093   0.0419058696   0.0292954681  -0.0738707581   0.0171920559
        0.0028433704  -0.0173829509  -0.0005164392  -0.0003582412   0.0007511076
        0.0092432588   0.0064218027   0.0076513522  -0.0082736788  -0.0104223445
       -0.0114044322  -0.0168923566  -0.0087760551  -0.0175586724   0.0538094620
       -0.0788261481  -0.0952596743  -0.0584064068   0.0838592985  -0.1263926668
        0.0037787317  -0.0017624480  -0.0014487524   0.0008846874   0.0013126442
        0.0007151849  -0.0004658661   0.0003646505  -0.0002196272  -0.0000869730
        0.0005186965   0.0003760746  -0.0003298901  -0.0002239362  -0.0002833323
       -0.0279837136  -0.0230471414   0.0091319827  -0.1126298909  -0.0552588389
        0.0419058696   0.3267875605  -0.0000882425  -0.1491775591  -0.1126182568
        0.0553062914   0.0418379911  -0.0279775295   0.0230595716   0.0091044606
       -0.0049405871  -0.0041480424  -0.0036968889   0.0005542406   0.0003913748
        0.0005078687   0.0017682450   0.0014045139   0.0011989531  -0.0243887715
       -0.0080596785   0.0185578869   0.0042161848  -0.0065206150   0.0070413108
       -0.0243889956   0.0080844626   0.0185493995   0.0042194812   0.0065259927
        0.0070310388  -0.0049395821   0.0041440418  -0.0037011968   0.0005541028
       -0.0003908972   0.0005082818   0.0017675123  -0.0014027928   0.0012006013
       -0.0249638438  -0.0133721189   0.0078271759  -0.0419375929  -0.1301237647
        0.0292954681  -0.0000882425   0.3142871702  -0.0000684035   0.0419888660
       -0.1302166497  -0.0292343153   0.0249582518  -0.0133820209  -0.0077996970
       -0.0035310578  -0.0029170849  -0.0033761923   0.0008728258   0.0001066154
        0.0004604401   0.0012852515   0.0009806079   0.0003631366   0.0130660267
        0.0102565150  -0.0090202391  -0.0217663469  -0.0219995375   0.0229680197
       -0.0130420737   0.0102613039   0.0089924761   0.0217856675  -0.0220546022
       -0.0229637660   0.0035285201  -0.0029118190   0.0033790123  -0.0008724367
        0.0001056569  -0.0004604909  -0.0012838150   0.0009797285  -0.0003626247
       -0.0066225494  -0.0047165730   0.0116549486   0.0450568479   0.0384625673
       -0.0738707581  -0.1491775591  -0.0000684035   0.1816950273   0.0450033928
       -0.0384019847  -0.0737935903  -0.0066506820   0.0047460919   0.0116585550
       -0.0024424520  -0.0019577085  -0.0008668248   0.0003981219   0.0005739946
        0.0002795828   0.0010210638  -0.0000632244   0.0017243774   0.0179728010
        0.0069067598  -0.0121091284   0.0192532295   0.0214148134  -0.0177224740
        0.0179866501  -0.0069343485  -0.0121111796   0.0192257537  -0.0214122830
       -0.0176713743  -0.0024462165   0.0019603720  -0.0008727725   0.0003990378
       -0.0005738378   0.0002809640   0.0010225603   0.0000637646   0.0017246471
        0.0006202922   0.0003916556   0.0003868593  -0.0285533356   0.0060462307
        0.0171920559  -0.1126182568   0.0419888660   0.0450033928   0.4383257054
        0.0635242348   0.0074999598  -0.1024151277   0.0280043257  -0.0489845025
        0.0002005050   0.0002486454  -0.0002301757  -0.0008675112   0.0000118222
        0.0003789446  -0.0003454306  -0.0000923868   0.0000833461  -0.0028578695
       -0.0022263990   0.0020514333   0.0010102919   0.0004421255  -0.0014874262
       -0.0960507284  -0.0866678084   0.0524625651  -0.0802968850  -0.0624263315
       -0.0592040003  -0.0161654229   0.0120341218  -0.0123677529   0.0092819497
       -0.0052925276   0.0075525218  -0.0092681766   0.0040134255  -0.0103372210
       -0.0005171584  -0.0001130794   0.0002290537  -0.0060208224   0.0175450451
        0.0028433704   0.0553062914  -0.1302166497  -0.0384019847   0.0635242348
        0.4977291706  -0.0152110478   0.0268937483  -0.0911586968   0.0394518942
       -0.0007263065  -0.0000712471   0.0000103650  -0.0004551906  -0.0001752760
        0.0003653165  -0.0001467047   0.0001839510  -0.0001375076  -0.0029264760
       -0.0003203889   0.0024584744  -0.0001108267   0.0012424132   0.0007139524
       -0.0828573919  -0.1575630594   0.0766961936  -0.0626979401  -0.1263540486
       -0.0805089435   0.0081552378  -0.0058995264   0.0060545210   0.0131379935
       -0.0137584665   0.0172254975  -0.0105586885   0.0089298589  -0.0117891553
       -0.0005158392   0.0003592646   0.0007504548   0.0171985181  -0.0028858804
       -0.0173829509   0.0418379911  -0.0292343153  -0.0737935903   0.0074999598
       -0.0152110478   0.4569926526  -0.0494425843   0.0393789366  -0.1227199547
       -0.0004650498  -0.0003648219  -0.0002192038  -0.0000864808  -0.0005180437
        0.0003762554  -0.0003297008   0.0002234597  -0.0002833941   0.0037824036
        0.0017607364  -0.0014536112   0.0008846435  -0.0013134143   0.0007158940
        0.0539143163   0.0788903488  -0.0954367728  -0.0583450792  -0.0838517858
       -0.1262055665   0.0092333015  -0.0064075034   0.0076513796  -0.0082874005
        0.0104262869  -0.0114363600  -0.0168789992   0.0087477796  -0.0175552321
       -0.0002334526  -0.0000806721   0.0000429842   0.0006203410   0.0005164512
       -0.0005164392  -0.0279775295   0.0249582518  -0.0066506820  -0.1024151277
        0.0268937483  -0.0494425843   0.4912184025   0.0206109731  -0.0338828223
       -0.0001099980  -0.0000498683  -0.0000175222  -0.0000616298   0.0000433361
       -0.0000644489  -0.0000184919  -0.0000862949  -0.0000574778   0.0000878669
        0.0000485483  -0.0001927468  -0.0010650718   0.0003634904   0.0000269867
        0.0067281175  -0.0044562695   0.0076081417  -0.0097825164   0.0051619596
       -0.0141251810  -0.1887355068   0.0672931900   0.1005025345  -0.0983173883
       -0.0887963076   0.0512760926  -0.0699380151  -0.0524205364  -0.0545068352
        0.0000806849  -0.0003657064   0.0000790181  -0.0003913422  -0.0001138103
       -0.0003582412   0.0230595716  -0.0133820209   0.0047460919   0.0280043257
       -0.0911586968   0.0393789366   0.0206109731   0.5101265617   0.0243654266
        0.0000276842   0.0001355096   0.0000904154  -0.0000300104   0.0002249101
       -0.0000803537   0.0000236721  -0.0000530602   0.0000184353  -0.0001305234
        0.0000695531   0.0001271066  -0.0000597983   0.0007429723  -0.0001178357
        0.0118717492  -0.0133141189   0.0182210918  -0.0096916673   0.0073516037
       -0.0113522387   0.0671083432  -0.0736625561  -0.0473153650  -0.0881210399
       -0.1822897115   0.0793608800  -0.0523626225  -0.1443114292  -0.1071633678
        0.0000428945  -0.0000790438  -0.0004028706   0.0003872402  -0.0002281099
        0.0007511076   0.0091044606  -0.0077996970   0.0116585550  -0.0489845025
        0.0394518942  -0.1227199547  -0.0338828223   0.0243654266   0.4980006869
       -0.0000100593   0.0000482072   0.0001354067  -0.0000384524   0.0001091630
        0.0000613288   0.0001818022  -0.0000369074   0.0001359684   0.0000913454
       -0.0000909688   0.0001652046  -0.0000583363  -0.0004174851   0.0004938346
       -0.0091281053   0.0107519488  -0.0124222421  -0.0149265711   0.0084086653
       -0.0168148461   0.0999156382  -0.0468861350  -0.1093161370   0.0512265023
        0.0801324882  -0.0905933471  -0.0539210343  -0.1077294463  -0.1591326950
       -0.1887552710  -0.0669771145   0.0999995055  -0.0161678985  -0.0081430443
        0.0092432588  -0.0049405871  -0.0035310578  -0.0024424520   0.0002005050
       -0.0007263065  -0.0004650498  -0.0001099980   0.0000276842  -0.0000100593
        0.2174631384   0.0799422903  -0.1152498930  -0.0159588344  -0.0040071492
        0.0123186448   0.0072658987   0.0028171368  -0.0038403944   0.0005616485
        0.0000970008   0.0005391006  -0.0001280074   0.0002594938   0.0000431610
        0.0000760376   0.0000672750  -0.0000462698   0.0004567611   0.0001811394
       -0.0001123453   0.0000424128   0.0000144389  -0.0000100020  -0.0000376472
       -0.0000206590   0.0000405946   0.0000318415  -0.0000011278  -0.0000077999
       -0.0671612625  -0.0735349384   0.0468308363  -0.0120467982  -0.0058961144
        0.0064218027  -0.0041480424  -0.0029170849  -0.0019577085   0.0002486454
       -0.0000712471  -0.0003648219  -0.0000498683   0.0001355096   0.0000482072
        0.0799422903   0.0840455870  -0.0525351034   0.0195359912   0.0074299604
       -0.0134658901  -0.0161929022  -0.0092440830   0.0142594170  -0.0004208042
       -0.0001110199   0.0004894538   0.0002084411   0.0001712385   0.0001284099
        0.0000533044   0.0000977255   0.0000827749   0.0000349609  -0.0001048306
        0.0000842296  -0.0000144427   0.0000107930   0.0000052529  -0.0000174410
        0.0000068839  -0.0000405997   0.0000279283  -0.0000183795   0.0000137394
        0.1005866310   0.0472600002  -0.1094236502  -0.0123549047  -0.0060370320
        0.0076513522  -0.0036968889  -0.0033761923  -0.0008668248  -0.0002301757
        0.0000103650  -0.0002192038  -0.0000175222   0.0000904154   0.0001354067
       -0.1152498930  -0.0525351034   0.1254432680   0.0136938822   0.0039289456
       -0.0091971144   0.0178057948   0.0105501907  -0.0146155940  -0.0004967126
        0.0000319503   0.0007128016  -0.0000806202  -0.0001320959   0.0002050306
       -0.0000226992   0.0000596632   0.0000565002   0.0000169522   0.0001784195
        0.0000824835  -0.0000100087  -0.0000052773   0.0000034440   0.0000117088
       -0.0000214973  -0.0000190003   0.0000444562  -0.0000027515   0.0000511008
       -0.0982930707   0.0881688162   0.0511137118   0.0092807770  -0.0131507791
       -0.0082736788   0.0005542406   0.0008728258   0.0003981219  -0.0008675112
       -0.0004551906  -0.0000864808  -0.0000616298  -0.0000300104  -0.0000384524
       -0.0159588344   0.0195359912   0.0136938822   0.1135674965  -0.1017165925
       -0.0590685034  -0.0064246561   0.0103962368   0.0040998026  -0.0013399114
       -0.0025746389  -0.0027961249   0.0008336650  -0.0005284239   0.0003750909
        0.0001883359   0.0001222726   0.0000384480  -0.0014719799  -0.0007895319
        0.0006703704  -0.0000376416   0.0000174749   0.0000116903  -0.0000326112
        0.0000623620  -0.0001600087   0.0000633314   0.0000691878   0.0000221307
        0.0888441679  -0.1824978314  -0.0800334735   0.0052981215  -0.0137893451
       -0.0104223445   0.0003913748   0.0001066154   0.0005739946   0.0000118222
       -0.0001752760  -0.0005180437   0.0000433361   0.0002249101   0.0001091630
       -0.0040071492   0.0074299604   0.0039289456  -0.1017165925   0.2086990845
        0.0951589422   0.0140456897  -0.0200821887  -0.0076233615  -0.0022699452
       -0.0011170642  -0.0028033422   0.0003888994   0.0007190886   0.0007983445
        0.0001360119   0.0001293654   0.0001050989  -0.0012164504   0.0003463848
        0.0007052916   0.0000207254   0.0000069550   0.0000214434  -0.0000625758
        0.0000422779  -0.0000833479   0.0000925642  -0.0000429366   0.0000826895
        0.0511625540  -0.0792618939  -0.0904086769   0.0075441875  -0.0172235207
       -0.0114044322   0.0005078687   0.0004604401   0.0002795828   0.0003789446
        0.0003653165   0.0003762554  -0.0000644489  -0.0000803537   0.0000613288
        0.0123186448  -0.0134658901  -0.0091971144  -0.0590685034   0.0951589422
        0.1040636891  -0.0110361502   0.0168371397   0.0087351981  -0.0028688541
       -0.0028603319  -0.0028504830   0.0007629112  -0.0003701499   0.0002720372
        0.0000058958   0.0000505421  -0.0000635619   0.0004378761   0.0002017192
        0.0004419337   0.0000405722   0.0000405621  -0.0000189986  -0.0001599545
        0.0000830285  -0.0002199436   0.0000384564   0.0000644498  -0.0000668145
       -0.0699227571   0.0522898383  -0.0539663062  -0.0092672536   0.0105415835
       -0.0168923566   0.0017682450   0.0012852515   0.0010210638  -0.0003454306
       -0.0001467047  -0.0003297008  -0.0000184919   0.0000236721   0.0001818022
        0.0072658987  -0.0161929022   0.0178057948  -0.0064246561   0.0140456897
       -0.0110361502   0.0788253681  -0.0602718595   0.0663025286   0.0004225490
        0.0003489282   0.0005714859  -0.0022690853  -0.0020971718  -0.0037169976
       -0.0000283965  -0.0000220257  -0.0000323549  -0.0002076794   0.0003049852
       -0.0000551804   0.0000318394  -0.0000279215   0.0000445023   0.0000632810
       -0.0000925623   0.0000385682   0.0001065692   0.0000111989   0.0000633010
        0.0523470501  -0.1440776103   0.1077197759  -0.0040228758   0.0089323205
       -0.0087760551   0.0014045139   0.0009806079  -0.0000632244  -0.0000923868
        0.0001839510   0.0002234597  -0.0000862949  -0.0000530602  -0.0000369074
        0.0028171368  -0.0092440830   0.0105501907   0.0103962368  -0.0200821887
        0.0168371397  -0.0602718595   0.1632111702  -0.1240033141  -0.0003122917
        0.0006249631  -0.0001769404  -0.0023700240  -0.0002806946  -0.0021600414
        0.0000002469   0.0000118084  -0.0000336269   0.0002698227  -0.0002012486
        0.0000188366   0.0000011150  -0.0000184769   0.0000028430  -0.0000691940
       -0.0000431749  -0.0000644623  -0.0000111955   0.0000557161  -0.0000376734
       -0.0545522577   0.1071537650  -0.1593810285  -0.0103308917   0.0117600364
       -0.0175586724   0.0011989531   0.0003631366   0.0017243774   0.0000833461
       -0.0001375076  -0.0002833941  -0.0000574778   0.0000184353   0.0001359684
       -0.0038403944   0.0142594170  -0.0146155940   0.0040998026  -0.0076233615
        0.0087351981   0.0663025286  -0.1240033141   0.1844301381   0.0001293790
        0.0006020903  -0.0000060363  -0.0030782826  -0.0023526476  -0.0031136436
        0.0000455247   0.0000083157  -0.0000087043  -0.0000779403   0.0000104047
       -0.0000085033  -0.0000078023  -0.0000136501   0.0000511027   0.0000222311
       -0.0000827353  -0.0000666999   0.0000632817   0.0000376152  -0.0000345084
        0.0067272372  -0.0118847821  -0.0091160387  -0.0960284429   0.0829106729
        0.0538094620  -0.0243887715   0.0130660267   0.0179728010  -0.0028578695
       -0.0029264760   0.0037824036   0.0000878669  -0.0001305234   0.0000913454
        0.0005616485  -0.0004208042  -0.0004967126  -0.0013399114  -0.0022699452
       -0.0028688541   0.0004225490  -0.0003122917   0.0001293790   0.1256590005
       -0.0917615249  -0.0693326171  -0.0080344434   0.0136947522   0.0055201799
       -0.0010093126   0.0004914024   0.0007240620  -0.0000354826  -0.0002670596
       -0.0002442824   0.0000760418  -0.0000532556  -0.0000226707   0.0001883425
       -0.0001360402   0.0000059542  -0.0000284525  -0.0000001513   0.0000455886
        0.0044623802  -0.0133464245  -0.0107498062   0.0867194976  -0.1577627690
       -0.0788261481  -0.0080596785   0.0102565150   0.0069067598  -0.0022263990
       -0.0003203889   0.0017607364   0.0000485483   0.0000695531  -0.0000909688
        0.0000970008  -0.0001110199   0.0000319503  -0.0025746389  -0.0011170642
       -0.0028603319   0.0003489282   0.0006249631   0.0006020903  -0.0917615249
        0.1793018225   0.0910736658   0.0137313724  -0.0181190799  -0.0084096700
       -0.0004903274   0.0002700471   0.0004084965  -0.0001276390   0.0000151306
        0.0002722164  -0.0000672808   0.0000977697  -0.0000597962  -0.0001222055
        0.0001291492  -0.0000509716   0.0000219665   0.0000117961  -0.0000082229
        0.0076005638  -0.0182209594  -0.0123889605   0.0523535033  -0.0766320577
       -0.0952596743   0.0185578869  -0.0090202391  -0.0121091284   0.0020514333
        0.0024584744  -0.0014536112  -0.0001927468   0.0001271066   0.0001652046
        0.0005391006   0.0004894538   0.0007128016  -0.0027961249  -0.0028033422
       -0.0028504830   0.0005714859  -0.0001769404  -0.0000060363  -0.0693326171
        0.0910736658   0.1151917736  -0.0098346773   0.0131050983   0.0084401453
        0.0007244982  -0.0004093120  -0.0005246752  -0.0002022635   0.0001636433
        0.0000980926  -0.0000462135  -0.0000828627   0.0000566788   0.0000385958
       -0.0001053620  -0.0000633855  -0.0000324247   0.0000336335  -0.0000087421
       -0.0097820964   0.0096768708  -0.0149388658  -0.0802813853   0.0626258096
       -0.0584064068   0.0042161848  -0.0217663469   0.0192532295   0.0010102919
       -0.0001108267   0.0008846435  -0.0010650718  -0.0000597983  -0.0000583363
       -0.0001280074   0.0002084411  -0.0000806202   0.0008336650   0.0003888994
        0.0007629112  -0.0022690853  -0.0023700240  -0.0030782826  -0.0080344434
        0.0137313724  -0.0098346773   0.0969204152  -0.0633631258   0.0654233950
       -0.0000354357   0.0001273910  -0.0002024871  -0.0001622243  -0.0000011807
       -0.0001003041   0.0004567313  -0.0000350241   0.0000170245  -0.0014717935
        0.0012173741   0.0004363880  -0.0002077450  -0.0002698318  -0.0000776116
       -0.0051759114   0.0073546853  -0.0084343346   0.0623531839  -0.1261823473
        0.0838592985  -0.0065206150  -0.0219995375   0.0214148134   0.0004421255
        0.0012424132  -0.0013134143   0.0003634904   0.0007429723  -0.0004174851
        0.0002594938   0.0001712385  -0.0001320959  -0.0005284239   0.0007190886
       -0.0003701499  -0.0020971718  -0.0002806946  -0.0023526476   0.0136947522
       -0.0181190799   0.0131050983  -0.0633631258   0.1563628225  -0.1047446755
        0.0002668910   0.0000142870  -0.0001635883   0.0000010079  -0.0000646557
       -0.0000608479  -0.0001813409  -0.0001050694  -0.0001781981   0.0007906414
        0.0003450298  -0.0002016001  -0.0003049972  -0.0002011529  -0.0000101728
       -0.0141178695   0.0113263274  -0.0168182068  -0.0592652689   0.0805166244
       -0.1263926668   0.0070413108   0.0229680197  -0.0177224740  -0.0014874262
        0.0007139524   0.0007158940   0.0000269867  -0.0001178357   0.0004938346
        0.0000431610   0.0001284099   0.0002050306   0.0003750909   0.0007983445
        0.0002720372  -0.0037169976  -0.0021600414  -0.0031136436   0.0055201799
       -0.0084096700   0.0084401453   0.0654233950  -0.1047446755   0.1536775562
       -0.0002446131  -0.0002721673   0.0000985418  -0.0001003026   0.0000604413
       -0.0003734954  -0.0001121330  -0.0000839934   0.0000828371   0.0006692928
       -0.0007051970   0.0004430814  -0.0000548062  -0.0000185393  -0.0000084716
        0.0000878661   0.0001306656   0.0000912263  -0.0028572479   0.0029312272
        0.0037787317  -0.0243889956  -0.0130420737   0.0179866501  -0.0960507284
       -0.0828573919   0.0539143163   0.0067281175   0.0118717492  -0.0091281053
        0.0000760376   0.0000533044  -0.0000226992   0.0001883359   0.0001360119
        0.0000058958  -0.0000283965   0.0000002469   0.0000455247  -0.0010093126
       -0.0004903274   0.0007244982  -0.0000354357   0.0002668910  -0.0002446131
        0.1256828714   0.0916903115  -0.0694488905  -0.0080381080  -0.0136897998
        0.0055367884   0.0005617565   0.0004199687  -0.0004971815  -0.0013393054
        0.0022667102  -0.0028709746   0.0004225453   0.0003125063   0.0001288328
       -0.0000487401   0.0000694392   0.0000910780   0.0022289279  -0.0003262777
       -0.0017624480   0.0080844626   0.0102613039  -0.0069343485  -0.0866678084
       -0.1575630594   0.0788903488  -0.0044562695  -0.0133141189   0.0107519488
        0.0000672750   0.0000977255   0.0000596632   0.0001222726   0.0001293654
        0.0000505421  -0.0000220257   0.0000118084   0.0000083157   0.0004914024
        0.0002700471  -0.0004093120   0.0001273910   0.0000142870  -0.0002721673
        0.0916903115   0.1790684330  -0.0911376213  -0.0137439510  -0.0181208291
        0.0084393935  -0.0000965201  -0.0001115118  -0.0000309552   0.0025715397
       -0.0011112212   0.0028585814  -0.0003482680   0.0006246086  -0.0006030190
       -0.0001926549  -0.0001269492   0.0001652961   0.0020484864  -0.0024602768
       -0.0014487524   0.0185493995   0.0089924761  -0.0121111796   0.0524625651
        0.0766961936  -0.0954367728   0.0076081417   0.0182210918  -0.0124222421
       -0.0000462698   0.0000827749   0.0000565002   0.0000384480   0.0001050989
       -0.0000635619  -0.0000323549  -0.0000336269  -0.0000087043   0.0007240620
        0.0004084965  -0.0005246752  -0.0002024871  -0.0001635883   0.0000985418
       -0.0694488905  -0.0911376213   0.1153995633  -0.0098207577  -0.0130735216
        0.0084452287   0.0005391112  -0.0004884732   0.0007132993  -0.0027986679
        0.0028017970  -0.0028568728   0.0005718687   0.0001761285  -0.0000056682
       -0.0010650271   0.0000599506  -0.0000583964   0.0010102134   0.0001117727
        0.0008846874   0.0042194812   0.0217856675   0.0192257537  -0.0802968850
       -0.0626979401  -0.0583450792  -0.0097825164  -0.0096916673  -0.0149265711
        0.0004567611   0.0000349609   0.0000169522  -0.0014719799  -0.0012164504
        0.0004378761  -0.0002076794   0.0002698227  -0.0000779403  -0.0000354826
       -0.0001276390  -0.0002022635  -0.0001622243   0.0000010079  -0.0001003026
       -0.0080381080  -0.0137439510  -0.0098207577   0.0969362365   0.0634444026
        0.0653638713  -0.0001279997  -0.0002085326  -0.0000804224   0.0008336471
       -0.0003880773   0.0007633429  -0.0022684369   0.0023666729  -0.0030807506
       -0.0003631459   0.0007435712   0.0004172069  -0.0004439367   0.0012428996
        0.0013126442   0.0065259927  -0.0220546022  -0.0214122830  -0.0624263315
       -0.1263540486  -0.0838517858   0.0051619596   0.0073516037   0.0084086653
        0.0001811394  -0.0001048306   0.0001784195  -0.0007895319   0.0003463848
        0.0002017192   0.0003049852  -0.0002012486   0.0000104047  -0.0002670596
        0.0000151306   0.0001636433  -0.0000011807  -0.0000646557   0.0000604413
       -0.0136897998  -0.0181208291  -0.0130735216   0.0634444026   0.1565864847
        0.1047327739  -0.0002594367   0.0001713428   0.0001322967   0.0005288223
        0.0007187321   0.0003696360   0.0020931211  -0.0002759347   0.0023497393
        0.0000274142   0.0001175753   0.0004932174  -0.0014869604  -0.0007143485
        0.0007151849   0.0070310388  -0.0229637660  -0.0176713743  -0.0592040003
       -0.0805089435  -0.1262055665  -0.0141251810  -0.0113522387  -0.0168148461
       -0.0001123453   0.0000842296   0.0000824835   0.0006703704   0.0007052916
        0.0004419337  -0.0000551804   0.0000188366  -0.0000085033  -0.0002442824
        0.0002722164   0.0000980926  -0.0001003041  -0.0000608479  -0.0003734954
        0.0055367884   0.0084393935   0.0084452287   0.0653638713   0.1047327739
        0.1534388878   0.0000435197  -0.0001283650   0.0002051647   0.0003743508
       -0.0007990114   0.0002724144  -0.0037190995   0.0021572040  -0.0031188221
       -0.0001100005  -0.0000276513  -0.0000100356   0.0002005382   0.0007257198
       -0.0004658661  -0.0049395821   0.0035285201  -0.0024462165  -0.0161654229
        0.0081552378   0.0092333015  -0.1887355068   0.0671083432   0.0999156382
        0.0000424128  -0.0000144427  -0.0000100087  -0.0000376416   0.0000207254
        0.0000405722   0.0000318394   0.0000011150  -0.0000078023   0.0000760418
       -0.0000672808  -0.0000462135   0.0004567313  -0.0001813409  -0.0001121330
        0.0005617565  -0.0000965201   0.0005391112  -0.0001279997  -0.0002594367
        0.0000435197   0.2174399999  -0.0800937162  -0.1151504297  -0.0159608869
        0.0040247101   0.0123159521   0.0072677208  -0.0028239825  -0.0038393896
        0.0000498783   0.0001353087  -0.0000482027  -0.0002490589  -0.0000710224
        0.0003646505   0.0041440418  -0.0029118190   0.0019603720   0.0120341218
       -0.0058995264  -0.0064075034   0.0672931900  -0.0736625561  -0.0468861350
        0.0000144389   0.0000107930  -0.0000052773   0.0000174749   0.0000069550
        0.0000405621  -0.0000279215  -0.0000184769  -0.0000136501  -0.0000532556
        0.0000977697  -0.0000828627  -0.0000350241  -0.0001050694  -0.0000839934
        0.0004199687  -0.0001115118  -0.0004884732  -0.0002085326   0.0001713428
       -0.0001283650  -0.0800937162   0.0841893612   0.0525990416  -0.0195167135
        0.0074432246   0.0134449678   0.0162111081  -0.0092747728  -0.0142651310
       -0.0000176103  -0.0000904086   0.0001355968  -0.0002298860  -0.0000105451
       -0.0002196272  -0.0037011968   0.0033790123  -0.0008727725  -0.0123677529
        0.0060545210   0.0076513796   0.1005025345  -0.0473153650  -0.1093161370
       -0.0000100020   0.0000052529   0.0000034440   0.0000116903   0.0000214434
       -0.0000189986   0.0000445023   0.0000028430   0.0000511027  -0.0000226707
       -0.0000597962   0.0000566788   0.0000170245  -0.0001781981   0.0000828371
       -0.0004971815  -0.0000309552   0.0007132993  -0.0000804224   0.0001322967
        0.0002051647  -0.1151504297   0.0525990416   0.1253234393   0.0137159948
       -0.0039501793  -0.0092083259   0.0177854059  -0.0105589634  -0.0145870812
       -0.0000616410   0.0000300040  -0.0000385032  -0.0008675257   0.0004552467
       -0.0000869730   0.0005541028  -0.0008724367   0.0003990378   0.0092819497
        0.0131379935  -0.0082874005  -0.0983173883  -0.0881210399   0.0512265023
       -0.0000376472  -0.0000174410   0.0000117088  -0.0000326112  -0.0000625758
       -0.0001599545   0.0000632810  -0.0000691940   0.0000222311   0.0001883425
       -0.0001222055   0.0000385958  -0.0014717935   0.0007906414   0.0006692928
       -0.0013393054   0.0025715397  -0.0027986679   0.0008336471   0.0005288223
        0.0003743508  -0.0159608869  -0.0195167135   0.0137159948   0.1135955388
        0.1016608894  -0.0591991656  -0.0064280628  -0.0103935306   0.0041129506
       -0.0000433936   0.0002248382  -0.0001093794  -0.0000113150  -0.0001751243
        0.0005186965  -0.0003908972   0.0001056569  -0.0005738378  -0.0052925276
       -0.0137584665   0.0104262869  -0.0887963076  -0.1822897115   0.0801324882
       -0.0000206590   0.0000068839  -0.0000214973   0.0000623620   0.0000422779
        0.0000830285  -0.0000925623  -0.0000431749  -0.0000827353  -0.0001360402
        0.0001291492  -0.0001053620   0.0012173741   0.0003450298  -0.0007051970
        0.0022667102  -0.0011112212   0.0028017970  -0.0003880773   0.0007187321
       -0.0007990114   0.0040247101   0.0074432246  -0.0039501793   0.1016608894
        0.2084514151  -0.0952713296  -0.0140602661  -0.0200895092   0.0076562320
       -0.0000643946   0.0000801961   0.0000613034   0.0003789927  -0.0003646393
        0.0003760746   0.0005082818  -0.0004604909   0.0002809640   0.0075525218
        0.0172254975  -0.0114363600   0.0512760926   0.0793608800  -0.0905933471
        0.0000405946  -0.0000405997  -0.0000190003  -0.0001600087  -0.0000833479
       -0.0002199436   0.0000385682  -0.0000644623  -0.0000666999   0.0000059542
       -0.0000509716  -0.0000633855   0.0004363880  -0.0002016001   0.0004430814
       -0.0028709746   0.0028585814  -0.0028568728   0.0007633429   0.0003696360
        0.0002724144   0.0123159521   0.0134449678  -0.0092083259  -0.0591991656
       -0.0952713296   0.1042846193  -0.0110221455  -0.0168023175   0.0087454782
       -0.0000184650  -0.0000235044   0.0001817959  -0.0003453832   0.0001464513
       -0.0003298901   0.0017675123  -0.0012838150   0.0010225603  -0.0092681766
       -0.0105586885  -0.0168789992  -0.0699380151  -0.0523626225  -0.0539210343
        0.0000318415   0.0000279283   0.0000444562   0.0000633314   0.0000925642
        0.0000384564   0.0001065692  -0.0000111955   0.0000632817  -0.0000284525
        0.0000219665  -0.0000324247  -0.0002077450  -0.0003049972  -0.0000548062
        0.0004225453  -0.0003482680   0.0005718687  -0.0022684369   0.0020931211
       -0.0037190995   0.0072677208   0.0162111081   0.0177854059  -0.0064280628
       -0.0140602661  -0.0110221455   0.0788432167   0.0603602176   0.0662505745
        0.0000861786  -0.0000530137   0.0000370898   0.0000925656   0.0001838971
       -0.0002239362  -0.0014027928   0.0009797285   0.0000637646   0.0040134255
        0.0089298589   0.0087477796  -0.0524205364  -0.1443114292  -0.1077294463
       -0.0000011278  -0.0000183795  -0.0000027515   0.0000691878  -0.0000429366
        0.0000644498   0.0000111989   0.0000557161   0.0000376152  -0.0000001513
        0.0000117961   0.0000336335  -0.0002698318  -0.0002011529  -0.0000185393
        0.0003125063   0.0006246086   0.0001761285   0.0023666729  -0.0002759347
        0.0021572040  -0.0028239825  -0.0092747728  -0.0105589634  -0.0103935306
       -0.0200895092  -0.0168023175   0.0603602176   0.1634815234   0.1240182892
       -0.0000575793  -0.0000181628   0.0001360120   0.0000832076   0.0001368403
       -0.0002833323   0.0012006013  -0.0003626247   0.0017246471  -0.0103372210
       -0.0117891553  -0.0175552321  -0.0545068352  -0.1071633678  -0.1591326950
       -0.0000077999   0.0000137394   0.0000511008   0.0000221307   0.0000826895
       -0.0000668145   0.0000633010  -0.0000376734  -0.0000345084   0.0000455886
       -0.0000082229  -0.0000087421  -0.0000776116  -0.0000101728  -0.0000084716
        0.0001288328  -0.0006030190  -0.0000056682  -0.0030807506   0.0023497393
       -0.0031188221  -0.0038393896  -0.0142651310  -0.0145870812   0.0041129506
        0.0076562320   0.0087454782   0.0662505745   0.1240182892   0.1841441294
