           1           2   1.01036681340771     
           2           3  0.972982327341286     
           3           4  0.972982342691104     
           4           5   1.01036693897287     
           1           6  0.983943958342191     
           1           7  0.984618013316161     
           1           8  0.986566684516375     
           2           9  0.971088846342597     
           2          10  0.968707818295128     
           4          11  0.971088815052629     
           4          12  0.968707994483421     
           5          13  0.983943893309233     
           5          14  0.984617660968677     
           5          15  0.986566744048985     
