           1           2  0.936374869181688     
           2           3   1.17053619786729     
           2           4  0.177467495532979     
           3           4   1.68207071381586     
           3           5  0.993038137439764     
           5           6   1.38358519926800     
           6           7   1.46198846274440     
           7           8   1.36710202237148     
           6           9  0.102762962868748     
           8           9   1.36554189910275     
           5          10   1.38251434064755     
           7          10  0.103281824292211     
           9          10   1.46359330736007     
           8          11  0.980650684173755     
          11          12   1.43928816315996     
          11          13   1.43932898233640     
          12          13  0.337988579461372     
           1          14  0.973865109689649     
           1          15  0.973571562745176     
           1          16  0.975492940959985     
           6          17  0.960076511991389     
           7          18  0.956366356540965     
           9          19  0.955855609062592     
          10          20  0.958582327363282     
