$hessian                                                                        
        0.6756176770  -0.0213484584   0.0570450434  -0.1601098809   0.1402725507
        0.0386933379  -0.0386620692   0.0234967093   0.0035376948   0.0032995601
        0.0019536999   0.0019082304  -0.0321300020  -0.0246356670  -0.0127491337
       -0.1459037637  -0.1235964240  -0.0572705174  -0.0005598032   0.0002923913
       -0.0003851210  -0.0004490853  -0.0003283116   0.0000466794   0.0005782298
       -0.0000130582   0.0000370838  -0.3034341148   0.0018589062  -0.0300183493
        0.0066087844  -0.0106007465  -0.0030064520  -0.0057590641   0.0003833214
       -0.0014497810  -0.0057057995   0.0002629953  -0.0014582402   0.0065633205
        0.0119733898   0.0050904546   0.0000460109   0.0000287018  -0.0000209298
       -0.0213484584   0.5849213490   0.1705388926   0.0664757659  -0.2491155365
       -0.0652702092   0.0783251067   0.0237367291   0.0172640597   0.0021598769
       -0.0611930628  -0.0195029519  -0.0790714755   0.0256138129   0.0000817762
       -0.0499485462  -0.2432244846  -0.0791124319  -0.0010645636   0.0008978073
       -0.0005500067   0.0010521942   0.0000569250  -0.0000206711  -0.0002911837
       -0.0000134517   0.0001846423   0.0019258185  -0.0419447734  -0.0025226285
        0.0114538242  -0.0220806382  -0.0074765468  -0.0000874087   0.0019844939
       -0.0021161755   0.0005961614   0.0020174753  -0.0020566553  -0.0098015020
       -0.0218907497  -0.0096846417  -0.0003756098   0.0002341042   0.0002435477
        0.0570450434   0.1705388926   0.1875468727   0.0122196213  -0.0572172311
       -0.0682320176   0.0236330855   0.0106843454   0.0081233492   0.0021599896
       -0.0197976648  -0.0132623833  -0.0329543405   0.0058925631   0.0002974243
       -0.0302773169  -0.0870956923  -0.0853634885  -0.0006302221   0.0005011009
       -0.0006750968   0.0003294558  -0.0000239846   0.0001588633  -0.0000356505
       -0.0000409658   0.0000354112  -0.0300255257  -0.0025485052  -0.0388744156
        0.0047392315  -0.0095040502  -0.0020478163  -0.0016067317  -0.0019605881
        0.0071277767  -0.0013360124  -0.0022665315   0.0071565060  -0.0030557991
       -0.0072176176  -0.0020495851  -0.0002048282   0.0000559293   0.0000585997
       -0.1601098809   0.0664757659   0.0122196213   0.6475007895  -0.0085403180
        0.0574561913  -0.3273372220   0.0408044584  -0.0180349307  -0.0338629118
       -0.0808152354  -0.0330639612  -0.0492697354   0.0289671583   0.0055648732
        0.0596869223   0.0292892822   0.0169546085   0.0005381913  -0.0015376646
       -0.0028238390   0.0002582825   0.0006945804   0.0013555284  -0.0004504343
       -0.0000482395   0.0000203881  -0.0181865406   0.0239280543   0.0066414877
       -0.1000014323  -0.0996962787  -0.0437833581  -0.0175244729   0.0023765106
       -0.0009678224  -0.0002569583   0.0003961877   0.0003286324  -0.0002430597
       -0.0025480022  -0.0019089069  -0.0007415374   0.0002537406   0.0000414874
        0.1402725507  -0.2491155365  -0.0572172311  -0.0085403180   0.6106446505
        0.1772049826  -0.0330696086  -0.0891330748  -0.0189875780  -0.0228213294
        0.0267800481   0.0077589985   0.0286219599  -0.0133318817   0.0000515731
       -0.0258921296  -0.0597242369  -0.0256943309  -0.0038175727  -0.0042000688
       -0.0044898049  -0.0015617616   0.0003497992  -0.0005250418   0.0013610173
        0.0000374419   0.0002237247   0.0018809385  -0.0012146935  -0.0003128261
       -0.0995215608  -0.2171353717  -0.0764377393   0.0244573061  -0.0012966172
        0.0021754390   0.0004427160   0.0004347638   0.0002806132  -0.0022277745
       -0.0028763873  -0.0042111127   0.0004155667  -0.0002188351   0.0001803339
        0.0386933379  -0.0652702092  -0.0682320176   0.0574561913   0.1772049826
        0.1880440607  -0.0445995322  -0.0105314300  -0.0549639240  -0.0113046525
        0.0009665403  -0.0027466953   0.0050692619   0.0002780836  -0.0038399471
       -0.0027374257  -0.0193406150  -0.0053395013  -0.0016018901  -0.0040692024
        0.0057009221  -0.0008661911  -0.0001927182   0.0001566269  -0.0000517832
        0.0003432380   0.0001599696  -0.0014115439   0.0020203461   0.0011517645
       -0.0432384902  -0.0767985153  -0.0669292348   0.0065948616  -0.0004587018
        0.0011836613   0.0001895031   0.0003374975  -0.0002189057  -0.0017434780
       -0.0042220109   0.0058762377  -0.0004481689  -0.0002672852  -0.0000030170
       -0.0386620692   0.0783251067   0.0236330855  -0.3273372220  -0.0330696086
       -0.0445995322   0.6518894833  -0.0361580952   0.0525708133  -0.1234066996
       -0.0407516706  -0.0229667321   0.0528558804  -0.0239859580  -0.0023572902
       -0.0457089037  -0.0276642603  -0.0146482602  -0.0390777078  -0.0287181128
       -0.0131520652  -0.0005116474  -0.0041508919  -0.0038385173   0.0003292052
        0.0008923658   0.0003167599  -0.0009384099   0.0032072374   0.0002249972
       -0.0171301756  -0.0021466750  -0.0024233183  -0.1112939596   0.1123346760
        0.0269211488  -0.0010122668   0.0034295820   0.0002431614  -0.0001966241
       -0.0006535869  -0.0003482418   0.0002011168  -0.0008901087   0.0004239913
        0.0234967093   0.0237367291   0.0106843454   0.0408044584  -0.0891330748
       -0.0105314300  -0.0361580952   0.6070867166   0.1673371140  -0.1127034214
       -0.2461189217  -0.0829727138   0.0266765526  -0.0562127137  -0.0173991004
       -0.0274206129  -0.0122565760  -0.0058621440  -0.0088219623   0.0007620329
       -0.0027915556  -0.0002635492   0.0003605113   0.0006960524   0.0014289068
       -0.0003824961  -0.0001567965   0.0032371915  -0.0026239896  -0.0033974008
       -0.0241546739  -0.0012598930  -0.0033375860   0.1117219682  -0.2214607688
       -0.0487478631   0.0029099913  -0.0026707410  -0.0032935031  -0.0005820288
        0.0005341582   0.0000961534  -0.0001714346  -0.0003609735  -0.0003235722
        0.0035376948   0.0172640597   0.0081233492  -0.0180349307  -0.0189875780
       -0.0549639240   0.0525708133   0.1673371140   0.1770344171  -0.0463469965
       -0.0744603564  -0.0800042333   0.0158884751  -0.0234689856  -0.0057521665
       -0.0148763448  -0.0061710645  -0.0083477564  -0.0113397467  -0.0049694193
       -0.0014310211  -0.0007121641   0.0001481763  -0.0016170027   0.0026267422
       -0.0002590555   0.0009592742   0.0001420633  -0.0033726424   0.0064607480
       -0.0106106747  -0.0008988653  -0.0009011248   0.0269609821  -0.0497558283
       -0.0456691454   0.0001278521  -0.0032387186   0.0058537783  -0.0002200950
        0.0001580969  -0.0001113329   0.0002863295   0.0006750668   0.0003661402
        0.0032995601   0.0021598769   0.0021599896  -0.0338629118  -0.0228213294
       -0.0113046525  -0.1234066996  -0.1127034214  -0.0463469965   0.5455897713
       -0.0167038594   0.0308699574  -0.1321936359   0.1249077101   0.0363752791
       -0.0413189006   0.0210867236   0.0029924561  -0.1803981722  -0.0140962768
       -0.0313942409  -0.0404077764   0.0151971317   0.0222102163  -0.0034073545
        0.0016478361  -0.0010022542   0.0010338559   0.0000800357  -0.0000738550
       -0.0043268990   0.0004942597  -0.0014502977   0.0057767877   0.0133035620
        0.0043505117   0.0068188743  -0.0114623005  -0.0038082184  -0.0044807431
        0.0001502499  -0.0012972891   0.0012842439  -0.0012401984  -0.0022806059
        0.0019536999  -0.0611930628  -0.0197976648  -0.0808152354   0.0267800481
        0.0009665403  -0.0407516706  -0.2461189217  -0.0744603564  -0.0167038594
        0.5980047593   0.1806099589   0.0554376297  -0.2444820722  -0.0676789620
        0.0789281947   0.0256823618   0.0186182509  -0.0189636956  -0.0544388629
       -0.0172498837   0.0122199421  -0.0031218998   0.0059095012   0.0048808495
        0.0036283243  -0.0045410842   0.0000605777  -0.0006204176  -0.0005328748
        0.0010062496   0.0022814790  -0.0022132411  -0.0090159933  -0.0232672845
       -0.0107351797   0.0110953302  -0.0235270170  -0.0078998540  -0.0002196366
        0.0021928698  -0.0022255009   0.0008876175  -0.0018003037   0.0012303505
        0.0019082304  -0.0195029519  -0.0132623833  -0.0330639612   0.0077589985
       -0.0027466953  -0.0229667321  -0.0829727138  -0.0800042333   0.0308699574
        0.1806099589   0.2070810981   0.0128265879  -0.0613492366  -0.0711072052
        0.0238583598   0.0125148700   0.0051453413  -0.0410603285  -0.0156374392
       -0.0637966433   0.0190905264   0.0052595261   0.0081726852   0.0059823035
       -0.0043967429  -0.0021404852   0.0000469333  -0.0005366467   0.0006173061
       -0.0010413544  -0.0020914967   0.0073115566  -0.0021111737  -0.0069199280
       -0.0020161314   0.0046113256  -0.0109207138  -0.0013823466  -0.0015745985
       -0.0024077148   0.0075308492   0.0026239239   0.0005922310   0.0005972870
       -0.0321300020  -0.0790714755  -0.0329543405  -0.0492697354   0.0286219599
        0.0050692619   0.0528558804   0.0266765526   0.0158884751  -0.1321936359
        0.0554376297   0.0128265879   0.6647119366   0.0005700811   0.0616166415
       -0.3333504284   0.0398527646  -0.0179715722  -0.0421820287   0.0322982426
        0.0082709608  -0.0003511152   0.0001718119  -0.0047767524  -0.0025915946
       -0.0001838247   0.0023307348  -0.0006369014  -0.0025166758  -0.0017525686
       -0.0002327612   0.0007133359   0.0000690544  -0.0004297123  -0.0027882754
       -0.0018101356  -0.1049731043  -0.1026183101  -0.0459973848  -0.0186321297
        0.0024017447  -0.0011670016  -0.0005946680   0.0004344385   0.0003580393
       -0.0246356670   0.0256138129   0.0058925631   0.0289671583  -0.0133318817
        0.0002780836  -0.0239859580  -0.0562127137  -0.0234689856   0.1249077101
       -0.2444820722  -0.0613492366   0.0005700811   0.5953349075   0.1805509296
       -0.0329603095  -0.0892194999  -0.0194782126   0.0114842982  -0.0003234880
        0.0025542936   0.0000898973   0.0002079631  -0.0000521190  -0.0017699978
        0.0002640281  -0.0004266464  -0.0024498537  -0.0025256833  -0.0041207726
        0.0005323157   0.0004473893   0.0003487232  -0.0022403221  -0.0027140304
       -0.0038828398  -0.1032145345  -0.2114471392  -0.0785718102   0.0243049521
       -0.0014950534   0.0020247736   0.0004002299  -0.0001165390  -0.0002987440
       -0.0127491337   0.0000817762   0.0002974243   0.0055648732   0.0000515731
       -0.0038399471  -0.0023572902  -0.0173991004  -0.0057521665   0.0363752791
       -0.0676789620  -0.0711072052   0.0616166415   0.1805509296   0.1871849752
       -0.0453145966  -0.0115638303  -0.0552807958  -0.0005555631   0.0022786084
        0.0047379242   0.0031769941  -0.0003072114  -0.0003272525  -0.0027164198
        0.0000308086  -0.0001299485  -0.0018696741  -0.0040689532   0.0058187177
        0.0001722749   0.0003063879  -0.0000230613  -0.0017469312  -0.0037707588
        0.0055466223  -0.0463827193  -0.0781201325  -0.0681260936   0.0068213293
       -0.0004315775   0.0010829981  -0.0000350643   0.0000404423  -0.0000821913
       -0.1459037637  -0.0499485462  -0.0302773169   0.0596869223  -0.0258921296
       -0.0027374257  -0.0457089037  -0.0274206129  -0.0148763448  -0.0413189006
        0.0789281947   0.0238583598  -0.3333504284  -0.0329603095  -0.0453145966
        0.6529093074  -0.0350424493   0.0480439932   0.0026112325   0.0011586279
        0.0011066087  -0.0022751654   0.0006474788   0.0003568894  -0.0001081897
        0.0001175915  -0.0000182322  -0.0163044959  -0.0234392609  -0.0107591487
       -0.0006447579   0.0033818735   0.0004534321  -0.0001685360  -0.0005016560
       -0.0001413312  -0.0152116321  -0.0018102836  -0.0025381252  -0.1145133849
        0.1129407373   0.0331314854   0.0003006963  -0.0001592556  -0.0002882472
       -0.1235964240  -0.2432244846  -0.0870956923   0.0292892822  -0.0597242369
       -0.0193406150  -0.0276642603  -0.0122565760  -0.0061710645   0.0210867236
        0.0256823618   0.0125148700   0.0398527646  -0.0892194999  -0.0115638303
       -0.0350424493   0.6052815607   0.1784401242   0.0034282011  -0.0034061812
       -0.0030813215   0.0021405274  -0.0009896100  -0.0002846446  -0.0002686922
        0.0001570274  -0.0005431660  -0.0015628175  -0.0007995924  -0.0007809332
        0.0030419585  -0.0030638189  -0.0034892329  -0.0004495617   0.0004586690
        0.0001797063  -0.0231953703  -0.0005488653  -0.0029484333   0.1126507697
       -0.2183944775  -0.0558710108   0.0002893481   0.0000477236   0.0000352438
       -0.0572705174  -0.0791124319  -0.0853634885   0.0169546085  -0.0256943309
       -0.0053395013  -0.0146482602  -0.0058621440  -0.0083477564   0.0029924561
        0.0186182509   0.0051453413  -0.0179715722  -0.0194782126  -0.0552807958
        0.0480439932   0.1784401242   0.1899519865   0.0027743495  -0.0039762125
        0.0062000404  -0.0009730317  -0.0006037526   0.0004833878  -0.0001041661
        0.0005998097  -0.0001648185  -0.0024952788  -0.0031910180  -0.0009085456
        0.0001853714  -0.0035245667   0.0065421048  -0.0001523287   0.0002551220
       -0.0003132933  -0.0103839790  -0.0006077798  -0.0008191816   0.0330149161
       -0.0557987554  -0.0518559438   0.0000334395  -0.0000641025   0.0000704640
       -0.0005598032  -0.0010645636  -0.0006302221   0.0005381913  -0.0038175727
       -0.0016018901  -0.0390777078  -0.0088219623  -0.0113397467  -0.1803981722
       -0.0189636956  -0.0410603285  -0.0421820287   0.0114842982  -0.0005555631
        0.0026112325   0.0034282011   0.0027743495   0.4614129402  -0.0553448255
       -0.0717054467  -0.1158407261   0.0422177678   0.0802288544  -0.0873671637
        0.0269812892   0.0391022802  -0.0001111101   0.0000502625   0.0000695534
       -0.0022044473  -0.0003206606  -0.0001685750   0.0017446394   0.0009860253
        0.0012574218   0.0015754413  -0.0008240361  -0.0003306329  -0.0016337250
        0.0002909452  -0.0001252698   0.0014924394   0.0037185270   0.0040852155
        0.0002923913   0.0008978073   0.0005011009  -0.0015376646  -0.0042000688
       -0.0040692024  -0.0287181128   0.0007620329  -0.0049694193  -0.0140962768
       -0.0544388629  -0.0156374392   0.0322982426  -0.0003234880   0.0022786084
        0.0011586279  -0.0034061812  -0.0039762125  -0.0553448255   0.1325906052
        0.1340419599   0.0344448830  -0.0836866807  -0.0816961548   0.0230758604
        0.0054833787  -0.0015160986   0.0000712562  -0.0001884714   0.0006010094
       -0.0012806620  -0.0000572566  -0.0001457086   0.0003767737   0.0014014496
        0.0012488811  -0.0006693381   0.0016151227   0.0015377194   0.0014285071
       -0.0002065693   0.0001393380   0.0085003374   0.0037571825  -0.0283383817
       -0.0003851210  -0.0005500067  -0.0006750968  -0.0028238390  -0.0044898049
        0.0057009221  -0.0131520652  -0.0027915556  -0.0014310211  -0.0313942409
       -0.0172498837  -0.0637966433   0.0082709608   0.0025542936   0.0047379242
        0.0011066087  -0.0030813215   0.0062000404  -0.0717054467   0.1340419599
        0.2785486788   0.0589402234  -0.0804554529  -0.1946962888   0.0330837322
       -0.0011742748   0.0125606322   0.0004088584   0.0005096792  -0.0015458994
       -0.0004482452   0.0000202253   0.0000268728   0.0004230796   0.0014064383
       -0.0021792964   0.0002123162   0.0013304251  -0.0028545854   0.0006497369
       -0.0002658018  -0.0000111031   0.0168134418  -0.0298049195  -0.0405851360
       -0.0004490853   0.0010521942   0.0003294558   0.0002582825  -0.0015617616
       -0.0008661911  -0.0005116474  -0.0002635492  -0.0007121641  -0.0404077764
        0.0122199421   0.0190905264  -0.0003511152   0.0000898973   0.0031769941
       -0.0022751654   0.0021405274  -0.0009730317  -0.1158407261   0.0344448830
        0.0589402234   0.8833529740  -0.0362504121   0.0805680974  -0.6616819945
        0.0162514107  -0.0988003688   0.0004398535  -0.0000864087   0.0002645958
        0.0004762402   0.0003893260   0.0002223519  -0.0000567531  -0.0004065910
        0.0008585914  -0.0003385852  -0.0000103918   0.0000595100   0.0002430848
       -0.0003151790  -0.0002862537  -0.0628575866  -0.0276938874  -0.0618723368
       -0.0003283116   0.0000569250  -0.0000239846   0.0006945804   0.0003497992
       -0.0001927182  -0.0041508919   0.0003605113   0.0001481763   0.0151971317
       -0.0031218998   0.0052595261   0.0001718119   0.0002079631  -0.0003072114
        0.0006474788  -0.0009896100  -0.0006037526   0.0422177678  -0.0836866807
       -0.0804554529  -0.0362504121   0.2149076928   0.1247610557   0.0082727368
       -0.0577413990  -0.0045531160  -0.0001710868  -0.0000113712   0.0000589167
       -0.0002512489  -0.0001335846  -0.0000751877  -0.0008977613  -0.0005198561
        0.0002871139   0.0003982453  -0.0004125158  -0.0000269881  -0.0000081349
        0.0000855627   0.0000649179  -0.0255419052  -0.0693515370  -0.0443412949
        0.0000466794  -0.0000206711   0.0001588633   0.0013555284  -0.0005250418
        0.0001566269  -0.0038385173   0.0006960524  -0.0016170027   0.0222102163
        0.0059095012   0.0081726852  -0.0047767524  -0.0000521190  -0.0003272525
        0.0003568894  -0.0002846446   0.0004833878   0.0802288544  -0.0816961548
       -0.1946962888   0.0805680974   0.1247610557   0.4394790430  -0.1134385609
       -0.0033802235  -0.0867110391  -0.0002467683   0.0000661331  -0.0000781617
       -0.0004289917  -0.0001441540  -0.0001875957   0.0001575349  -0.0007851743
        0.0003026665   0.0004148161  -0.0001887325   0.0000969733  -0.0004056507
        0.0002735896  -0.0000181193  -0.0622033750  -0.0446294162  -0.1652147861
        0.0005782298  -0.0002911837  -0.0000356505  -0.0004504343   0.0013610173
       -0.0000517832   0.0003292052   0.0014289068   0.0026267422  -0.0034073545
        0.0048808495   0.0059823035  -0.0025915946  -0.0017699978  -0.0027164198
       -0.0001081897  -0.0002686922  -0.0001041661  -0.0873671637   0.0230758604
        0.0330837322  -0.6616819945   0.0082727368  -0.1134385609   0.8004694659
       -0.0348057027   0.0948844085  -0.0002107654  -0.0000241914  -0.0000144925
       -0.0002104019  -0.0001554090  -0.0001657361  -0.0005564071   0.0001036018
       -0.0003198044   0.0000421695  -0.0003555304   0.0002162227  -0.0004721637
        0.0001354571   0.0001183870  -0.0443626010  -0.0015877225  -0.0200651827
       -0.0000130582  -0.0000134517  -0.0000409658  -0.0000482395   0.0000374419
        0.0003432380   0.0008923658  -0.0003824961  -0.0002590555   0.0016478361
        0.0036283243  -0.0043967429  -0.0001838247   0.0002640281   0.0000308086
        0.0001175915   0.0001570274   0.0005998097   0.0269812892   0.0054833787
       -0.0011742748   0.0162514107  -0.0577413990  -0.0033802235  -0.0348057027
        0.0335006176   0.0155058440   0.0000373551   0.0000376210  -0.0000729907
        0.0001153437   0.0000271066   0.0000286443   0.0003755158   0.0001748509
       -0.0000426721  -0.0001056085   0.0001914079  -0.0000958722   0.0000089945
       -0.0000126712  -0.0000165427  -0.0112712690   0.0146482135  -0.0070290045
        0.0000370838   0.0001846423   0.0000354112   0.0000203881   0.0002237247
        0.0001599696   0.0003167599  -0.0001567965   0.0009592742  -0.0010022542
       -0.0045410842  -0.0021404852   0.0023307348  -0.0004266464  -0.0001299485
       -0.0000182322  -0.0005431660  -0.0001648185   0.0391022802  -0.0015160986
        0.0125606322  -0.0988003688  -0.0045531160  -0.0867110391   0.0948844085
        0.0155058440   0.0779116062   0.0000175814   0.0000345071  -0.0000065558
        0.0000605865   0.0000183175   0.0000331391  -0.0000974066   0.0004614591
       -0.0002384211  -0.0000427669   0.0002127234   0.0000541494   0.0001625971
       -0.0000089848   0.0000288929  -0.0369713914  -0.0048953255  -0.0023518064
       -0.3034341148   0.0019258185  -0.0300255257  -0.0181865406   0.0018809385
       -0.0014115439  -0.0009384099   0.0032371915   0.0001420633   0.0010338559
        0.0000605777   0.0000469333  -0.0006369014  -0.0024498537  -0.0018696741
       -0.0163044959  -0.0015628175  -0.0024952788  -0.0001111101   0.0000712562
        0.0004088584   0.0004398535  -0.0001710868  -0.0002467683  -0.0002107654
        0.0000373551   0.0000175814   0.3386470990  -0.0028381669   0.0349448441
        0.0007059652  -0.0006887730   0.0001309755  -0.0009260684  -0.0000437741
       -0.0001117968  -0.0007969944   0.0000807920  -0.0000457775   0.0007171986
        0.0004626041   0.0005301568   0.0000014288  -0.0000020619  -0.0000150478
        0.0018589062  -0.0419447734  -0.0025485052   0.0239280543  -0.0012146935
        0.0020203461   0.0032072374  -0.0026239896  -0.0033726424   0.0000800357
       -0.0006204176  -0.0005366467  -0.0025166758  -0.0025256833  -0.0040689532
       -0.0234392609  -0.0007995924  -0.0031910180   0.0000502625  -0.0001884714
        0.0005096792  -0.0000864087  -0.0000113712   0.0000661331  -0.0000241914
        0.0000376210   0.0000345071  -0.0028381669   0.0496714962   0.0091582417
        0.0007490472   0.0002465350   0.0010586762   0.0012825670  -0.0001492652
        0.0001162827  -0.0012131630  -0.0000999120  -0.0001395020  -0.0009631708
        0.0002383925   0.0008643960  -0.0000750730  -0.0000158749   0.0000290056
       -0.0300183493  -0.0025226285  -0.0388744156   0.0066414877  -0.0003128261
        0.0011517645   0.0002249972  -0.0033974008   0.0064607480  -0.0000738550
       -0.0005328748   0.0006173061  -0.0017525686  -0.0041207726   0.0058187177
       -0.0107591487  -0.0007809332  -0.0009085456   0.0000695534   0.0006010094
       -0.0015458994   0.0002645958   0.0000589167  -0.0000781617  -0.0000144925
       -0.0000729907  -0.0000065558   0.0349448441   0.0091582417   0.0314946135
        0.0006281782   0.0008862872  -0.0020249333   0.0003330861  -0.0000273882
        0.0000061370  -0.0005478846  -0.0000004891  -0.0001248040   0.0000010732
        0.0010203334  -0.0019833381   0.0000584829   0.0000435155  -0.0000026333
        0.0066087844   0.0114538242   0.0047392315  -0.1000014323  -0.0995215608
       -0.0432384902  -0.0171301756  -0.0241546739  -0.0106106747  -0.0043268990
        0.0010062496  -0.0010413544  -0.0002327612   0.0005323157   0.0001722749
       -0.0006447579   0.0030419585   0.0001853714  -0.0022044473  -0.0012806620
       -0.0004482452   0.0004762402  -0.0002512489  -0.0004289917  -0.0002104019
        0.0001153437   0.0000605865   0.0007059652   0.0007490472   0.0006281782
        0.1161497504   0.1086673198   0.0494584061   0.0005427092  -0.0008861726
        0.0000622182  -0.0000051177  -0.0000200061   0.0001845418   0.0002395221
        0.0006281079   0.0003028717   0.0000330212  -0.0000798423  -0.0000259242
       -0.0106007465  -0.0220806382  -0.0095040502  -0.0996962787  -0.2171353717
       -0.0767985153  -0.0021466750  -0.0012598930  -0.0008988653   0.0004942597
        0.0022814790  -0.0020914967   0.0007133359   0.0004473893   0.0003063879
        0.0033818735  -0.0030638189  -0.0035245667  -0.0003206606  -0.0000572566
        0.0000202253   0.0003893260  -0.0001335846  -0.0001441540  -0.0001554090
        0.0000271066   0.0000183175  -0.0006887730   0.0002465350   0.0008862872
        0.1086673198   0.2414671468   0.0903927337   0.0006134049   0.0005702144
        0.0012274862  -0.0000138115  -0.0001120029   0.0005714030  -0.0005794487
       -0.0011960327  -0.0004680948  -0.0000577168  -0.0000012728   0.0000069022
       -0.0030064520  -0.0074765468  -0.0020478163  -0.0437833581  -0.0764377393
       -0.0669292348  -0.0024233183  -0.0033375860  -0.0009011248  -0.0014502977
       -0.0022132411   0.0073115566   0.0000690544   0.0003487232  -0.0000230613
        0.0004534321  -0.0034892329   0.0065421048  -0.0001685750  -0.0001457086
        0.0000268728   0.0002223519  -0.0000751877  -0.0001875957  -0.0001657361
        0.0000286443   0.0000331391   0.0001309755   0.0010586762  -0.0020249333
        0.0494584061   0.0903927337   0.0622053312   0.0005755541   0.0009864461
       -0.0022205636   0.0001843337   0.0006009883  -0.0014624322  -0.0001481381
       -0.0002652230  -0.0003338970   0.0000517674   0.0000242537   0.0000116547
       -0.0057590641  -0.0000874087  -0.0016067317  -0.0175244729   0.0244573061
        0.0065948616  -0.1112939596   0.1117219682   0.0269609821   0.0057767877
       -0.0090159933  -0.0021111737  -0.0004297123  -0.0022403221  -0.0017469312
       -0.0001685360  -0.0004495617  -0.0001523287   0.0017446394   0.0003767737
        0.0004230796  -0.0000567531  -0.0008977613   0.0001575349  -0.0005564071
        0.0003755158  -0.0000974066  -0.0009260684   0.0012825670   0.0003330861
        0.0005427092   0.0006134049   0.0005755541   0.1296525964  -0.1243479443
       -0.0301202953   0.0001981472  -0.0005909270  -0.0001606670  -0.0000195799
       -0.0001003774   0.0001559801  -0.0011803265  -0.0010972398   0.0007944559
        0.0003833214   0.0019844939  -0.0019605881   0.0023765106  -0.0012966172
       -0.0004587018   0.1123346760  -0.2214607688  -0.0497558283   0.0133035620
       -0.0232672845  -0.0069199280  -0.0027882754  -0.0027140304  -0.0037707588
       -0.0005016560   0.0004586690   0.0002551220   0.0009860253   0.0014014496
        0.0014064383  -0.0004065910  -0.0005198561  -0.0007851743   0.0001036018
        0.0001748509   0.0004614591  -0.0000437741  -0.0001492652  -0.0000273882
       -0.0008861726   0.0005702144   0.0009864461  -0.1243479443   0.2462244559
        0.0594914462   0.0007556402  -0.0010922134  -0.0003963330  -0.0001000442
       -0.0001095680   0.0005478429  -0.0011688797  -0.0002045303   0.0009259460
       -0.0014497810  -0.0021161755   0.0071277767  -0.0009678224   0.0021754390
        0.0011836613   0.0269211488  -0.0487478631  -0.0456691454   0.0043505117
       -0.0107351797  -0.0020161314  -0.0018101356  -0.0038828398   0.0055466223
       -0.0001413312   0.0001797063  -0.0003132933   0.0012574218   0.0012488811
       -0.0021792964   0.0008585914   0.0002871139   0.0003026665  -0.0003198044
       -0.0000426721  -0.0002384211  -0.0001117968   0.0001162827   0.0000061370
        0.0000622182   0.0012274862  -0.0022205636  -0.0301202953   0.0594914462
        0.0400562044   0.0002728968  -0.0004910327  -0.0000577469   0.0001731705
        0.0005900880  -0.0014996485   0.0010250074   0.0006993195  -0.0000288216
       -0.0057057995   0.0005961614  -0.0013360124  -0.0002569583   0.0004427160
        0.0001895031  -0.0010122668   0.0029099913   0.0001278521   0.0068188743
        0.0110953302   0.0046113256  -0.1049731043  -0.1032145345  -0.0463827193
       -0.0152116321  -0.0231953703  -0.0103839790   0.0015754413  -0.0006693381
        0.0002123162  -0.0003385852   0.0003982453   0.0004148161   0.0000421695
       -0.0001056085  -0.0000427669  -0.0007969944  -0.0012131630  -0.0005478846
       -0.0000051177  -0.0000138115   0.0001843337   0.0001981472   0.0007556402
        0.0002728968   0.1190449730   0.1130950692   0.0527521427   0.0005987765
       -0.0008412191   0.0000505746   0.0000220764  -0.0000401087  -0.0001223988
        0.0002629953   0.0020174753  -0.0022665315   0.0003961877   0.0004347638
        0.0003374975   0.0034295820  -0.0026707410  -0.0032387186  -0.0114623005
       -0.0235270170  -0.0109207138  -0.1026183101  -0.2114471392  -0.0781201325
       -0.0018102836  -0.0005488653  -0.0006077798  -0.0008240361   0.0016151227
        0.0013304251  -0.0000103918  -0.0004125158  -0.0001887325  -0.0003555304
        0.0001914079   0.0002127234   0.0000807920  -0.0000999120  -0.0000004891
       -0.0000200061  -0.0001120029   0.0006009883  -0.0005909270  -0.0010922134
       -0.0004910327   0.1130950692   0.2350717496   0.0918939691   0.0006003665
        0.0004602118   0.0012436411  -0.0001732071   0.0001196755   0.0002148858
       -0.0014582402  -0.0020566553   0.0071565060   0.0003286324   0.0002806132
       -0.0002189057   0.0002431614  -0.0032935031   0.0058537783  -0.0038082184
       -0.0078998540  -0.0013823466  -0.0459973848  -0.0785718102  -0.0681260936
       -0.0025381252  -0.0029484333  -0.0008191816  -0.0003306329   0.0015377194
       -0.0028545854   0.0000595100  -0.0000269881   0.0000969733   0.0002162227
       -0.0000958722   0.0000541494  -0.0000457775  -0.0001395020  -0.0001248040
        0.0001845418   0.0005714030  -0.0014624322  -0.0001606670  -0.0003963330
       -0.0000577469   0.0527521427   0.0918939691   0.0640278012   0.0005840299
        0.0010855131  -0.0021851472  -0.0000291949   0.0000597334   0.0000420349
        0.0065633205  -0.0098015020  -0.0030557991  -0.0002430597  -0.0022277745
       -0.0017434780  -0.0001966241  -0.0005820288  -0.0002200950  -0.0044807431
       -0.0002196366  -0.0015745985  -0.0186321297   0.0243049521   0.0068213293
       -0.1145133849   0.1126507697   0.0330149161  -0.0016337250   0.0014285071
        0.0006497369   0.0002430848  -0.0000081349  -0.0004056507  -0.0004721637
        0.0000089945   0.0001625971   0.0007171986  -0.0009631708   0.0000010732
        0.0002395221  -0.0005794487  -0.0001481381  -0.0000195799  -0.0001000442
        0.0001731705   0.0005987765   0.0006003665   0.0005840299   0.1318307643
       -0.1245027857  -0.0342406203  -0.0000012567  -0.0000090638  -0.0000184733
        0.0119733898  -0.0218907497  -0.0072176176  -0.0025480022  -0.0028763873
       -0.0042220109  -0.0006535869   0.0005341582   0.0001580969   0.0001502499
        0.0021928698  -0.0024077148   0.0024017447  -0.0014950534  -0.0004315775
        0.1129407373  -0.2183944775  -0.0557987554   0.0002909452  -0.0002065693
       -0.0002658018  -0.0003151790   0.0000855627   0.0002735896   0.0001354571
       -0.0000126712  -0.0000089848   0.0004626041   0.0002383925   0.0010203334
        0.0006281079  -0.0011960327  -0.0002652230  -0.0001003774  -0.0001095680
        0.0005900880  -0.0008412191   0.0004602118   0.0010855131  -0.1245027857
        0.2426746930   0.0674902895  -0.0000220858  -0.0000043787  -0.0000002246
        0.0050904546  -0.0096846417  -0.0020495851  -0.0019089069  -0.0042111127
        0.0058762377  -0.0003482418   0.0000961534  -0.0001113329  -0.0012972891
       -0.0022255009   0.0075308492  -0.0011670016   0.0020247736   0.0010829981
        0.0331314854  -0.0558710108  -0.0518559438  -0.0001252698   0.0001393380
       -0.0000111031  -0.0002862537   0.0000649179  -0.0000181193   0.0001183870
       -0.0000165427   0.0000288929   0.0005301568   0.0008643960  -0.0019833381
        0.0003028717  -0.0004680948  -0.0003338970   0.0001559801   0.0005478429
       -0.0014996485   0.0000505746   0.0012436411  -0.0021851472  -0.0342406203
        0.0674902895   0.0455309549  -0.0000063269   0.0000055511  -0.0000018177
        0.0000460109  -0.0003756098  -0.0002048282  -0.0007415374   0.0004155667
       -0.0004481689   0.0002011168  -0.0001714346   0.0002863295   0.0012842439
        0.0008876175   0.0026239239  -0.0005946680   0.0004002299  -0.0000350643
        0.0003006963   0.0002893481   0.0000334395   0.0014924394   0.0085003374
        0.0168134418  -0.0628575866  -0.0255419052  -0.0622033750  -0.0443626010
       -0.0112712690  -0.0369713914   0.0000014288  -0.0000750730   0.0000584829
        0.0000330212  -0.0000577168   0.0000517674  -0.0011803265  -0.0011688797
        0.0010250074   0.0000220764  -0.0001732071  -0.0000291949  -0.0000012567
       -0.0000220858  -0.0000063269   0.1063569425   0.0283640814   0.0790059573
        0.0000287018   0.0002341042   0.0000559293   0.0002537406  -0.0002188351
       -0.0002672852  -0.0008901087  -0.0003609735   0.0006750668  -0.0012401984
       -0.0018003037   0.0005922310   0.0004344385  -0.0001165390   0.0000404423
       -0.0001592556   0.0000477236  -0.0000641025   0.0037185270   0.0037571825
       -0.0298049195  -0.0276938874  -0.0693515370  -0.0446294162  -0.0015877225
        0.0146482135  -0.0048953255  -0.0000020619  -0.0000158749   0.0000435155
       -0.0000798423  -0.0000012728   0.0000242537  -0.0010972398  -0.0002045303
        0.0006993195  -0.0000401087   0.0001196755   0.0000597334  -0.0000090638
       -0.0000043787   0.0000055511   0.0283640814   0.0532673459   0.0774650064
       -0.0000209298   0.0002435477   0.0000585997   0.0000414874   0.0001803339
       -0.0000030170   0.0004239913  -0.0003235722   0.0003661402  -0.0022806059
        0.0012303505   0.0005972870   0.0003580393  -0.0002987440  -0.0000821913
       -0.0002882472   0.0000352438   0.0000704640   0.0040852155  -0.0283383817
       -0.0405851360  -0.0618723368  -0.0443412949  -0.1652147861  -0.0200651827
       -0.0070290045  -0.0023518064  -0.0000150478   0.0000290056  -0.0000026333
       -0.0000259242   0.0000069022   0.0000116547   0.0007944559   0.0009259460
       -0.0000288216  -0.0001223988   0.0002148858   0.0000420349  -0.0000184733
       -0.0000002246  -0.0000018177   0.0790059573   0.0774650064   0.2071240288
