           1           2   1.44323285370804     
           2           3   1.43607575896241     
           1           4  0.102251380709646     
           3           4   1.39830347947849     
           2           5  0.112114607819423     
           4           5   1.38939511396214     
           1           6   1.43443035285758     
           3           6  0.110142796915344     
           5           6   1.44700577735692     
           4           7  0.938537289040300     
           7           8   1.18761256376602     
           7           9  0.173040377923613     
           8           9   1.75535857925967     
           1          10  0.967516981875827     
           2          11  0.967285596797968     
           3          12  0.964354429328328     
           5          13  0.965128407430072     
           6          14  0.966847070299585     
           8          15  0.916619475469020     
