$hessian                                                                        
        0.4961014752  -0.0225617413   0.0311661587  -0.0960535449  -0.0287478384
        0.0446789264  -0.0261107529  -0.0263498937   0.0067475878   0.0006712255
       -0.0004270181   0.0004336864  -0.0001218413   0.0000830618  -0.0000266727
       -0.0679240545   0.0451258480   0.0570258466  -0.1097065773   0.0990585582
       -0.0452616331  -0.1940208607  -0.0657384264  -0.1000265946  -0.0086420824
       -0.0063211267   0.0137822514   0.0069694496   0.0063169382  -0.0087885769
       -0.0009839048  -0.0004522966  -0.0000521840   0.0000717439  -0.0000553665
        0.0001901886  -0.0000947449   0.0000421889   0.0000200981  -0.0000365834
        0.0000632400   0.0000510882  -0.0001189470  -0.0000361275   0.0000598291
       -0.0225617413   0.5049519824   0.0270357168  -0.0301515116  -0.0999269150
        0.0443499072  -0.0223400672  -0.0149254419   0.0050244787   0.0005055935
        0.0000400333  -0.0007034685  -0.0000831100  -0.0004293560   0.0000724738
        0.0451547141  -0.1242859578  -0.1046548847   0.0985153413  -0.1872836328
        0.0650554054  -0.0656233809  -0.0711372205  -0.0447392729   0.0075106911
        0.0074533171  -0.0094151790  -0.0108577207  -0.0155392173   0.0180200777
       -0.0003172793   0.0007222520  -0.0001423361   0.0001164128   0.0000343079
        0.0001604349  -0.0000112598   0.0001334925   0.0000814067  -0.0000112682
       -0.0000477913   0.0000159360   0.0001545861   0.0002401472  -0.0001606960
        0.0311661587   0.0270357168   0.4989370859   0.0442687442   0.0446147757
       -0.1211580081  -0.0083559841  -0.0089593925   0.0114251084  -0.0005179056
       -0.0000735939   0.0006204346  -0.0000266598  -0.0000724591  -0.0004337950
        0.0565457656  -0.1052030468  -0.1809272417  -0.0453599068   0.0658240652
       -0.0744447671  -0.0995214548  -0.0442829572  -0.1066396322   0.0148692101
        0.0110311373  -0.0182283692   0.0070959348   0.0105201155  -0.0102654895
        0.0001081072  -0.0004186831   0.0006028281  -0.0001477614  -0.0001001831
        0.0001722090   0.0000150756   0.0000349740   0.0001330560  -0.0001725838
       -0.0000141224   0.0001543570   0.0000332602   0.0000636535   0.0000522238
       -0.0960535449  -0.0301515116   0.0442687442   0.4411069564  -0.0638814939
       -0.0100459950  -0.1115972363  -0.0416751921  -0.0453541134  -0.0298018662
       -0.0059965648  -0.0167341771   0.0006712126  -0.0005057930  -0.0005178438
       -0.0080851691  -0.0048938257   0.0098858228   0.0093969200   0.0072693784
       -0.0085477840  -0.0153986712  -0.0137055534   0.0124019369  -0.0794856520
        0.0560283360   0.0641491844  -0.1076952150   0.0956668720  -0.0484232600
        0.0010856202  -0.0004403202   0.0016062049  -0.0031938343   0.0023388863
       -0.0024657199   0.0002097107  -0.0002665267   0.0001675947  -0.0003054199
        0.0001477224  -0.0000504593  -0.0008538110   0.0000655862  -0.0003401354
       -0.0287478384  -0.0999269150   0.0446147757  -0.0638814939   0.4946474965
       -0.0126865475  -0.0544104698  -0.1295119813  -0.0392010388   0.0060007372
        0.0174973749   0.0032958231   0.0004270081   0.0000401899   0.0000737292
        0.0081810017   0.0091446846  -0.0098448851  -0.0120798635  -0.0160863599
        0.0172931433  -0.0076344720  -0.0066034962   0.0058668426   0.0558906085
       -0.1092701291  -0.0788681017   0.0919160305  -0.1606442255   0.0658835511
        0.0001885314   0.0010036070   0.0007798095   0.0028887650  -0.0002874914
        0.0024237106   0.0006512610  -0.0000853557   0.0000468052   0.0001687401
        0.0002042447  -0.0001208558   0.0004414542  -0.0001216437   0.0004432384
        0.0446789264   0.0443499072  -0.1211580081  -0.0100459950  -0.0126865475
        0.4569612401  -0.0423329315  -0.0292981162  -0.0753513313  -0.0167355673
       -0.0032985659  -0.0163161411   0.0004337371   0.0007035295   0.0006203013
        0.0167202626   0.0116262613  -0.0188859219   0.0059770244   0.0099795365
       -0.0093035167  -0.0084648902  -0.0071349342   0.0074152814   0.0632050799
       -0.0823015434  -0.1427195907  -0.0500688921   0.0680600818  -0.0808829640
       -0.0008187988  -0.0010793646   0.0006439724  -0.0031799138   0.0016981067
       -0.0010636481   0.0003944908  -0.0004484191  -0.0002532770   0.0004125085
        0.0002848120  -0.0002541862  -0.0001750410  -0.0004547440   0.0005477898
       -0.0261107529  -0.0223400672  -0.0083559841  -0.1115972363  -0.0544104698
       -0.0423329315   0.3223762345   0.0000109641   0.1509657241  -0.1115835315
        0.0544014369  -0.0423367738  -0.0261036503   0.0223402528  -0.0083578814
        0.0015700054   0.0015532016  -0.0011230977   0.0004870458   0.0003688003
       -0.0005397246  -0.0042217107  -0.0043893477   0.0034189261   0.0042501626
       -0.0069825194  -0.0080089891  -0.0255779144  -0.0084197864  -0.0185375291
        0.0042541167   0.0069778843  -0.0080069433  -0.0255787775   0.0084221261
       -0.0185401601  -0.0042204518   0.0043900083   0.0034177069   0.0015696588
       -0.0015536308  -0.0011227579   0.0004868016  -0.0003688531  -0.0005395845
       -0.0263498937  -0.0149254419  -0.0089593925  -0.0416751921  -0.1295119813
       -0.0292981162   0.0000109641   0.3138333628  -0.0000201214   0.0416658718
       -0.1295150121   0.0293121825   0.0263526640  -0.0149320263   0.0089646626
        0.0013000692   0.0011003457  -0.0004244596   0.0008354984   0.0001586175
       -0.0004558723  -0.0035587557  -0.0035872654   0.0035498796  -0.0205266401
       -0.0203883760  -0.0225281907   0.0133085702   0.0102412275   0.0094676513
        0.0205197963  -0.0203853551   0.0225293561  -0.0133060518   0.0102414167
       -0.0094682957   0.0035590920  -0.0035894136  -0.0035499358  -0.0013004559
        0.0011010688   0.0004247579  -0.0008355368   0.0001588328   0.0004558942
        0.0067475878   0.0050244787   0.0114251084  -0.0453541134  -0.0392010388
       -0.0753513313   0.1509657241  -0.0000201214   0.1866433601  -0.0453548583
        0.0392155955  -0.0753613978   0.0067429031  -0.0050215047   0.0114244199
       -0.0009316075  -0.0001009104   0.0017570035  -0.0002028227  -0.0004442675
        0.0000925106   0.0023233807   0.0020843706  -0.0008658859  -0.0209997033
       -0.0220696616  -0.0192443882  -0.0170641101  -0.0059101312  -0.0111265179
       -0.0209998621   0.0220728600  -0.0192512591  -0.0170611438   0.0059091727
       -0.0111257786   0.0023225136  -0.0020842636  -0.0008650560  -0.0009313018
        0.0001011857   0.0017569004  -0.0002025863   0.0004442359   0.0000923120
        0.0006712255   0.0005055935  -0.0005179056  -0.0298018662   0.0060007372
       -0.0167355673  -0.1115835315   0.0416658718  -0.0453548583   0.4411250975
        0.0638878300  -0.0100540042  -0.0960439188   0.0301577839   0.0442570005
       -0.0003054719  -0.0001476555  -0.0000504141  -0.0008538810  -0.0000655484
       -0.0003402238   0.0002096440   0.0002665046   0.0001675621   0.0010856642
        0.0004405640   0.0016060304  -0.0031945217  -0.0023388201  -0.0024656241
       -0.0795012297  -0.0560216345   0.0641693539  -0.1077239241  -0.0956832981
       -0.0484174989  -0.0153956529   0.0137089694   0.0123992367  -0.0080851249
        0.0048976381   0.0098861013   0.0093974915  -0.0072745358  -0.0085491886
       -0.0004270181   0.0000400333  -0.0000735939  -0.0059965648   0.0174973749
       -0.0032985659   0.0544014369  -0.1295150121   0.0392155955   0.0638878300
        0.4946321548   0.0126820425   0.0287540353  -0.0999499878  -0.0446249639
       -0.0001685930   0.0002042957   0.0001207781  -0.0004414031  -0.0001215586
       -0.0004430271  -0.0006512300  -0.0000852372  -0.0000468643  -0.0001886871
        0.0010035916  -0.0007801064  -0.0028888112  -0.0002874031  -0.0024235199
       -0.0558839236  -0.1092274088   0.0788534431  -0.0919327285  -0.1606378743
       -0.0658628181   0.0076340875  -0.0066061152  -0.0058662762  -0.0081755490
        0.0091448068   0.0098389183   0.0120771188  -0.0160916597  -0.0172910418
        0.0004336864  -0.0007034685   0.0006204346  -0.0167341771   0.0032958231
       -0.0163161411  -0.0423367738   0.0293121825  -0.0753613978  -0.0100540042
        0.0126820425   0.4569573375   0.0446674341  -0.0443602001  -0.1211443095
        0.0004124953  -0.0002849375  -0.0002541670  -0.0001748568   0.0004548925
        0.0005477618   0.0003946521   0.0004483171  -0.0002533444  -0.0008185897
        0.0010794875   0.0006439259  -0.0031798200  -0.0016977713  -0.0010630852
        0.0632256667   0.0822869935  -0.1427464932  -0.0500640744  -0.0680390518
       -0.0808606236  -0.0084647757   0.0071381495   0.0074150047   0.0167198644
       -0.0116334307  -0.0188860658   0.0059732727  -0.0099790283  -0.0092988370
       -0.0001218413  -0.0000831100  -0.0000266598   0.0006712126   0.0004270081
        0.0004337371  -0.0261036503   0.0263526640   0.0067429031  -0.0960439188
        0.0287540353   0.0446674341   0.4961084160   0.0225675866   0.0311587592
       -0.0000365850  -0.0000632294   0.0000511089  -0.0001189582   0.0000361993
        0.0000598639  -0.0000947476  -0.0000421618   0.0000201121  -0.0009837942
        0.0004525492  -0.0000522324   0.0000717416   0.0000553865   0.0001901680
       -0.0086419187   0.0063256304   0.0137824874   0.0069700799  -0.0063216795
       -0.0087904067  -0.1940075739   0.0657385484  -0.1000300653  -0.0679334734
       -0.0451211492   0.0570453258  -0.1097349887  -0.0990782778  -0.0452525355
        0.0000830618  -0.0004293560  -0.0000724591  -0.0005057930   0.0000401899
        0.0007035295   0.0223402528  -0.0149320263  -0.0050215047   0.0301577839
       -0.0999499878  -0.0443602001   0.0225675866   0.5049369709  -0.0270409589
        0.0000112558  -0.0000477880  -0.0000158953  -0.0001545361   0.0002401772
        0.0001606483   0.0000112986   0.0001334780  -0.0000814101   0.0003175910
        0.0007222590   0.0001423257  -0.0001164455   0.0000343257  -0.0001604350
       -0.0075058427   0.0074531591   0.0094089985   0.0108554149  -0.0155445671
       -0.0180180168   0.0656236160  -0.0711394782   0.0447451230  -0.0451501547
       -0.1242374774   0.1046379940  -0.0985350894  -0.1872798791  -0.0650277391
       -0.0000266727   0.0000724738  -0.0004337950  -0.0005178438   0.0000737292
        0.0006203013  -0.0083578814   0.0089646626   0.0114244199   0.0442570005
       -0.0446249639  -0.1211443095   0.0311587592  -0.0270409589   0.4989452087
       -0.0001725768   0.0000141910   0.0001543506   0.0000332911  -0.0000636888
        0.0000522223   0.0000150714  -0.0000349792   0.0001330779   0.0001081094
        0.0004186270   0.0006027672  -0.0001477206   0.0001002269   0.0001722365
        0.0148687284  -0.0110375728  -0.0182283448   0.0070924619  -0.0105202244
       -0.0102607944  -0.0995250154   0.0442887486  -0.1066508037   0.0565653125
        0.1051861620  -0.1809660621  -0.0453510238  -0.0657964332  -0.0744204751
       -0.0679240545   0.0451547141   0.0565457656  -0.0080851691   0.0081810017
        0.0167202626   0.0015700054   0.0013000692  -0.0009316075  -0.0003054719
       -0.0001685930   0.0004124953  -0.0000365850   0.0000112558  -0.0001725768
        0.0763312899  -0.0517043269  -0.0689707615  -0.0068543706   0.0138044774
        0.0134362204   0.0069716851  -0.0148968534  -0.0197570769  -0.0018295767
       -0.0022867304   0.0034497252   0.0003636145   0.0003485817  -0.0005641742
       -0.0004153181   0.0003302733  -0.0000238635   0.0000025419   0.0000256928
        0.0000024933   0.0000259873  -0.0000264887  -0.0000378170   0.0001068816
        0.0000028943  -0.0000811133   0.0000785404  -0.0000759680  -0.0000279717
        0.0451258480  -0.1242859578  -0.1052030468  -0.0048938257   0.0091446846
        0.0116262613   0.0015532016   0.0011003457  -0.0001009104  -0.0001476555
        0.0002042957  -0.0002849375  -0.0000632294  -0.0000477880   0.0000141910
       -0.0517043269   0.1404012627   0.1207939789   0.0102142866  -0.0183334090
       -0.0190334832   0.0025533683  -0.0078409890  -0.0108401333  -0.0025096762
       -0.0008040345   0.0025979535  -0.0003013779   0.0006277344   0.0002102968
        0.0002986581  -0.0001448664   0.0000429733  -0.0000268082  -0.0000320576
        0.0000706643   0.0000109010  -0.0000102396  -0.0000089873  -0.0000028788
        0.0000727991   0.0000466162  -0.0001064851  -0.0000517803   0.0000685630
        0.0570258466  -0.1046548847  -0.1809272417   0.0098858228  -0.0098448851
       -0.0188859219  -0.0011230977  -0.0004244596   0.0017570035  -0.0000504141
        0.0001207781  -0.0002541670   0.0000511089  -0.0000158953   0.0001543506
       -0.0689707615   0.1207939789   0.2097072228  -0.0028127879   0.0047268855
        0.0073879109   0.0034218219  -0.0128927566  -0.0157939358   0.0027539798
        0.0027536487  -0.0030840988  -0.0001416449  -0.0005682665  -0.0000198696
        0.0000814120  -0.0000252112   0.0000331469  -0.0000420295  -0.0000115355
       -0.0000108859   0.0000051809   0.0000094230   0.0000568498  -0.0000811353
       -0.0000466058  -0.0000292147  -0.0000033019   0.0000797861  -0.0000911494
       -0.1097065773   0.0985153413  -0.0453599068   0.0093969200  -0.0120798635
        0.0059770244   0.0004870458   0.0008354984  -0.0002028227  -0.0008538810
       -0.0004414031  -0.0001748568  -0.0001189582  -0.0001545361   0.0000332911
       -0.0068543706   0.0102142866  -0.0028127879   0.1266430614  -0.1134541699
        0.0525536628  -0.0177040043   0.0202642322  -0.0115964482   0.0007710155
       -0.0005033706  -0.0004055966  -0.0009010961  -0.0025699344   0.0024097006
       -0.0012454088  -0.0009474711  -0.0006885683   0.0001351999   0.0000603865
        0.0000128899  -0.0000554841   0.0000270728  -0.0000054775   0.0000785593
        0.0001064425  -0.0000033282  -0.0000720216   0.0001274885   0.0002632242
        0.0990585582  -0.1872836328   0.0658240652   0.0072693784  -0.0160863599
        0.0099795365   0.0003688003   0.0001586175  -0.0004442675  -0.0000655484
       -0.0001215586   0.0004548925   0.0000361993   0.0002401772  -0.0000636888
        0.0138044774  -0.0183334090   0.0047268855  -0.1134541699   0.2148966104
       -0.0787601167  -0.0040508357   0.0072218528  -0.0029752185   0.0004217276
        0.0007512281  -0.0008115261  -0.0023225353  -0.0017300361   0.0030560349
       -0.0012390095   0.0000467137  -0.0008993091   0.0001894559   0.0001559923
       -0.0001339625   0.0000349157   0.0000119732  -0.0000113355   0.0000759580
       -0.0000518375  -0.0000797848  -0.0001273720   0.0001236688   0.0001377951
       -0.0452616331   0.0650554054  -0.0744447671  -0.0085477840   0.0172931433
       -0.0093035167  -0.0005397246  -0.0004558723   0.0000925106  -0.0003402238
       -0.0004430271   0.0005477618   0.0000598639   0.0001606483   0.0000522223
        0.0134362204  -0.0190334832   0.0073879109   0.0525536628  -0.0787601167
        0.0854813740  -0.0126698989   0.0132371312  -0.0072031620  -0.0007665516
        0.0004136880   0.0002966001   0.0025173642   0.0031840805  -0.0026602872
       -0.0006171176  -0.0003464821   0.0002188248   0.0000166534  -0.0000343773
       -0.0000906205  -0.0000760656  -0.0000642599  -0.0000443042  -0.0000279865
       -0.0000685538  -0.0000911044   0.0002632210  -0.0001379243  -0.0002394424
       -0.1940208607  -0.0656233809  -0.0995214548  -0.0153986712  -0.0076344720
       -0.0084648902  -0.0042217107  -0.0035587557   0.0023233807   0.0002096440
       -0.0006512300   0.0003946521  -0.0000947476   0.0000112986   0.0000150714
        0.0069716851   0.0025533683   0.0034218219  -0.0177040043  -0.0040508357
       -0.0126698989   0.2233835805   0.0783275863   0.1148415996  -0.0001569449
        0.0002581317   0.0000191378   0.0005876498   0.0001645253  -0.0005136442
        0.0003621410   0.0001889826   0.0001688199   0.0000632473   0.0000536618
        0.0000464650   0.0000484952   0.0000069318   0.0000098128   0.0000259828
       -0.0000108996   0.0000051781  -0.0000554863  -0.0000349125  -0.0000760511
       -0.0657384264  -0.0711372205  -0.0442829572  -0.0137055534  -0.0066034962
       -0.0071349342  -0.0043893477  -0.0035872654   0.0020843706   0.0002665046
       -0.0000852372   0.0004483171  -0.0000421618   0.0001334780  -0.0000349792
       -0.0148968534  -0.0078409890  -0.0128927566   0.0202642322   0.0072218528
        0.0132371312   0.0783275863   0.0817887347   0.0494433716   0.0001790494
        0.0001651509  -0.0001294141  -0.0004850457  -0.0000954114  -0.0005613132
        0.0001769967  -0.0000899205  -0.0001148058   0.0000505339   0.0001132957
       -0.0001115013  -0.0000069288   0.0000153003  -0.0000053830   0.0000264969
       -0.0000102600  -0.0000094155  -0.0000270827   0.0000119876   0.0000642695
       -0.1000265946  -0.0447392729  -0.1066396322   0.0124019369   0.0058668426
        0.0074152814   0.0034189261   0.0035498796  -0.0008658859   0.0001675621
       -0.0000468643  -0.0002533444   0.0000201121  -0.0000814101   0.0001330779
       -0.0197570769  -0.0108401333  -0.0157939358  -0.0115964482  -0.0029752185
       -0.0072031620   0.1148415996   0.0494433716   0.1221459666   0.0001092799
        0.0001211928   0.0001690509   0.0005026165  -0.0000590917   0.0006913312
       -0.0000561263  -0.0001915633   0.0001119889   0.0000077145  -0.0000734591
        0.0000722012   0.0000098150   0.0000053843   0.0000045272  -0.0000378278
        0.0000090137   0.0000568584  -0.0000054888   0.0000113286  -0.0000443232
       -0.0086420824   0.0075106911   0.0148692101  -0.0794856520   0.0558906085
        0.0632050799   0.0042501626  -0.0205266401  -0.0209997033   0.0010856642
       -0.0001886871  -0.0008185897  -0.0009837942   0.0003175910   0.0001081094
       -0.0018295767  -0.0025096762   0.0027539798   0.0007710155   0.0004217276
       -0.0007665516  -0.0001569449   0.0001790494   0.0001092799   0.0954655640
       -0.0556941904  -0.0702181983  -0.0089429345   0.0136981148   0.0120683250
       -0.0001901545   0.0000107335   0.0000856992  -0.0000428026   0.0001272523
        0.0001952796   0.0003620774  -0.0001770849  -0.0000560877  -0.0004154750
       -0.0002986272   0.0000814607  -0.0012450669   0.0012391377  -0.0006172929
       -0.0063211267   0.0074533171   0.0110311373   0.0560283360  -0.1092701291
       -0.0823015434  -0.0069825194  -0.0203883760  -0.0220696616   0.0004405640
        0.0010035916   0.0010794875   0.0004525492   0.0007222590   0.0004186270
       -0.0022867304  -0.0008040345   0.0027536487  -0.0005033706   0.0007512281
        0.0004136880   0.0002581317   0.0001651509   0.0001211928  -0.0556941904
        0.1372806189   0.1028544740   0.0139192587  -0.0166311183  -0.0150426220
       -0.0000107200  -0.0000858117   0.0000575654   0.0002715025  -0.0000087346
        0.0001205585  -0.0001890151  -0.0000898178   0.0001916187  -0.0003302683
       -0.0001447671   0.0000252130   0.0009475988   0.0000466233   0.0003466160
        0.0137822514  -0.0094151790  -0.0182283692   0.0641491844  -0.0788681017
       -0.1427195907  -0.0080089891  -0.0225281907  -0.0192443882   0.0016060304
       -0.0007801064   0.0006439259  -0.0000522324   0.0001423257   0.0006027672
        0.0034497252   0.0025979535  -0.0030840988  -0.0004055966  -0.0008115261
        0.0002966001   0.0000191378  -0.0001294141   0.0001690509  -0.0702181983
        0.1028544740   0.1737623380  -0.0041078285   0.0057891020   0.0076247596
        0.0000856923  -0.0000576055  -0.0002962096   0.0002443925   0.0002349738
        0.0001095261   0.0001688765   0.0001148180   0.0001119422  -0.0000238590
       -0.0000429794   0.0000331348  -0.0006885867   0.0008994560   0.0002186117
        0.0069694496  -0.0108577207   0.0070959348  -0.1076952150   0.0919160305
       -0.0500688921  -0.0255779144   0.0133085702  -0.0170641101  -0.0031945217
       -0.0028888112  -0.0031798200   0.0000717416  -0.0001164455  -0.0001477206
        0.0003636145  -0.0003013779  -0.0001416449  -0.0009010961  -0.0023225353
        0.0025173642   0.0005876498  -0.0004850457   0.0005026165  -0.0089429345
        0.0139192587  -0.0041078285   0.1391179580  -0.1021711548   0.0650886397
       -0.0000428710  -0.0002714482   0.0002443784  -0.0009568034   0.0004838570
       -0.0007213023   0.0000632381  -0.0000505208   0.0000077252   0.0000025550
        0.0000267980  -0.0000420347   0.0001351497  -0.0001894542   0.0000166944
        0.0063169382  -0.0155392173   0.0105201155   0.0956668720  -0.1606442255
        0.0680600818  -0.0084197864   0.0102412275  -0.0059101312  -0.0023388201
       -0.0002874031  -0.0016977713   0.0000553865   0.0000343257   0.0001002269
        0.0003485817   0.0006277344  -0.0005682665  -0.0025699344  -0.0017300361
        0.0031840805   0.0001645253  -0.0000954114  -0.0000590917   0.0136981148
       -0.0166311183   0.0057891020  -0.1021711548   0.1835409575  -0.0789032875
       -0.0001272281  -0.0000087038  -0.0002349925  -0.0004837935   0.0002545209
       -0.0003993806  -0.0000536308   0.0001133602   0.0000734490  -0.0000256999
       -0.0000320712   0.0000115278  -0.0000603705   0.0001560605   0.0000343379
       -0.0087885769   0.0180200777  -0.0102654895  -0.0484232600   0.0658835511
       -0.0808829640  -0.0185375291   0.0094676513  -0.0111265179  -0.0024656241
       -0.0024235199  -0.0010630852   0.0001901680  -0.0001604350   0.0001722365
       -0.0005641742   0.0002102968  -0.0000198696   0.0024097006   0.0030560349
       -0.0026602872  -0.0005136442  -0.0005613132   0.0006913312   0.0120683250
       -0.0150426220   0.0076247596   0.0650886397  -0.0789032875   0.0979760256
        0.0001952453  -0.0001205266   0.0001095842  -0.0007211687   0.0003993665
       -0.0005263893   0.0000464975   0.0001114853   0.0000721848   0.0000024634
       -0.0000706720  -0.0000108822   0.0000129378   0.0001339124  -0.0000906372
       -0.0009839048  -0.0003172793   0.0001081072   0.0010856202   0.0001885314
       -0.0008187988   0.0042541167   0.0205197963  -0.0209998621  -0.0795012297
       -0.0558839236   0.0632256667  -0.0086419187  -0.0075058427   0.0148687284
       -0.0004153181   0.0002986581   0.0000814120  -0.0012454088  -0.0012390095
       -0.0006171176   0.0003621410   0.0001769967  -0.0000561263  -0.0001901545
       -0.0000107200   0.0000856923  -0.0000428710  -0.0001272281   0.0001952453
        0.0954807362   0.0556879939  -0.0702417452  -0.0089469884  -0.0136973821
        0.0120729316  -0.0001570230  -0.0001789509   0.0001092878  -0.0018288429
        0.0025102179   0.0027531156   0.0007710458  -0.0004218583  -0.0007665369
       -0.0004522966   0.0007222520  -0.0004186831  -0.0004403202   0.0010036070
       -0.0010793646   0.0069778843  -0.0203853551   0.0220728600  -0.0560216345
       -0.1092274088   0.0822869935   0.0063256304   0.0074531591  -0.0110375728
        0.0003302733  -0.0001448664  -0.0000252112  -0.0009474711   0.0000467137
       -0.0003464821   0.0001889826  -0.0000899205  -0.0001915633   0.0000107335
       -0.0000858117  -0.0000576055  -0.0002714482  -0.0000087038  -0.0001205266
        0.0556879939   0.1372309851  -0.1028383638  -0.0139209832  -0.0166255500
        0.0150448903  -0.0002580710   0.0001651649  -0.0001212075   0.0022874186
       -0.0008055858  -0.0027544363   0.0005033083   0.0007513205  -0.0004137269
       -0.0000521840  -0.0001423361   0.0006028281   0.0016062049   0.0007798095
        0.0006439724  -0.0080069433   0.0225293561  -0.0192512591   0.0641693539
        0.0788534431  -0.1427464932   0.0137824874   0.0094089985  -0.0182283448
       -0.0000238635   0.0000429733   0.0000331469  -0.0006885683  -0.0008993091
        0.0002188248   0.0001688199  -0.0001148058   0.0001119889   0.0000856992
        0.0000575654  -0.0002962096   0.0002443784  -0.0002349925   0.0001095842
       -0.0702417452  -0.1028383638   0.1737964825  -0.0041062876  -0.0057844457
        0.0076232096   0.0000192391   0.0001293923   0.0001689866   0.0034489742
       -0.0025988165  -0.0030832810  -0.0004055653   0.0008115311   0.0002965634
        0.0000717439   0.0001164128  -0.0001477614  -0.0031938343   0.0028887650
       -0.0031799138  -0.0255787775  -0.0133060518  -0.0170611438  -0.1077239241
       -0.0919327285  -0.0500640744   0.0069700799   0.0108554149   0.0070924619
        0.0000025419  -0.0000268082  -0.0000420295   0.0001351999   0.0001894559
        0.0000166534   0.0000632473   0.0000505339   0.0000077145  -0.0000428026
        0.0002715025   0.0002443925  -0.0009568034  -0.0004837935  -0.0007211687
       -0.0089469884  -0.0139209832  -0.0041062876   0.1391493980   0.1021890414
        0.0650837258   0.0005876774   0.0004850872   0.0005025702   0.0003635746
        0.0003013674  -0.0001416377  -0.0009003327   0.0023227843   0.0025164985
       -0.0000553665   0.0000343079  -0.0001001831   0.0023388863  -0.0002874914
        0.0016981067   0.0084221261   0.0102414167   0.0059091727  -0.0956832981
       -0.1606378743  -0.0680390518  -0.0063216795  -0.0155445671  -0.0105202244
        0.0000256928  -0.0000320576  -0.0000115355   0.0000603865   0.0001559923
       -0.0000343773   0.0000536618   0.0001132957  -0.0000734591   0.0001272523
       -0.0000087346   0.0002349738   0.0004838570   0.0002545209   0.0003993665
       -0.0136973821  -0.0166255500  -0.0057844457   0.1021890414   0.1835361043
        0.0788790353  -0.0001647110  -0.0000953543   0.0000591416  -0.0003486283
        0.0006277401   0.0005681505   0.0025701613  -0.0017317486  -0.0031846702
        0.0001901886   0.0001604349   0.0001722090  -0.0024657199   0.0024237106
       -0.0010636481  -0.0185401601  -0.0094682957  -0.0111257786  -0.0484174989
       -0.0658628181  -0.0808606236  -0.0087904067  -0.0180180168  -0.0102607944
        0.0000024933   0.0000706643  -0.0000108859   0.0000128899  -0.0001339625
       -0.0000906205   0.0000464650  -0.0001115013   0.0000722012   0.0001952796
        0.0001205585   0.0001095261  -0.0007213023  -0.0003993806  -0.0005263893
        0.0120729316   0.0150448903   0.0076232096   0.0650837258   0.0788790353
        0.0979495876  -0.0005135702   0.0005615316   0.0006912717  -0.0005641427
       -0.0002103274  -0.0000199303   0.0024088271  -0.0030565229  -0.0026593345
       -0.0000947449  -0.0000112598   0.0000150756   0.0002097107   0.0006512610
        0.0003944908  -0.0042204518   0.0035590920   0.0023225136  -0.0153956529
        0.0076340875  -0.0084647757  -0.1940075739   0.0656236160  -0.0995250154
        0.0000259873   0.0000109010   0.0000051809  -0.0000554841   0.0000349157
       -0.0000760656   0.0000484952  -0.0000069288   0.0000098150   0.0003620774
       -0.0001890151   0.0001688765   0.0000632381  -0.0000536308   0.0000464975
       -0.0001570230  -0.0002580710   0.0000192391   0.0005876774  -0.0001647110
       -0.0005135702   0.2233674389  -0.0783277600   0.1148463938   0.0069730092
       -0.0025545416   0.0034235261  -0.0177067036   0.0040520448  -0.0126721818
        0.0000421889   0.0001334925   0.0000349740  -0.0002665267  -0.0000853557
       -0.0004484191   0.0043900083  -0.0035894136  -0.0020842636   0.0137089694
       -0.0066061152   0.0071381495   0.0657385484  -0.0711394782   0.0442887486
       -0.0000264887  -0.0000102396   0.0000094230   0.0000270728   0.0000119732
       -0.0000642599   0.0000069318   0.0000153003   0.0000053843  -0.0001770849
       -0.0000898178   0.0001148180  -0.0000505208   0.0001133602   0.0001114853
       -0.0001789509   0.0001651649   0.0001293923   0.0004850872  -0.0000953543
        0.0005615316  -0.0783277600   0.0817927523  -0.0494500548   0.0148916742
       -0.0078385039   0.0128906177  -0.0202631490   0.0072222350  -0.0132375268
        0.0000200981   0.0000814067   0.0001330560   0.0001675947   0.0000468052
       -0.0002532770   0.0034177069  -0.0035499358  -0.0008650560   0.0123992367
       -0.0058662762   0.0074150047  -0.1000300653   0.0447451230  -0.1066508037
       -0.0000378170  -0.0000089873   0.0000568498  -0.0000054775  -0.0000113355
       -0.0000443042   0.0000098128  -0.0000053830   0.0000045272  -0.0000560877
        0.0001916187   0.0001119422   0.0000077252   0.0000734490   0.0000721848
        0.0001092878  -0.0001212075   0.0001689866   0.0005025702   0.0000591416
        0.0006912717   0.1148463938  -0.0494500548   0.1221582131  -0.0197586578
        0.0108414460  -0.0157977224  -0.0115923209   0.0029741899  -0.0072008728
       -0.0000365834  -0.0000112682  -0.0001725838  -0.0003054199   0.0001687401
        0.0004125085   0.0015696588  -0.0013004559  -0.0009313018  -0.0080851249
       -0.0081755490   0.0167198644  -0.0679334734  -0.0451501547   0.0565653125
        0.0001068816  -0.0000028788  -0.0000811353   0.0000785593   0.0000759580
       -0.0000279865   0.0000259828   0.0000264969  -0.0000378278  -0.0004154750
       -0.0003302683  -0.0000238590   0.0000025550  -0.0000256999   0.0000024634
       -0.0018288429   0.0022874186   0.0034489742   0.0003635746  -0.0003486283
       -0.0005641427   0.0069730092   0.0148916742  -0.0197586578   0.0763420248
        0.0516984035  -0.0689930369  -0.0068573266  -0.0138037880   0.0134414084
        0.0000632400  -0.0000477913  -0.0000141224   0.0001477224   0.0002042447
        0.0002848120  -0.0015536308   0.0011010688   0.0001011857   0.0048976381
        0.0091448068  -0.0116334307  -0.0451211492  -0.1242374774   0.1051861620
        0.0000028943   0.0000727991  -0.0000466058   0.0001064425  -0.0000518375
       -0.0000685538  -0.0000108996  -0.0000102600   0.0000090137  -0.0002986272
       -0.0001447671  -0.0000429794   0.0000267980  -0.0000320712  -0.0000706720
        0.0025102179  -0.0008055858  -0.0025988165   0.0003013674   0.0006277401
       -0.0002103274  -0.0025545416  -0.0078385039   0.0108414460   0.0516984035
        0.1403453072  -0.1207734659  -0.0102158757  -0.0183276725   0.0190363544
        0.0000510882   0.0000159360   0.0001543570  -0.0000504593  -0.0001208558
       -0.0002541862  -0.0011227579   0.0004247579   0.0017569004   0.0098861013
        0.0098389183  -0.0188860658   0.0570453258   0.1046379940  -0.1809660621
       -0.0000811133   0.0000466162  -0.0000292147  -0.0000033282  -0.0000797848
       -0.0000911044   0.0000051781  -0.0000094155   0.0000568584   0.0000814607
        0.0000252130   0.0000331348  -0.0000420347   0.0000115278  -0.0000108822
        0.0027531156  -0.0027544363  -0.0030832810  -0.0001416377   0.0005681505
       -0.0000199303   0.0034235261   0.0128906177  -0.0157977224  -0.0689930369
       -0.1207734659   0.2097518546  -0.0028114278  -0.0047217732   0.0073853438
       -0.0001189470   0.0001545861   0.0000332602  -0.0008538110   0.0004414542
       -0.0001750410   0.0004868016  -0.0008355368  -0.0002025863   0.0093974915
        0.0120771188   0.0059732727  -0.1097349887  -0.0985350894  -0.0453510238
        0.0000785404  -0.0001064851  -0.0000033019  -0.0000720216  -0.0001273720
        0.0002632210  -0.0000554863  -0.0000270827  -0.0000054888  -0.0012450669
        0.0009475988  -0.0006885867   0.0001351497  -0.0000603705   0.0000129378
        0.0007710458   0.0005033083  -0.0004055653  -0.0009003327   0.0025701613
        0.0024088271  -0.0177067036  -0.0202631490  -0.0115923209  -0.0068573266
       -0.0102158757  -0.0028114278   0.1266756554   0.1134767335   0.0525438237
       -0.0000361275   0.0002401472   0.0000636535   0.0000655862  -0.0001216437
       -0.0004547440  -0.0003688531   0.0001588328   0.0004442359  -0.0072745358
       -0.0160916597  -0.0099790283  -0.0990782778  -0.1872798791  -0.0657964332
       -0.0000759680  -0.0000517803   0.0000797861   0.0001274885   0.0001236688
       -0.0001379243  -0.0000349125   0.0000119876   0.0000113286   0.0012391377
        0.0000466233   0.0008994560  -0.0001894542   0.0001560605   0.0001339124
       -0.0004218583   0.0007513205   0.0008115311   0.0023227843  -0.0017317486
       -0.0030565229   0.0040520448   0.0072222350   0.0029741899  -0.0138037880
       -0.0183276725  -0.0047217732   0.1134767335   0.2148935083   0.0787283324
        0.0000598291  -0.0001606960   0.0000522238  -0.0003401354   0.0004432384
        0.0005477898  -0.0005395845   0.0004558942   0.0000923120  -0.0085491886
       -0.0172910418  -0.0092988370  -0.0452525355  -0.0650277391  -0.0744204751
       -0.0000279717   0.0000685630  -0.0000911494   0.0002632242   0.0001377951
       -0.0002394424  -0.0000760511   0.0000642695  -0.0000443232  -0.0006172929
        0.0003466160   0.0002186117   0.0000166944   0.0000343379  -0.0000906372
       -0.0007665369  -0.0004137269   0.0002965634   0.0025164985  -0.0031846702
       -0.0026593345  -0.0126721818  -0.0132375268  -0.0072008728   0.0134414084
        0.0190363544   0.0073853438   0.0525438237   0.0787283324   0.0854522271
