           1           2   1.01063511120836     
           2           3  0.972723350377401     
           3           4  0.972723433773045     
           4           5   1.01063505439970     
           1           6  0.986497001934337     
           1           7  0.984984760104895     
           1           8  0.983923499386133     
           2           9  0.968733239607123     
           2          10  0.971030200740599     
           4          11  0.968733241116119     
           4          12  0.971030240388023     
           5          13  0.983923491707624     
           5          14  0.986496883895022     
           5          15  0.984984928699662     
