           1           2   1.44324041866559     
           2           3   1.43606598643422     
           1           4  0.102250408174590     
           3           4   1.39831253899469     
           2           5  0.112115665882600     
           4           5   1.38936949430803     
           1           6   1.43442026460065     
           3           6  0.110137858091145     
           5           6   1.44702847698365     
           4           7  0.938519344108594     
           7           8   1.18765764849745     
           7           9  0.173030651786472     
           8           9   1.75530516453809     
           1          10  0.967518077296211     
           2          11  0.967284666169390     
           3          12  0.964364227066318     
           5          13  0.965135018831047     
           6          14  0.966848824370813     
           8          15  0.916637413664113     
