$hessian                                                                        
        0.4850393125  -0.0159424644   0.0370227494  -0.1126830322  -0.0210847144
        0.0559839306  -0.0308036160  -0.0225846454   0.0061281714   0.0004213064
       -0.0006453046   0.0008533066  -0.0004199598   0.0001130719  -0.0000441312
       -0.0753807164   0.0670777303   0.0477998820  -0.0842161704   0.0695173171
       -0.0600071337  -0.1754062348  -0.0755686425  -0.0968789546  -0.0114722616
       -0.0029186265   0.0141921237   0.0059801040   0.0020859683  -0.0053726151
       -0.0009663264  -0.0001269624   0.0000082048   0.0001156969  -0.0000072127
        0.0001993072  -0.0001568365   0.0000617148   0.0000223820  -0.0000336945
        0.0000866661   0.0000508323  -0.0000175712  -0.0000638956   0.0000419447
       -0.0159424644   0.5168137542   0.0200955102  -0.0216593189  -0.0789348388
        0.0300291552  -0.0242701077  -0.0108495330   0.0041184819   0.0003693980
       -0.0006200638   0.0004273568  -0.0001130763  -0.0002075292   0.0000301790
        0.0667943930  -0.1808937625  -0.1000666015   0.0687466789  -0.1576352160
        0.0975055708  -0.0752205368  -0.0858173194  -0.0554937920   0.0134067260
        0.0062632326  -0.0142749656  -0.0127290610  -0.0092110362   0.0175757569
        0.0006363949   0.0006447156  -0.0001825239   0.0001504987   0.0001570156
        0.0000917715  -0.0000602637   0.0001378045   0.0001015203  -0.0000102467
       -0.0000268592   0.0000140417  -0.0000990140   0.0001796356   0.0000285388
        0.0370227494   0.0200955102   0.4977285633   0.0554811611   0.0297626902
       -0.1239319272  -0.0100998255  -0.0057616645   0.0118822320  -0.0002950471
       -0.0004904332   0.0007856415  -0.0000439047  -0.0000306056  -0.0004660162
        0.0471816661  -0.1006564803  -0.1177017304  -0.0596791765   0.0979707732
       -0.1290383542  -0.0961537127  -0.0551527503  -0.1104341730   0.0141046401
        0.0044208438  -0.0138509901   0.0127899848   0.0100947708  -0.0158928772
       -0.0001844523  -0.0003344472   0.0003811060  -0.0000112248  -0.0000903227
        0.0001971354  -0.0000036867   0.0000652278   0.0001431341  -0.0001407365
       -0.0000428698   0.0001107763   0.0000315652   0.0001497577   0.0000874796
       -0.1126830322  -0.0216593189   0.0554811611   0.4340643660  -0.0624287299
       -0.0027330133  -0.1143934888  -0.0423256493  -0.0445894137  -0.0269674522
       -0.0059794332  -0.0177860916   0.0004212939  -0.0003699116  -0.0002944622
       -0.0112459049  -0.0024219313   0.0109700508   0.0087214972   0.0025280862
       -0.0058925434  -0.0167469097  -0.0092234390   0.0119104438  -0.0796189083
        0.0707519175   0.0481974779  -0.0789608636   0.0699642227  -0.0550255078
        0.0007814515  -0.0005609138   0.0012691352  -0.0024116739   0.0019558117
       -0.0012831075   0.0001718268  -0.0001941955   0.0003153749  -0.0004063497
        0.0000246645  -0.0001717627  -0.0007258522  -0.0000611803  -0.0003677414
       -0.0210847144  -0.0789348388   0.0297626902  -0.0624287299   0.5012308451
       -0.0208506370  -0.0573259317  -0.1310972417  -0.0372229891   0.0059397598
        0.0174714304   0.0021846190   0.0006470125  -0.0006199197   0.0004929120
        0.0147839495   0.0075893916  -0.0146314361  -0.0136027342  -0.0095316865
        0.0160180018  -0.0095939409  -0.0051150972   0.0068332430   0.0717297982
       -0.1559257107  -0.0762794503   0.0662421910  -0.1462377599   0.0904185772
        0.0002073841   0.0015998482   0.0008447558   0.0029626839  -0.0003235816
        0.0024772015   0.0008041718  -0.0000441360   0.0000070034   0.0000806248
        0.0000910321  -0.0002004502   0.0006384754  -0.0001525753   0.0001459585
        0.0559839306   0.0300291552  -0.1239319272  -0.0027330133  -0.0208506370
        0.4585119849  -0.0413364807  -0.0285757838  -0.0706474774  -0.0177972166
       -0.0022570863  -0.0189762036   0.0008520381  -0.0004245404   0.0007854612
        0.0156520829   0.0042896565  -0.0143182809   0.0126625973   0.0103465138
       -0.0152772643  -0.0101644198  -0.0051162910   0.0078051758   0.0472891532
       -0.0796516951  -0.0990220400  -0.0561274446   0.0924324716  -0.1233006844
       -0.0010538737  -0.0016295264   0.0008122835  -0.0045643159   0.0018431248
       -0.0021078242   0.0005688149  -0.0002063896  -0.0001169799   0.0002624254
        0.0001680698  -0.0003146787   0.0005057222  -0.0003970421   0.0000984554
       -0.0308036160  -0.0242701077  -0.0100998255  -0.1143934888  -0.0573259317
       -0.0413364807   0.3340965699   0.0001415984   0.1473006267  -0.1144054787
        0.0572481953  -0.0414498090  -0.0308087518   0.0242478938  -0.0101471323
        0.0019544569   0.0011092243  -0.0012161549   0.0008594702   0.0006186235
       -0.0005808878  -0.0061133438  -0.0035277043   0.0040740832   0.0036291006
       -0.0060876442  -0.0058709202  -0.0221695337  -0.0077357733  -0.0185236239
        0.0036254918   0.0060797222  -0.0058853559  -0.0221702637   0.0076974554
       -0.0185375478  -0.0061140777   0.0035349892   0.0040677409   0.0019537831
       -0.0011108662  -0.0012150120   0.0008596818  -0.0006196747  -0.0005797009
       -0.0225846454  -0.0108495330  -0.0057616645  -0.0423256493  -0.1310972417
       -0.0285757838   0.0001415984   0.3157000730  -0.0001312700   0.0422414056
       -0.1309593879   0.0286862263   0.0225937873  -0.0108403573   0.0058044005
        0.0011306295   0.0007350471  -0.0002201797   0.0009797578   0.0000176678
       -0.0005392573  -0.0034389974  -0.0018445991   0.0030764142  -0.0236457307
       -0.0249139615  -0.0230968940   0.0120558200   0.0099886188   0.0075789902
        0.0236177812  -0.0248267955   0.0231157524  -0.0120962470   0.0099888188
       -0.0076260730   0.0034435989  -0.0018524441  -0.0030735106  -0.0011321861
        0.0007346443   0.0002217868  -0.0009809230   0.0000194503   0.0005410625
        0.0061281714   0.0041184819   0.0118822320  -0.0445894137  -0.0372229891
       -0.0706474774   0.1473006267  -0.0001312700   0.1711632041  -0.0446749767
        0.0373336833  -0.0707750477   0.0060850994  -0.0040742362   0.0118793188
       -0.0011736486   0.0003572300   0.0014561321  -0.0007392864  -0.0006559835
        0.0007296027   0.0025732757   0.0017314775  -0.0008300686  -0.0162368169
       -0.0198417649  -0.0147732061  -0.0195336691  -0.0087099081  -0.0132947098
       -0.0162849085   0.0198590356  -0.0148559440  -0.0195116763   0.0086634133
       -0.0132973813   0.0025668121  -0.0017292666  -0.0008202885  -0.0011722673
       -0.0003551713   0.0014560353  -0.0007373219   0.0006572681   0.0007275983
        0.0004213064   0.0003693980  -0.0002950471  -0.0269674522   0.0059397598
       -0.0177972166  -0.1144054787   0.0422414056  -0.0446749767   0.4340514774
        0.0624145481  -0.0028562167  -0.1126881526   0.0217628775   0.0554427066
       -0.0004062707  -0.0000250481  -0.0001716065  -0.0007257522   0.0000603983
       -0.0003678400   0.0001718927   0.0001948244   0.0003150621   0.0007813548
        0.0005633261   0.0012679945  -0.0024110957  -0.0019584295  -0.0012789572
       -0.0796024606  -0.0706489769   0.0483244015  -0.0789458184  -0.0700625547
       -0.0548800376  -0.0167491039   0.0092451308   0.0118938077  -0.0112446265
        0.0024406355   0.0109637609   0.0087201802  -0.0025372950  -0.0058858347
       -0.0006453046  -0.0006200638  -0.0004904332  -0.0059794332   0.0174714304
       -0.0022570863   0.0572481953  -0.1309593879   0.0373336833   0.0624145481
        0.5013294344   0.0207678716   0.0211892869  -0.0790458780  -0.0298429861
       -0.0000801489   0.0000909099   0.0001996948  -0.0006375756  -0.0001523064
       -0.0001456365  -0.0008030584  -0.0000437993  -0.0000072518  -0.0002094284
        0.0016015852  -0.0008461279  -0.0029718529  -0.0003325320  -0.0024807035
       -0.0716286234  -0.1556407643   0.0763953865  -0.0663426529  -0.1466082470
       -0.0903798226   0.0095728326  -0.0051162519  -0.0068070895  -0.0147561708
        0.0076073093   0.0145905111   0.0136293863  -0.0095814386  -0.0160300099
        0.0008533066   0.0004273568   0.0007856415  -0.0177860916   0.0021846190
       -0.0189762036  -0.0414498090   0.0286862263  -0.0707750477  -0.0028562167
        0.0207678716   0.4584339666   0.0559466460  -0.0301094867  -0.1238164197
        0.0002625159  -0.0001689213  -0.0003147485   0.0005069246   0.0003975664
        0.0000978851   0.0005703736   0.0002063515  -0.0001174292  -0.0010536515
        0.0016279718   0.0008107008  -0.0045583196  -0.0018469335  -0.0020995034
        0.0474176286   0.0797676141  -0.0993243829  -0.0559890329  -0.0923940607
       -0.1229475297  -0.0101830764   0.0051399716   0.0078076936   0.0156812541
       -0.0043300584  -0.0143382494   0.0126375482  -0.0103560885  -0.0152263736
       -0.0004199598  -0.0001130763  -0.0000439047   0.0004212939   0.0006470125
        0.0008520381  -0.0308087518   0.0225937873   0.0060850994  -0.1126881526
        0.0211892869   0.0559466460   0.4850371009   0.0160096296   0.0369920367
       -0.0000336919  -0.0000864256   0.0000509134  -0.0000176035   0.0000640958
        0.0000419470  -0.0001568481  -0.0000616859   0.0000225953  -0.0009662447
        0.0001267127   0.0000080309   0.0001157287   0.0000074647   0.0001991711
       -0.0114710804   0.0029439145   0.0141848326   0.0059789374  -0.0020944880
       -0.0053666788  -0.1754243032   0.0753709587  -0.0970304705  -0.0753656685
       -0.0669717684   0.0479193381  -0.0842007565  -0.0696254184  -0.0598615946
        0.0001130719  -0.0002075292  -0.0000306056  -0.0003699116  -0.0006199197
       -0.0004245404   0.0242478938  -0.0108403573  -0.0040742362   0.0217628775
       -0.0790458780  -0.0301094867   0.0160096296   0.5167380523  -0.0201289171
        0.0000098885  -0.0000267738  -0.0000137515   0.0000990785   0.0001793689
       -0.0000286247   0.0000602033   0.0001374243  -0.0001013927  -0.0006368991
        0.0006456019   0.0001821080  -0.0001506055   0.0001567895  -0.0000917430
       -0.0133816171   0.0062813929   0.0142378773   0.0127556660  -0.0092635488
       -0.0175894822   0.0750242203  -0.0855861768   0.0554339723  -0.0666894338
       -0.1805192085   0.1001949546  -0.0688540623  -0.1580292378  -0.0974561319
       -0.0000441312   0.0000301790  -0.0004660162  -0.0002944622   0.0004929120
        0.0007854612  -0.0101471323   0.0058044005   0.0118793188   0.0554427066
       -0.0298429861  -0.1238164197   0.0369920367  -0.0201289171   0.4978068068
       -0.0001408220   0.0000431177   0.0001106102   0.0000314192  -0.0001498162
        0.0000880688  -0.0000037686  -0.0000652843   0.0001435961  -0.0001832414
        0.0003337326   0.0003803120  -0.0000109831   0.0000901676   0.0001969395
        0.0141311810  -0.0044577177  -0.0138701276   0.0127666313  -0.0101061813
       -0.0158396767  -0.0963045384   0.0550931712  -0.1106475553   0.0473003453
        0.1007847420  -0.1180901364  -0.0595352408  -0.0979215200  -0.1286611816
       -0.0753807164   0.0667943930   0.0471816661  -0.0112459049   0.0147839495
        0.0156520829   0.0019544569   0.0011306295  -0.0011736486  -0.0004062707
       -0.0000801489   0.0002625159  -0.0000336919   0.0000098885  -0.0001408220
        0.0855875249  -0.0777563674  -0.0587146281  -0.0060357886   0.0142055031
        0.0070282010   0.0078248436  -0.0178394833  -0.0135426199  -0.0029714429
       -0.0015773693   0.0040120371   0.0005600394   0.0003471104  -0.0006214254
        0.0000277859   0.0001732693   0.0001384019  -0.0000585849  -0.0000769224
        0.0000542249   0.0000375382  -0.0000285121  -0.0000424481   0.0000754445
        0.0000104255  -0.0000327212   0.0000647669  -0.0000963654  -0.0000608165
        0.0670777303  -0.1808937625  -0.1006564803  -0.0024219313   0.0075893916
        0.0042896565   0.0011092243   0.0007350471   0.0003572300  -0.0000250481
        0.0000909099  -0.0001689213  -0.0000864256  -0.0000267738   0.0000431177
       -0.0777563674   0.2058870230   0.1161208668   0.0104122984  -0.0214108111
       -0.0113826891   0.0038760448  -0.0129435159  -0.0101204108  -0.0019446093
        0.0004297924   0.0014118829  -0.0003614701   0.0006644911   0.0001287143
        0.0001331470  -0.0002046784  -0.0000895389   0.0000337143   0.0000790032
        0.0000006664  -0.0000069155  -0.0000198893   0.0000006661  -0.0000107065
        0.0000452471   0.0000163029  -0.0000286852  -0.0000214743   0.0000489369
        0.0477998820  -0.1000666015  -0.1177017304   0.0109700508  -0.0146314361
       -0.0143182809  -0.0012161549  -0.0002201797   0.0014561321  -0.0001716065
        0.0001996948  -0.0003147485   0.0000509134  -0.0000137515   0.0001106102
       -0.0587146281   0.1161208668   0.1357447462  -0.0068166477   0.0138002431
        0.0095787132   0.0046556214  -0.0161386780  -0.0114856833   0.0036098310
        0.0015942162  -0.0030568569  -0.0000775514  -0.0007177573   0.0000501858
        0.0000599350   0.0000259804  -0.0000418416  -0.0000665997  -0.0000111805
       -0.0000110686   0.0000056271   0.0000143873   0.0000440147  -0.0000325470
       -0.0000165492  -0.0000210466  -0.0000561253   0.0000607451  -0.0000331456
       -0.0842161704   0.0687466789  -0.0596791765   0.0087214972  -0.0136027342
        0.0126625973   0.0008594702   0.0009797578  -0.0007392864  -0.0007257522
       -0.0006375756   0.0005069246  -0.0000176035   0.0000990785   0.0000314192
       -0.0060357886   0.0104122984  -0.0068166477   0.0972007354  -0.0797655035
        0.0685633495  -0.0131724592   0.0166447270  -0.0170367862   0.0008287310
       -0.0005105639  -0.0003263714  -0.0021160609  -0.0023445776   0.0033861674
       -0.0015679011  -0.0002479973  -0.0004525815   0.0002217849   0.0002052100
       -0.0000837631  -0.0000276743   0.0000064076  -0.0000225656   0.0000648282
        0.0000285335  -0.0000561305  -0.0000176366  -0.0000137396   0.0000628511
        0.0695173171  -0.1576352160   0.0979707732   0.0025280862  -0.0095316865
        0.0103465138   0.0006186235   0.0000176678  -0.0006559835   0.0000603983
       -0.0001523064   0.0003975664   0.0000640958   0.0001793689  -0.0001498162
        0.0142055031  -0.0214108111   0.0138002431  -0.0797655035   0.1792863349
       -0.1159341780  -0.0047844906   0.0082240722  -0.0068961202   0.0003193414
        0.0005994716  -0.0007493170  -0.0020086168  -0.0002268017   0.0023049082
       -0.0008860638   0.0006800321  -0.0003063422   0.0000059327   0.0000020192
       -0.0000446557   0.0000153979   0.0000058558  -0.0000302501   0.0000960851
       -0.0000216510  -0.0000607875   0.0000138936  -0.0000163498   0.0000074455
       -0.0600071337   0.0975055708  -0.1290383542  -0.0058925434   0.0160180018
       -0.0152772643  -0.0005808878  -0.0005392573   0.0007296027  -0.0003678400
       -0.0001456365   0.0000978851   0.0000419470  -0.0000286247   0.0000880688
        0.0070282010  -0.0113826891   0.0095787132   0.0685633495  -0.1159341780
        0.1490202652  -0.0114176796   0.0123442332  -0.0127355289  -0.0007591576
        0.0002812703   0.0002263024   0.0033740973   0.0021509011  -0.0030794236
        0.0000593818  -0.0000946797   0.0006168491  -0.0000405800  -0.0000991260
       -0.0000327527  -0.0000029963  -0.0000188436   0.0000092227  -0.0000610147
       -0.0000491026  -0.0000328485   0.0000628563  -0.0000078396  -0.0001707370
       -0.1754062348  -0.0752205368  -0.0961537127  -0.0167469097  -0.0095939409
       -0.0101644198  -0.0061133438  -0.0034389974   0.0025732757   0.0001718927
       -0.0008030584   0.0005703736  -0.0001568481   0.0000602033  -0.0000037686
        0.0078248436   0.0038760448   0.0046556214  -0.0131724592  -0.0047844906
       -0.0114176796   0.2025574968   0.0894608637   0.1106043938  -0.0000710889
        0.0002222163  -0.0002254405   0.0004737299  -0.0000045076  -0.0004973577
        0.0005162139   0.0001252288  -0.0000081338   0.0000931713   0.0000895230
        0.0000554910   0.0000196419   0.0000199587   0.0000086670   0.0000375573
        0.0000069124   0.0000056222  -0.0000276628  -0.0000154194  -0.0000029321
       -0.0755686425  -0.0858173194  -0.0551527503  -0.0092234390  -0.0051150972
       -0.0051162910  -0.0035277043  -0.0018445991   0.0017314775   0.0001948244
       -0.0000437993   0.0002063515  -0.0000616859   0.0001374243  -0.0000652843
       -0.0178394833  -0.0129435159  -0.0161386780   0.0166447270   0.0082240722
        0.0123442332   0.0894608637   0.0973607583   0.0626513358   0.0002777124
        0.0002283196  -0.0001366121  -0.0002425341  -0.0001679483  -0.0003092892
       -0.0001620632  -0.0000722112   0.0000018449   0.0000454386   0.0000505391
       -0.0000223255  -0.0000199621   0.0000173618   0.0000013542   0.0000284074
       -0.0000199085  -0.0000142461  -0.0000064592   0.0000059237   0.0000188793
       -0.0968789546  -0.0554937920  -0.1104341730   0.0119104438   0.0068332430
        0.0078051758   0.0040740832   0.0030764142  -0.0008300686   0.0003150621
       -0.0000072518  -0.0001174292   0.0000225953  -0.0001013927   0.0001435961
       -0.0135426199  -0.0101204108  -0.0114856833  -0.0170367862  -0.0068961202
       -0.0127355289   0.1106043938   0.0626513358   0.1266578084   0.0000538852
        0.0001992809   0.0003175902   0.0004049637   0.0000197853   0.0006223086
        0.0000848628  -0.0001666258  -0.0000197505   0.0000444145  -0.0000226794
        0.0000216366   0.0000086732  -0.0000013097   0.0000013830  -0.0000424670
       -0.0000006940   0.0000440965  -0.0000225499   0.0000302172   0.0000090383
       -0.0114722616   0.0134067260   0.0141046401  -0.0796189083   0.0717297982
        0.0472891532   0.0036291006  -0.0236457307  -0.0162368169   0.0007813548
       -0.0002094284  -0.0010536515  -0.0009662447  -0.0006368991  -0.0001832414
       -0.0029714429  -0.0019446093   0.0036098310   0.0008287310   0.0003193414
       -0.0007591576  -0.0000710889   0.0002777124   0.0000538852   0.0973307241
       -0.0735400957  -0.0537042600  -0.0064146488   0.0131849728   0.0064040260
       -0.0000470694   0.0000081916   0.0000631859   0.0000157179   0.0001348173
        0.0002099060   0.0005162406   0.0001623791   0.0000846234   0.0000277809
       -0.0001329796   0.0000601944  -0.0015679853   0.0008858041   0.0000576821
       -0.0029186265   0.0062632326   0.0044208438   0.0707519175  -0.1559257107
       -0.0796516951  -0.0060876442  -0.0249139615  -0.0198417649   0.0005633261
        0.0016015852   0.0016279718   0.0001267127   0.0006456019   0.0003337326
       -0.0015773693   0.0004297924   0.0015942162  -0.0005105639   0.0005994716
        0.0002812703   0.0002222163   0.0002283196   0.0001992809  -0.0735400957
        0.1902240040   0.0998624246   0.0127391181  -0.0196995676  -0.0093097916
       -0.0000080259   0.0000939206   0.0000131081   0.0002902805   0.0000488455
        0.0002344569  -0.0001251674  -0.0000719356   0.0001668392  -0.0001728210
       -0.0002046155  -0.0000255678   0.0002467428   0.0006810175   0.0000946750
        0.0141921237  -0.0142749656  -0.0138509901   0.0481974779  -0.0762794503
       -0.0990220400  -0.0058709202  -0.0230968940  -0.0147732061   0.0012679945
       -0.0008461279   0.0008107008   0.0000080309   0.0001821080   0.0003803120
        0.0040120371   0.0014118829  -0.0030568569  -0.0003263714  -0.0007493170
        0.0002263024  -0.0002254405  -0.0001366121   0.0003175902  -0.0537042600
        0.0998624246   0.1202537157  -0.0075464342   0.0132196499   0.0086614140
        0.0000631586  -0.0000143810  -0.0005714709   0.0002549510   0.0003271987
        0.0000703973  -0.0000078884  -0.0000016415  -0.0000200219   0.0001387102
        0.0000899079  -0.0000419264  -0.0004531691   0.0003062175   0.0006160798
        0.0059801040  -0.0127290610   0.0127899848  -0.0789608636   0.0662421910
       -0.0561274446  -0.0221695337   0.0120558200  -0.0195336691  -0.0024110957
       -0.0029718529  -0.0045583196   0.0001157287  -0.0001506055  -0.0000109831
        0.0005600394  -0.0003614701  -0.0000775514  -0.0021160609  -0.0020086168
        0.0033740973   0.0004737299  -0.0002425341   0.0004049637  -0.0064146488
        0.0127391181  -0.0075464342   0.1058369720  -0.0726951706   0.0718466516
        0.0000157821  -0.0002900128   0.0002555140  -0.0011664543   0.0004973762
       -0.0007540577   0.0000931663  -0.0000455169   0.0000444121  -0.0000586398
       -0.0000337607  -0.0000664674   0.0002217744  -0.0000059038  -0.0000406964
        0.0020859683  -0.0092110362   0.0100947708   0.0699642227  -0.1462377599
        0.0924324716  -0.0077357733   0.0099886188  -0.0087099081  -0.0019584295
       -0.0003325320  -0.0018469335   0.0000074647   0.0001567895   0.0000901676
        0.0003471104   0.0006644911  -0.0007177573  -0.0023445776  -0.0002268017
        0.0021509011  -0.0000045076  -0.0001679483   0.0000197853   0.0131849728
       -0.0196995676   0.0132196499  -0.0726951706   0.1645735517  -0.1060919393
       -0.0001343490   0.0000474307  -0.0003271253  -0.0004992457   0.0003129968
       -0.0004468400  -0.0000894682   0.0000503436   0.0000226091   0.0000772002
        0.0000790563   0.0000111926  -0.0002054177   0.0000023671   0.0000989556
       -0.0053726151   0.0175757569  -0.0158928772  -0.0550255078   0.0904185772
       -0.1233006844  -0.0185236239   0.0075789902  -0.0132947098  -0.0012789572
       -0.0024807035  -0.0020995034   0.0001991711  -0.0000917430   0.0001969395
       -0.0006214254   0.0001287143   0.0000501858   0.0033861674   0.0023049082
       -0.0030794236  -0.0004973577  -0.0003092892   0.0006223086   0.0064040260
       -0.0093097916   0.0086614140   0.0718466516  -0.1060919393   0.1486400743
        0.0002102549  -0.0002345013   0.0000714292  -0.0007532420   0.0004451412
       -0.0005524277   0.0000556392   0.0000221572   0.0000214601   0.0000542679
       -0.0000008868  -0.0000110298  -0.0000834490   0.0000446095  -0.0000331556
       -0.0009663264   0.0006363949  -0.0001844523   0.0007814515   0.0002073841
       -0.0010538737   0.0036254918   0.0236177812  -0.0162849085  -0.0796024606
       -0.0716286234   0.0474176286  -0.0114710804  -0.0133816171   0.0141311810
        0.0000277859   0.0001331470   0.0000599350  -0.0015679011  -0.0008860638
        0.0000593818   0.0005162139  -0.0001620632   0.0000848628  -0.0000470694
       -0.0000080259   0.0000631586   0.0000157821  -0.0001343490   0.0002102549
        0.0973142985   0.0734246142  -0.0538336437  -0.0064121282  -0.0131713613
        0.0064281852  -0.0000710488  -0.0002776473   0.0000544653  -0.0029717337
        0.0019511342   0.0036064177   0.0008287251  -0.0003207046  -0.0007585928
       -0.0001269624   0.0006447156  -0.0003344472  -0.0005609138   0.0015998482
       -0.0016295264   0.0060797222  -0.0248267955   0.0198590356  -0.0706489769
       -0.1556407643   0.0797676141   0.0029439145   0.0062813929  -0.0044577177
        0.0001732693  -0.0002046784   0.0000259804  -0.0002479973   0.0006800321
       -0.0000946797   0.0001252288  -0.0000722112  -0.0001666258   0.0000081916
        0.0000939206  -0.0000143810  -0.0002900128   0.0000474307  -0.0002345013
        0.0734246142   0.1898548176  -0.1000042791  -0.0127520819  -0.0197103936
        0.0093655891  -0.0002226079   0.0002280918  -0.0001991765   0.0015845831
        0.0004243236  -0.0016005828   0.0005100294   0.0006002698  -0.0002823018
        0.0000082048  -0.0001825239   0.0003811060   0.0012691352   0.0008447558
        0.0008122835  -0.0058853559   0.0231157524  -0.0148559440   0.0483244015
        0.0763953865  -0.0993243829   0.0141848326   0.0142378773  -0.0138701276
        0.0001384019  -0.0000895389  -0.0000418416  -0.0004525815  -0.0003063422
        0.0006168491  -0.0000081338   0.0000018449  -0.0000197505   0.0000631859
        0.0000131081  -0.0005714709   0.0002555140  -0.0003271253   0.0000714292
       -0.0538336437  -0.1000042791   0.1206412947  -0.0075205489  -0.0131657438
        0.0086684282  -0.0002250295   0.0001366479   0.0003177559   0.0040090863
       -0.0014181735  -0.0030510268  -0.0003274688   0.0007483538   0.0002253978
        0.0001156969   0.0001504987  -0.0000112248  -0.0024116739   0.0029626839
       -0.0045643159  -0.0221702637  -0.0120962470  -0.0195116763  -0.0789458184
       -0.0663426529  -0.0559890329   0.0059789374   0.0127556660   0.0127666313
       -0.0000585849   0.0000337143  -0.0000665997   0.0002217849   0.0000059327
       -0.0000405800   0.0000931713   0.0000454386   0.0000444145   0.0000157179
        0.0002902805   0.0002549510  -0.0011664543  -0.0004992457  -0.0007532420
       -0.0064121282  -0.0127520819  -0.0075205489   0.1058222016   0.0728262137
        0.0716943364   0.0004737700   0.0002436218   0.0004046684   0.0005601449
        0.0003613305  -0.0000784087  -0.0021165013   0.0020148468   0.0033706275
       -0.0000072127   0.0001570156  -0.0000903227   0.0019558117  -0.0003235816
        0.0018431248   0.0076974554   0.0099888188   0.0086634133  -0.0700625547
       -0.1466082470  -0.0923940607  -0.0020944880  -0.0092635488  -0.0101061813
       -0.0000769224   0.0000790032  -0.0000111805   0.0002052100   0.0000020192
       -0.0000991260   0.0000895230   0.0000505391  -0.0000226794   0.0001348173
        0.0000488455   0.0003271987   0.0004973762   0.0003129968   0.0004451412
       -0.0131713613  -0.0197103936  -0.0131657438   0.0728262137   0.1650035372
        0.1060687650   0.0000036284  -0.0001676581  -0.0000183589  -0.0003483506
        0.0006655461   0.0007163401   0.0023508541  -0.0002348925  -0.0021563298
        0.0001993072   0.0000917715   0.0001971354  -0.0012831075   0.0024772015
       -0.0021078242  -0.0185375478  -0.0076260730  -0.0132973813  -0.0548800376
       -0.0903798226  -0.1229475297  -0.0053666788  -0.0175894822  -0.0158396767
        0.0000542249   0.0000006664  -0.0000110686  -0.0000837631  -0.0000446557
       -0.0000327527   0.0000554910  -0.0000223255   0.0000216366   0.0002099060
        0.0002344569   0.0000703973  -0.0007540577  -0.0004468400  -0.0005524277
        0.0064281852   0.0093655891   0.0086684282   0.0716943364   0.1060687650
        0.1482311208  -0.0004973556   0.0003109531   0.0006217852  -0.0006208088
       -0.0001301440   0.0000489130   0.0033819062  -0.0023100607  -0.0030707557
       -0.0001568365  -0.0000602637  -0.0000036867   0.0001718268   0.0008041718
        0.0005688149  -0.0061140777   0.0034435989   0.0025668121  -0.0167491039
        0.0095728326  -0.0101830764  -0.1754243032   0.0750242203  -0.0963045384
        0.0000375382  -0.0000069155   0.0000056271  -0.0000276743   0.0000153979
       -0.0000029963   0.0000196419  -0.0000199621   0.0000086732   0.0005162406
       -0.0001251674  -0.0000078884   0.0000931663  -0.0000894682   0.0000556392
       -0.0000710488  -0.0002226079  -0.0002250295   0.0004737700   0.0000036284
       -0.0004973556   0.2025783971  -0.0892347104   0.1107835369   0.0078233581
       -0.0038646160   0.0046608409  -0.0131708948   0.0047598612  -0.0114253730
        0.0000617148   0.0001378045   0.0000652278  -0.0001941955  -0.0000441360
       -0.0002063896   0.0035349892  -0.0018524441  -0.0017292666   0.0092451308
       -0.0051162519   0.0051399716   0.0753709587  -0.0855861768   0.0550931712
       -0.0000285121  -0.0000198893   0.0000143873   0.0000064076   0.0000058558
       -0.0000188436   0.0000199587   0.0000173618  -0.0000013097   0.0001623791
       -0.0000719356  -0.0000016415  -0.0000455169   0.0000503436   0.0000221572
       -0.0002776473   0.0002280918   0.0001366479   0.0002436218  -0.0001676581
        0.0003109531  -0.0892347104   0.0970978930  -0.0625806129   0.0178156646
       -0.0128910055   0.0161418252  -0.0166802430   0.0082121469  -0.0123862773
        0.0000223820   0.0001015203   0.0001431341   0.0003153749   0.0000070034
       -0.0001169799   0.0040677409  -0.0030735106  -0.0008202885   0.0118938077
       -0.0068070895   0.0078076936  -0.0970304705   0.0554339723  -0.1106475553
       -0.0000424481   0.0000006661   0.0000440147  -0.0000225656  -0.0000302501
        0.0000092227   0.0000086670   0.0000013542   0.0000013830   0.0000846234
        0.0001668392  -0.0000200219   0.0000444121   0.0000226091   0.0000214601
        0.0000544653  -0.0001991765   0.0003177559   0.0004046684  -0.0000183589
        0.0006217852   0.1107835369  -0.0625806129   0.1268997038  -0.0135788763
        0.0101215772  -0.0115364561  -0.0170053179   0.0068534567  -0.0127248513
       -0.0000336945  -0.0000102467  -0.0001407365  -0.0004063497   0.0000806248
        0.0002624254   0.0019537831  -0.0011321861  -0.0011722673  -0.0112446265
       -0.0147561708   0.0156812541  -0.0753656685  -0.0666894338   0.0473003453
        0.0000754445  -0.0000107065  -0.0000325470   0.0000648282   0.0000960851
       -0.0000610147   0.0000375573   0.0000284074  -0.0000424670   0.0000277809
       -0.0001728210   0.0001387102  -0.0000586398   0.0000772002   0.0000542679
       -0.0029717337   0.0015845831   0.0040090863   0.0005601449  -0.0003483506
       -0.0006208088   0.0078233581   0.0178156646  -0.0135788763   0.0855708011
        0.0776273487  -0.0588516980  -0.0060329853  -0.0141899983   0.0070543264
        0.0000866661  -0.0000268592  -0.0000428698   0.0000246645   0.0000910321
        0.0001680698  -0.0011108662   0.0007346443  -0.0003551713   0.0024406355
        0.0076073093  -0.0043300584  -0.0669717684  -0.1805192085   0.1007847420
        0.0000104255   0.0000452471  -0.0000165492   0.0000285335  -0.0000216510
       -0.0000491026   0.0000069124  -0.0000199085  -0.0000006940  -0.0001329796
       -0.0002046155   0.0000899079  -0.0000337607   0.0000790563  -0.0000008868
        0.0019511342   0.0004243236  -0.0014181735   0.0003613305   0.0006655461
       -0.0001301440  -0.0038646160  -0.0128910055   0.0101215772   0.0776273487
        0.2054548249  -0.1162639825  -0.0104236601  -0.0214187356   0.0114433351
        0.0000508323   0.0000140417   0.0001107763  -0.0001717627  -0.0002004502
       -0.0003146787  -0.0012150120   0.0002217868   0.0014560353   0.0109637609
        0.0145905111  -0.0143382494   0.0479193381   0.1001949546  -0.1180901364
       -0.0000327212   0.0000163029  -0.0000210466  -0.0000561305  -0.0000607875
       -0.0000328485   0.0000056222  -0.0000142461   0.0000440965   0.0000601944
       -0.0000255678  -0.0000419264  -0.0000664674   0.0000111926  -0.0000110298
        0.0036064177  -0.0016005828  -0.0030510268  -0.0000784087   0.0007163401
        0.0000489130   0.0046608409   0.0161418252  -0.0115364561  -0.0588516980
       -0.1162639825   0.1361949937  -0.0067948058  -0.0137413383   0.0095825837
       -0.0000175712  -0.0000990140   0.0000315652  -0.0007258522   0.0006384754
        0.0005057222   0.0008596818  -0.0009809230  -0.0007373219   0.0087201802
        0.0136293863   0.0126375482  -0.0842007565  -0.0688540623  -0.0595352408
        0.0000647669  -0.0000286852  -0.0000561253  -0.0000176366   0.0000138936
        0.0000628563  -0.0000276628  -0.0000064592  -0.0000225499  -0.0015679853
        0.0002467428  -0.0004531691   0.0002217744  -0.0002054177  -0.0000834490
        0.0008287251   0.0005100294  -0.0003274688  -0.0021165013   0.0023508541
        0.0033819062  -0.0131708948  -0.0166802430  -0.0170053179  -0.0060329853
       -0.0104236601  -0.0067948058   0.0971827175   0.0798890830   0.0683958505
       -0.0000638956   0.0001796356   0.0001497577  -0.0000611803  -0.0001525753
       -0.0003970421  -0.0006196747   0.0000194503   0.0006572681  -0.0025372950
       -0.0095814386  -0.0103560885  -0.0696254184  -0.1580292378  -0.0979215200
       -0.0000963654  -0.0000214743   0.0000607451  -0.0000137396  -0.0000163498
       -0.0000078396  -0.0000154194   0.0000059237   0.0000302172   0.0008858041
        0.0006810175   0.0003062175  -0.0000059038   0.0000023671   0.0000446095
       -0.0003207046   0.0006002698   0.0007483538   0.0020148468  -0.0002348925
       -0.0023100607   0.0047598612   0.0082121469   0.0068534567  -0.0141899983
       -0.0214187356  -0.0137413383   0.0798890830   0.1797538932   0.1158832636
        0.0000419447   0.0000285388   0.0000874796  -0.0003677414   0.0001459585
        0.0000984554  -0.0005797009   0.0005410625   0.0007275983  -0.0058858347
       -0.0160300099  -0.0152263736  -0.0598615946  -0.0974561319  -0.1286611816
       -0.0000608165   0.0000489369  -0.0000331456   0.0000628511   0.0000074455
       -0.0001707370  -0.0000029321   0.0000188793   0.0000090383   0.0000576821
        0.0000946750   0.0006160798  -0.0000406964   0.0000989556  -0.0000331556
       -0.0007585928  -0.0002823018   0.0002253978   0.0033706275  -0.0021563298
       -0.0030707557  -0.0114253730  -0.0123862773  -0.0127248513   0.0070543264
        0.0114433351   0.0095825837   0.0683958505   0.1158832636   0.1485735675
