           1           2   1.01032456099438     
           2           3  0.972949337530567     
           3           4  0.972949345818965     
           4           5   1.01032455391183     
           1           6  0.986693481226774     
           1           7  0.984153989561775     
           1           8  0.984004277791091     
           2           9  0.969249109514526     
           2          10  0.971306562203148     
           4          11  0.969249083055682     
           4          12  0.971306617497150     
           5          13  0.984004228847906     
           5          14  0.986693471346508     
           5          15  0.984153985748488     
