$hessian                                                                        
        0.4811070947   0.0315717033   0.0011825561  -0.1549987401   0.0669513647
        0.0025411415  -0.0291366534   0.0108857019   0.0003210411  -0.0030702398
       -0.0026347623  -0.0001545472  -0.0019032643   0.0004527795   0.0000106491
       -0.0427870774   0.0002292693   0.0022886154  -0.2002983872  -0.1156066687
       -0.0063223382  -0.0427717790  -0.0010866468  -0.0002614904  -0.0036861714
        0.0040169779   0.0019251972  -0.0033854432   0.0039530654  -0.0015868956
        0.0007231256   0.0007715118   0.0003356642   0.0007268036   0.0008193369
       -0.0002620603  -0.0000963053  -0.0000741409  -0.0001246133  -0.0000984592
       -0.0000899201   0.0001154405  -0.0003245037  -0.0001595718  -0.0000083599
        0.0315717033   0.5028683282  -0.0006777708   0.0659976578  -0.1128459116
       -0.0016438916  -0.0104103409   0.0072846273   0.0002694391  -0.0019431431
       -0.0017022188  -0.0001053952  -0.0009211312   0.0006904174   0.0000162947
        0.0002535184  -0.1133864212  -0.1081438100  -0.1150779152  -0.1253248157
       -0.0044721524  -0.0010976385  -0.1340194303   0.1155657968   0.0159890880
       -0.0119089210  -0.0030720522   0.0178411065  -0.0136497499   0.0022406310
       -0.0007627401   0.0007995009   0.0004511142  -0.0008277783   0.0008933131
       -0.0004322827  -0.0001523310   0.0002072717   0.0001667041  -0.0001636147
        0.0002369038  -0.0001553673  -0.0002964409  -0.0001428939  -0.0000072577
        0.0011825561  -0.0006777708   0.5221211227   0.0024803067  -0.0016354608
       -0.0680912581  -0.0006887094   0.0004220163   0.0001161881  -0.0001101770
       -0.0001057735   0.0001789102  -0.0000556907   0.0000231619   0.0002064352
        0.0019280141  -0.1079319236  -0.2143271370  -0.0063003438  -0.0044747306
       -0.0447709132   0.0001071802   0.1153450487  -0.1937158774   0.0209214939
       -0.0164685062  -0.0021516064  -0.0193647233   0.0154564754  -0.0007032775
       -0.0007095844   0.0004833081   0.0005259034   0.0006443573  -0.0004400216
        0.0004531067  -0.0001619123   0.0001207070   0.0001057375   0.0001415588
       -0.0001104436   0.0000787657  -0.0000143263  -0.0000060866  -0.0000261000
       -0.1549987401   0.0659976578   0.0024803067   0.4551905436  -0.0036453659
       -0.0007554903  -0.1479539648  -0.0647334344  -0.0036347743  -0.0267421020
       -0.0112081736  -0.0007124753  -0.0055786288   0.0029090080   0.0001202962
       -0.0031996862   0.0040159105   0.0026376573  -0.0256531197   0.0138092084
        0.0004689705  -0.0029029529   0.0040397110  -0.0022809248  -0.0407402707
        0.0001115249   0.0008845985  -0.0407600003  -0.0013772427   0.0012889436
       -0.0035919686  -0.0037318541  -0.0022264514  -0.0038350669  -0.0040947066
        0.0018352253   0.0007908597  -0.0006603460  -0.0002767522   0.0007995121
       -0.0006925216   0.0002168156  -0.0008244145  -0.0007393756  -0.0000459455
        0.0669513647  -0.1128459116  -0.0016354608  -0.0036453659   0.4962984248
       -0.0019834671  -0.0640360910  -0.1099535975  -0.0024113447   0.0069854754
        0.0066066544   0.0003727995   0.0057435740  -0.0002617461   0.0000061979
        0.0153872074  -0.0125508208  -0.0035602488  -0.0128019119   0.0086495750
        0.0003065049   0.0172452775  -0.0143284260   0.0026526259  -0.0006329440
       -0.1091838560  -0.1013535555  -0.0021789791  -0.1289557667   0.1087940330
       -0.0150789945  -0.0116198820  -0.0034768760  -0.0170920672  -0.0134420947
        0.0022373890   0.0011648214   0.0005426539   0.0003252629   0.0012386461
        0.0006022214  -0.0002977108   0.0007499870   0.0004425719   0.0000238505
        0.0025411415  -0.0016438916  -0.0680912581  -0.0007554903  -0.0019834671
        0.5371350663  -0.0035810153  -0.0024086228  -0.0684964731   0.0002069634
        0.0002834932  -0.0001860364   0.0002460227  -0.0000110557   0.0002458855
        0.0213114503  -0.0165067618  -0.0021276641  -0.0007611148   0.0004752924
        0.0003563474  -0.0198256234   0.0154422440  -0.0006578781   0.0004273440
       -0.1007961554  -0.2077168529   0.0016589992   0.1082300277  -0.1879598121
       -0.0208820824  -0.0161171921  -0.0027131720   0.0192622024   0.0150098981
       -0.0006504466   0.0007846678   0.0002337602   0.0004063001  -0.0006639365
       -0.0002200942   0.0003535003   0.0000304715   0.0000125252   0.0001024938
       -0.0291366534  -0.0104103409  -0.0006887094  -0.1479539648  -0.0640360910
       -0.0035810153   0.4605160449   0.0072200407   0.0000353126  -0.1385615453
        0.0609176383   0.0027264308  -0.0378561089   0.0095539085   0.0002150812
        0.0009269607  -0.0007877537  -0.0003095325  -0.0048777814   0.0025933844
        0.0000813979   0.0009314608  -0.0008061306   0.0002454056  -0.0039241471
       -0.0042330199  -0.0025130828  -0.0042315269  -0.0046790118   0.0020389977
       -0.0414358670  -0.0013356212  -0.0026735372  -0.0415129295  -0.0027790502
        0.0040446854  -0.0043361391   0.0052707365   0.0025246546  -0.0040380324
        0.0052774634  -0.0020235173  -0.0045097707  -0.0017661524  -0.0001225713
        0.0108857019   0.0072846273   0.0004220163  -0.0647334344  -0.1099535975
       -0.0024086228   0.0072200407   0.4986219233  -0.0019412116   0.0690969442
       -0.1135979640  -0.0018202668  -0.0185162684   0.0117415291   0.0003238673
        0.0008609396   0.0007945630   0.0004448050   0.0042323440  -0.0008846024
       -0.0000403420   0.0009526443   0.0008679756  -0.0003891352  -0.0153510852
       -0.0122072302  -0.0037675293  -0.0173220279  -0.0140567588   0.0024501592
       -0.0018590074  -0.1100572239  -0.1026500341  -0.0033564926  -0.1313498558
        0.1104334407   0.0145873132  -0.0117491167  -0.0036029888   0.0166391327
       -0.0138208928   0.0026787449  -0.0033367447  -0.0016333763  -0.0001329027
        0.0003210411   0.0002694391   0.0001161881  -0.0036347743  -0.0024113447
       -0.0684964731   0.0000353126  -0.0019412116   0.5379504690   0.0031199268
       -0.0018697880  -0.0699749681  -0.0012333541   0.0005217743   0.0030061110
        0.0008655007   0.0004051237   0.0004400702   0.0001669976  -0.0000523686
        0.0005898487  -0.0007739609  -0.0003757864   0.0003498561  -0.0210653844
       -0.0167417994  -0.0027765086   0.0194855978   0.0155844412  -0.0006369887
       -0.0033474163  -0.1019293776  -0.2093631786   0.0046713661   0.1097213063
       -0.1879914021   0.0209516777  -0.0172621364  -0.0027399579  -0.0193531967
        0.0162032424  -0.0009638076  -0.0002093336  -0.0001215144   0.0004907415
       -0.0030702398  -0.0019431431  -0.0001101770  -0.0267421020   0.0069854754
        0.0002069634  -0.1385615453   0.0690969442   0.0031199268   0.4278036239
       -0.0213669583  -0.0015933919  -0.1470959755  -0.0602313910  -0.0038716480
       -0.0001337111  -0.0002012455  -0.0002767406  -0.0009192321   0.0005998858
        0.0000152008  -0.0001387383  -0.0002225644   0.0002550419   0.0003016664
        0.0007405106   0.0002521367   0.0002913170   0.0007517039  -0.0001805004
       -0.0036635835   0.0040343506   0.0021741982  -0.0034134828   0.0040614337
       -0.0017689888  -0.0389614523   0.0086001800   0.0093302718  -0.0387638683
        0.0081587410  -0.0063836933  -0.0269326764  -0.0190639230  -0.0011685996
       -0.0026347623  -0.0017022188  -0.0001057735  -0.0112081736   0.0066066544
        0.0002834932   0.0609176383  -0.1135979640  -0.0018697880  -0.0213669583
        0.4653767616  -0.0019244474  -0.0815603530  -0.1362456420  -0.0052305056
       -0.0000665855   0.0001999611   0.0001769664  -0.0011831806   0.0004716608
        0.0000019281  -0.0000694081   0.0002182739  -0.0001608768  -0.0014280170
        0.0006720067   0.0002489640  -0.0015199601   0.0006964368  -0.0002206127
        0.0162787894  -0.0126915961  -0.0039502971   0.0183358387  -0.0147656536
        0.0029498765   0.0083334647  -0.0936986060  -0.0865218683   0.0077942233
       -0.1129070431   0.0954662356   0.0093774441   0.0113669685   0.0008567057
       -0.0001545472  -0.0001053952   0.0001789102  -0.0007124753   0.0003727995
       -0.0001860364   0.0027264308  -0.0018202668  -0.0699749681  -0.0015933919
       -0.0019244474   0.4997186711  -0.0049923243  -0.0050566042  -0.0477553009
       -0.0000755837   0.0000348946   0.0000305854  -0.0000676880   0.0000151789
        0.0002247184   0.0000670811  -0.0000182966   0.0000167293  -0.0010324354
        0.0001349883   0.0002324170   0.0008827676  -0.0000853801   0.0001996703
        0.0216382232  -0.0176860107  -0.0029914788  -0.0199169535   0.0165449271
       -0.0011556532   0.0082906329  -0.0867912203  -0.1968616373  -0.0053900043
        0.0957438945  -0.1778666280   0.0003302680   0.0006409386  -0.0038099992
       -0.0019032643  -0.0009211312  -0.0000556907  -0.0055786288   0.0057435740
        0.0002460227  -0.0378561089  -0.0185162684  -0.0012333541  -0.1470959755
       -0.0815603530  -0.0049923243   0.5056883269  -0.0737750207  -0.0004965070
        0.0000899030   0.0000092633   0.0001109910  -0.0005537202   0.0002000672
        0.0000087629   0.0000904309   0.0000166819  -0.0001096449   0.0006240287
        0.0000312670   0.0000729681   0.0006220009   0.0000380771  -0.0000568150
        0.0021783780  -0.0007135738   0.0006398985   0.0021648131  -0.0006289140
       -0.0006889828  -0.0124324465  -0.0166693273  -0.0098489824  -0.0128468156
       -0.0178535941   0.0078329240  -0.2931909216   0.2045992520   0.0085707340
        0.0004527795   0.0006904174   0.0000231619   0.0029090080  -0.0002617461
       -0.0000110557   0.0095539085   0.0117415291   0.0005217743  -0.0602313910
       -0.1362456420  -0.0050566042  -0.0737750207   0.3478330726   0.0155456995
       -0.0000599627  -0.0000124493   0.0000581276   0.0002928493  -0.0000968098
       -0.0000032123  -0.0000651158  -0.0000020721  -0.0000672825   0.0004790293
       -0.0001521348   0.0002170786   0.0005040882  -0.0001111815  -0.0002364557
       -0.0001983150   0.0003242915   0.0005193782  -0.0002620804   0.0004374241
       -0.0005068459  -0.0258349019  -0.0226871881  -0.0090769080  -0.0281587323
       -0.0254572472   0.0059625922   0.1743938571  -0.1760002639  -0.0078894479
        0.0000106491   0.0000162947   0.0002064352   0.0001202962   0.0000061979
        0.0002458855   0.0002150812   0.0003238673   0.0030061110  -0.0038716480
       -0.0052305056  -0.0477553009  -0.0004965070   0.0155456995   0.0413851127
       -0.0000714183   0.0000745841   0.0000396882   0.0000112509  -0.0000048635
        0.0000023677   0.0000648737  -0.0000809637   0.0000266359   0.0002785022
        0.0001449705   0.0001844222  -0.0002226297  -0.0001704083   0.0001425545
       -0.0006746862   0.0006767700   0.0002936957   0.0006829686  -0.0006622540
        0.0001733442  -0.0226603645  -0.0203593973   0.0003809213   0.0196224959
        0.0173891159   0.0035638446   0.0069911361  -0.0076691075  -0.0018957181
       -0.0427870774   0.0002535184   0.0019280141  -0.0031996862   0.0153872074
        0.0213114503   0.0009269607   0.0008609396   0.0008655007  -0.0001337111
       -0.0000665855  -0.0000755837   0.0000899030  -0.0000599627  -0.0000714183
        0.0500607978  -0.0036133572  -0.0029262333  -0.0016481827  -0.0159372609
       -0.0228209236   0.0007282774  -0.0000320317   0.0009403251  -0.0043246149
        0.0039333286   0.0009298006   0.0006746632  -0.0004689956   0.0003120684
       -0.0005304935  -0.0001146595  -0.0003602479  -0.0000406822  -0.0000517193
        0.0000178229   0.0001160506  -0.0000793661  -0.0001140444   0.0000546723
       -0.0000252059   0.0000540918   0.0000131230   0.0000141504   0.0000093773
        0.0002292693  -0.1133864212  -0.1079319236   0.0040159105  -0.0125508208
       -0.0165067618  -0.0007877537   0.0007945630   0.0004051237  -0.0002012455
        0.0001999611   0.0000348946   0.0000092633  -0.0000124493   0.0000745841
       -0.0036133572   0.1310140502   0.1273600139  -0.0032171460  -0.0131300764
       -0.0190192912  -0.0001511976   0.0096567998   0.0164586273   0.0040351622
       -0.0025954624  -0.0005904362  -0.0004039233  -0.0000372491  -0.0004337197
        0.0002327095   0.0002389969   0.0000780292   0.0000310455  -0.0000978983
        0.0000546812  -0.0001293477  -0.0000499456   0.0000406045   0.0000029222
       -0.0000679956  -0.0000122969  -0.0000523115   0.0000239478  -0.0000121292
        0.0022886154  -0.1081438100  -0.2143271370   0.0026376573  -0.0035602488
       -0.0021276641  -0.0003095325   0.0004448050   0.0004400702  -0.0002767406
        0.0001769664   0.0000305854   0.0001109910   0.0000581276   0.0000396882
       -0.0029262333   0.1273600139   0.2462141748  -0.0015746577  -0.0030887202
       -0.0032827387  -0.0005668852  -0.0129161600  -0.0287057021   0.0007036953
       -0.0007687956   0.0010272500  -0.0002876014   0.0003739690   0.0007308681
        0.0003962699   0.0000568122   0.0003133033   0.0000101467  -0.0000245123
       -0.0003728804  -0.0001193436   0.0000080498   0.0000099818  -0.0000332564
        0.0000052992   0.0000101727  -0.0000531249   0.0000182038   0.0000000277
       -0.2002983872  -0.1150779152  -0.0063003438  -0.0256531197  -0.0128019119
       -0.0007611148  -0.0048777814   0.0042323440   0.0001669976  -0.0009192321
       -0.0011831806  -0.0000676880  -0.0005537202   0.0002928493   0.0000112509
       -0.0016481827  -0.0032171460  -0.0015746577   0.2347830172   0.1317703765
        0.0072734763  -0.0019504736  -0.0035884500   0.0012658934   0.0004014413
       -0.0004423022   0.0002109893   0.0004143628  -0.0004208491  -0.0002446414
        0.0002403941   0.0002063676   0.0001517725   0.0002448194   0.0002245569
       -0.0001298515  -0.0000074325   0.0000019621   0.0000210395  -0.0000073374
        0.0000056136  -0.0000213832  -0.0001683679  -0.0000023151  -0.0000017390
       -0.1156066687  -0.1253248157  -0.0044747306   0.0138092084   0.0086495750
        0.0004752924   0.0025933844  -0.0008846024  -0.0000523686   0.0005998858
        0.0004716608   0.0000151789   0.0002000672  -0.0000968098  -0.0000048635
       -0.0159372609  -0.0131300764  -0.0030887202   0.1317703765   0.1441781325
        0.0053015222  -0.0180018348  -0.0150598024   0.0017685100   0.0001228258
        0.0005091056   0.0002471004   0.0001752741   0.0005433693  -0.0001968547
        0.0001590478  -0.0000201654   0.0001651876   0.0001726515   0.0000006165
       -0.0001654392  -0.0000666201   0.0000572723   0.0000493535  -0.0000664880
        0.0000639462  -0.0000443912   0.0000761510   0.0000425940   0.0000052230
       -0.0063223382  -0.0044721524  -0.0447709132   0.0004689705   0.0003065049
        0.0003563474   0.0000813979  -0.0000403420   0.0005898487   0.0000152008
        0.0000019281   0.0002247184   0.0000087629  -0.0000032123   0.0000023677
       -0.0228209236  -0.0190192912  -0.0032827387   0.0072734763   0.0053015222
        0.0479036794   0.0212605974   0.0178717481  -0.0010518168   0.0005031385
        0.0001352357   0.0000180109  -0.0004864700  -0.0000929951  -0.0000176630
        0.0001342712   0.0000386760   0.0000281517  -0.0001135191  -0.0000387562
        0.0000022811  -0.0000279408   0.0000252346   0.0000002980   0.0000221243
       -0.0000181241  -0.0000053900   0.0000032518   0.0000040235   0.0000028183
       -0.0427717790  -0.0010976385   0.0001071802  -0.0029029529   0.0172452775
       -0.0198256234   0.0009314608   0.0009526443  -0.0007739609  -0.0001387383
       -0.0000694081   0.0000670811   0.0000904309  -0.0000651158   0.0000648737
        0.0007282774  -0.0001511976  -0.0005668852  -0.0019504736  -0.0180018348
        0.0212605974   0.0500335769  -0.0020730003   0.0002947070   0.0006802289
       -0.0004327333  -0.0003572945  -0.0043055634   0.0039916087  -0.0006331863
       -0.0000395039  -0.0000506271  -0.0000131931  -0.0005334150  -0.0001521956
        0.0003316283   0.0000524124  -0.0000186153  -0.0000552159   0.0001143154
       -0.0000919160   0.0001063410   0.0000117234   0.0000147520  -0.0000070493
       -0.0010866468  -0.1340194303   0.1153450487   0.0040397110  -0.0143284260
        0.0154422440  -0.0008061306   0.0008679756  -0.0003757864  -0.0002225644
        0.0002182739  -0.0000182966   0.0000166819  -0.0000020721  -0.0000809637
       -0.0000320317   0.0096567998  -0.0129161600  -0.0035884500  -0.0150598024
        0.0178717481  -0.0020730003   0.1553290900  -0.1357938603  -0.0004337851
       -0.0000339499   0.0003597702   0.0040839521  -0.0026968938   0.0003012605
        0.0000296758  -0.0000992657  -0.0000295028   0.0002674196   0.0002557507
       -0.0000793098  -0.0000013540  -0.0000667313   0.0000031997  -0.0001384758
       -0.0000461285  -0.0000463715  -0.0000550017   0.0000248100   0.0000169800
       -0.0002614904   0.1155657968  -0.1937158774  -0.0022809248   0.0026526259
       -0.0006578781   0.0002454056  -0.0003891352   0.0003498561   0.0002550419
       -0.0001608768   0.0000167293  -0.0001096449  -0.0000672825   0.0000266359
        0.0009403251   0.0164586273  -0.0287057021   0.0012658934   0.0017685100
       -0.0010518168   0.0002947070  -0.1357938603   0.2219431988   0.0002484416
       -0.0004524694   0.0007359817  -0.0003980544   0.0004733682   0.0011074511
        0.0000010964   0.0000509828  -0.0003694572  -0.0003911053  -0.0000672768
        0.0003028355   0.0000315941  -0.0000130598   0.0000100224   0.0001072911
       -0.0000146463   0.0000074573   0.0000514236  -0.0000113040   0.0000005635
       -0.0036861714   0.0159890880   0.0209214939  -0.0407402707  -0.0006329440
        0.0004273440  -0.0039241471  -0.0153510852  -0.0210653844   0.0003016664
       -0.0014280170  -0.0010324354   0.0006240287   0.0004790293   0.0002785022
       -0.0043246149   0.0040351622   0.0007036953   0.0004014413   0.0001228258
        0.0005031385   0.0006802289  -0.0004337851   0.0002484416   0.0536626689
       -0.0002730265  -0.0007873444   0.0011977102   0.0001229815   0.0003071376
       -0.0042996033  -0.0034275315  -0.0006954656   0.0007603753   0.0004440271
       -0.0002885867  -0.0005887357   0.0002025010   0.0004521766   0.0000257144
        0.0000659231   0.0000606587  -0.0000902910   0.0000848514  -0.0000333720
        0.0040169779  -0.0119089210  -0.0164685062   0.0001115249  -0.1091838560
       -0.1007961554  -0.0042330199  -0.0122072302  -0.0167417994   0.0007405106
        0.0006720067   0.0001349883   0.0000312670  -0.0001521348   0.0001449705
        0.0039333286  -0.0025954624  -0.0007687956  -0.0004423022   0.0005091056
        0.0001352357  -0.0004327333  -0.0000339499  -0.0004524694  -0.0002730265
        0.1283071630   0.1202361700  -0.0000662807   0.0090377150   0.0157890431
       -0.0036281975  -0.0026514646  -0.0008758260   0.0004292499  -0.0000149648
       -0.0004777477  -0.0002374079   0.0002036535   0.0000997516  -0.0000131218
       -0.0000719339   0.0000428052   0.0000632309   0.0000902736  -0.0000016649
        0.0019251972  -0.0030720522  -0.0021516064   0.0008845985  -0.1013535555
       -0.2077168529  -0.0025130828  -0.0037675293  -0.0027765086   0.0002521367
        0.0002489640   0.0002324170   0.0000729681   0.0002170786   0.0001844222
        0.0009298006  -0.0005904362   0.0010272500   0.0002109893   0.0002471004
        0.0000180109  -0.0003572945   0.0003597702   0.0007359817  -0.0007873444
        0.1202361700   0.2380867827   0.0001281225  -0.0121752824  -0.0292557649
       -0.0007240766  -0.0008743040   0.0009346075   0.0003300908   0.0004016166
        0.0007099844  -0.0004286545   0.0001049135   0.0003501523   0.0000266081
        0.0000333220  -0.0003560787   0.0000499409  -0.0000157755  -0.0000227972
       -0.0033854432   0.0178411065  -0.0193647233  -0.0407600003  -0.0021789791
        0.0016589992  -0.0042315269  -0.0173220279   0.0194855978   0.0002913170
       -0.0015199601   0.0008827676   0.0006220009   0.0005040882  -0.0002226297
        0.0006746632  -0.0004039233  -0.0002876014   0.0004143628   0.0001752741
       -0.0004864700  -0.0043055634   0.0040839521  -0.0003980544   0.0011977102
       -0.0000662807   0.0001281225   0.0536754992   0.0015363659  -0.0015801650
        0.0007710984   0.0004190835   0.0003366528  -0.0043132036  -0.0034759533
        0.0002985534   0.0000290279   0.0000696623  -0.0000553729  -0.0005905290
        0.0002565536  -0.0004358958  -0.0000894130   0.0000810381   0.0000402190
        0.0039530654  -0.0136497499   0.0154564754  -0.0013772427  -0.1289557667
        0.1082300277  -0.0046790118  -0.0140567588   0.0155844412   0.0007517039
        0.0006964368  -0.0000853801   0.0000380771  -0.0001111815  -0.0001704083
       -0.0004689956  -0.0000372491   0.0003739690  -0.0004208491   0.0005433693
       -0.0000929951   0.0039916087  -0.0026968938   0.0004733682   0.0001229815
        0.0090377150  -0.0121752824   0.0015363659   0.1517859868  -0.1283828877
        0.0004546903  -0.0000134789   0.0004205317  -0.0036933689  -0.0027841498
        0.0004796692  -0.0000084743  -0.0000699663  -0.0000152942  -0.0002663975
        0.0002266794  -0.0001110632   0.0000658471   0.0000850076   0.0000148285
       -0.0015868956   0.0022406310  -0.0007032775   0.0012889436   0.1087940330
       -0.1879598121   0.0020389977   0.0024501592  -0.0006369887  -0.0001805004
       -0.0002206127   0.0001996703  -0.0000568150  -0.0002364557   0.0001425545
        0.0003120684  -0.0004337197   0.0007308681  -0.0002446414  -0.0001968547
       -0.0000176630  -0.0006331863   0.0003012605   0.0011074511   0.0003071376
        0.0157890431  -0.0292557649  -0.0015801650  -0.1283828877   0.2146337177
       -0.0002898472  -0.0004745171   0.0007261514   0.0003028326   0.0004601854
        0.0010770110  -0.0000282638  -0.0000003531  -0.0003525501   0.0003976040
       -0.0001171098   0.0003285549  -0.0000472694   0.0000271983  -0.0000199228
        0.0007231256  -0.0007627401  -0.0007095844  -0.0035919686  -0.0150789945
       -0.0208820824  -0.0414358670  -0.0018590074  -0.0033474163  -0.0036635835
        0.0162787894   0.0216382232   0.0021783780  -0.0001983150  -0.0006746862
       -0.0005304935   0.0002327095   0.0003962699   0.0002403941   0.0001590478
        0.0001342712  -0.0000395039   0.0000296758   0.0000010964  -0.0042996033
       -0.0036281975  -0.0007240766   0.0007710984   0.0004546903  -0.0002898472
        0.0516445345   0.0011166214   0.0028282447   0.0013206138   0.0002920628
        0.0004214187  -0.0044571658   0.0035455555   0.0005984661   0.0008693434
       -0.0005136206   0.0004963985   0.0002706981  -0.0000682774   0.0001133044
        0.0007715118   0.0007995009   0.0004833081  -0.0037318541  -0.0116198820
       -0.0161171921  -0.0013356212  -0.1100572239  -0.1019293776   0.0040343506
       -0.0126915961  -0.0176860107  -0.0007135738   0.0003242915   0.0006767700
       -0.0001146595   0.0002389969   0.0000568122   0.0002063676  -0.0000201654
        0.0000386760  -0.0000506271  -0.0000992657   0.0000509828  -0.0034275315
       -0.0026514646  -0.0008743040   0.0004190835  -0.0000134789  -0.0004745171
        0.0011166214   0.1291609658   0.1213379832   0.0001763781   0.0090783878
        0.0158331150   0.0036934313  -0.0027576279  -0.0007880525  -0.0005493714
       -0.0000006450  -0.0006125746  -0.0004945057   0.0003092065   0.0000043814
        0.0003356642   0.0004511142   0.0005259034  -0.0022264514  -0.0034768760
       -0.0027131720  -0.0026735372  -0.1026500341  -0.2093631786   0.0021741982
       -0.0039502971  -0.0029914788   0.0006398985   0.0005193782   0.0002936957
       -0.0003602479   0.0000780292   0.0003133033   0.0001517725   0.0001651876
        0.0000281517  -0.0000131931  -0.0000295028  -0.0003694572  -0.0006954656
       -0.0008758260   0.0009346075   0.0003366528   0.0004205317   0.0007261514
        0.0028282447   0.1213379832   0.2398208485  -0.0000884939  -0.0120144312
       -0.0289730309   0.0005955064  -0.0008402859   0.0010622865  -0.0004389736
        0.0004358167   0.0007401144  -0.0005655748   0.0004292122  -0.0000347449
        0.0007268036  -0.0008277783   0.0006443573  -0.0038350669  -0.0170920672
        0.0192622024  -0.0415129295  -0.0033564926   0.0046713661  -0.0034134828
        0.0183358387  -0.0199169535   0.0021648131  -0.0002620804   0.0006829686
       -0.0000406822   0.0000310455   0.0000101467   0.0002448194   0.0001726515
       -0.0001135191  -0.0005334150   0.0002674196  -0.0003911053   0.0007603753
        0.0004292499   0.0003300908  -0.0043132036  -0.0036933689   0.0003028326
        0.0013206138   0.0001763781  -0.0000884939   0.0517327044   0.0027450240
       -0.0044321541   0.0008779428  -0.0004539493  -0.0005478393  -0.0044417343
        0.0035815736  -0.0003022040   0.0002624420  -0.0000534443  -0.0001116953
        0.0008193369   0.0008933131  -0.0004400216  -0.0040947066  -0.0134420947
        0.0150098981  -0.0027790502  -0.1313498558   0.1097213063   0.0040614337
       -0.0147656536   0.0165449271  -0.0006289140   0.0004374241  -0.0006622540
       -0.0000517193  -0.0000978983  -0.0000245123   0.0002245569   0.0000006165
       -0.0000387562  -0.0001521956   0.0002557507  -0.0000672768   0.0004440271
       -0.0000149648   0.0004016166  -0.0034759533  -0.0027841498   0.0004601854
        0.0002920628   0.0090783878  -0.0120144312   0.0027450240   0.1543386170
       -0.1298858417  -0.0005992373  -0.0000092705   0.0005334964   0.0037363083
       -0.0028897169   0.0004370882  -0.0005409735   0.0003494952   0.0000245758
       -0.0002620603  -0.0004322827   0.0004531067   0.0018352253   0.0022373890
       -0.0006504466   0.0040446854   0.1104334407  -0.1879914021  -0.0017689888
        0.0029498765  -0.0011556532  -0.0006889828  -0.0005068459   0.0001733442
        0.0000178229   0.0000546812  -0.0003728804  -0.0001298515  -0.0001654392
        0.0000022811   0.0003316283  -0.0000793098   0.0003028355  -0.0002885867
       -0.0004777477   0.0007099844   0.0002985534   0.0004796692   0.0010770110
        0.0004214187   0.0158331150  -0.0289730309  -0.0044321541  -0.1298858417
        0.2145495552   0.0003839040  -0.0005232041   0.0007597843  -0.0002788155
        0.0004697195   0.0011837306   0.0005162018  -0.0003872200  -0.0000682197
       -0.0000963053  -0.0001523310  -0.0001619123   0.0007908597   0.0011648214
        0.0007846678  -0.0043361391   0.0145873132   0.0209516777  -0.0389614523
        0.0083334647   0.0082906329  -0.0124324465  -0.0258349019  -0.0226603645
        0.0001160506  -0.0001293477  -0.0001193436  -0.0000074325  -0.0000666201
       -0.0000279408   0.0000524124  -0.0000013540   0.0000315941  -0.0005887357
       -0.0002374079  -0.0004286545   0.0000290279  -0.0000084743  -0.0000282638
       -0.0044571658   0.0036934313   0.0005955064   0.0008779428  -0.0005992373
        0.0003839040   0.0569840598   0.0000189291  -0.0043375871   0.0020539804
        0.0002052340  -0.0017505594  -0.0000246564  -0.0009735197  -0.0015233570
       -0.0000741409   0.0002072717   0.0001207070  -0.0006603460   0.0005426539
        0.0002337602   0.0052707365  -0.0117491167  -0.0172621364   0.0086001800
       -0.0936986060  -0.0867912203  -0.0166693273  -0.0226871881  -0.0203593973
       -0.0000793661  -0.0000499456   0.0000080498   0.0000019621   0.0000572723
        0.0000252346  -0.0000186153  -0.0000667313  -0.0000130598   0.0002025010
        0.0002036535   0.0001049135   0.0000696623  -0.0000699663  -0.0000003531
        0.0035455555  -0.0027576279  -0.0008402859  -0.0004539493  -0.0000092705
       -0.0005232041   0.0000189291   0.1208507305   0.1095202304  -0.0001821968
        0.0080512954   0.0148614799   0.0004284151   0.0011755751   0.0009152815
       -0.0001246133   0.0001667041   0.0001057375  -0.0002767522   0.0003252629
        0.0004063001   0.0025246546  -0.0036029888  -0.0027399579   0.0093302718
       -0.0865218683  -0.1968616373  -0.0098489824  -0.0090769080   0.0003809213
       -0.0001140444   0.0000406045   0.0000099818   0.0000210395   0.0000493535
        0.0000002980  -0.0000552159   0.0000031997   0.0000100224   0.0004521766
        0.0000997516   0.0003501523  -0.0000553729  -0.0000152942  -0.0003525501
        0.0005984661  -0.0007880525   0.0010622865  -0.0005478393   0.0005334964
        0.0007597843  -0.0043375871   0.1095202304   0.2267021133   0.0022113861
       -0.0107497590  -0.0310155430   0.0002224128   0.0000162676   0.0011820907
       -0.0000984592  -0.0001636147   0.0001415588   0.0007995121   0.0012386461
       -0.0006639365  -0.0040380324   0.0166391327  -0.0193531967  -0.0387638683
        0.0077942233  -0.0053900043  -0.0128468156  -0.0281587323   0.0196224959
        0.0000546723   0.0000029222  -0.0000332564  -0.0000073374  -0.0000664880
        0.0000221243   0.0001143154  -0.0001384758   0.0001072911   0.0000257144
       -0.0000131218   0.0000266081  -0.0005905290  -0.0002663975   0.0003976040
        0.0008693434  -0.0005493714  -0.0004389736  -0.0044417343   0.0037363083
       -0.0002788155   0.0020539804  -0.0001821968   0.0022113861   0.0569326487
        0.0012442861   0.0022271115  -0.0000634104  -0.0011171205   0.0014020031
       -0.0000899201   0.0002369038  -0.0001104436  -0.0006925216   0.0006022214
       -0.0002200942   0.0052774634  -0.0138208928   0.0162032424   0.0081587410
       -0.1129070431   0.0957438945  -0.0178535941  -0.0254572472   0.0173891159
       -0.0000252059  -0.0000679956   0.0000052992   0.0000056136   0.0000639462
       -0.0000181241  -0.0000919160  -0.0000461285  -0.0000146463   0.0000659231
       -0.0000719339   0.0000333220   0.0002565536   0.0002266794  -0.0001171098
       -0.0005136206  -0.0000006450   0.0004358167   0.0035815736  -0.0028897169
        0.0004697195   0.0002052340   0.0080512954  -0.0107497590   0.0012442861
        0.1448106245  -0.1181462205   0.0004713898   0.0012699323  -0.0009040127
        0.0001154405  -0.0001553673   0.0000787657   0.0002168156  -0.0002977108
        0.0003535003  -0.0020235173   0.0026787449  -0.0009638076  -0.0063836933
        0.0954662356  -0.1778666280   0.0078329240   0.0059625922   0.0035638446
        0.0000540918  -0.0000122969   0.0000101727  -0.0000213832  -0.0000443912
       -0.0000053900   0.0001063410  -0.0000463715   0.0000074573   0.0000606587
        0.0000428052  -0.0003560787  -0.0004358958  -0.0001110632   0.0003285549
        0.0004963985  -0.0006125746   0.0007401144  -0.0003022040   0.0004370882
        0.0011837306  -0.0017505594   0.0148614799  -0.0310155430   0.0022271115
       -0.1181462205   0.2028346847  -0.0001925286  -0.0000229501   0.0011066220
       -0.0003245037  -0.0002964409  -0.0000143263  -0.0008244145   0.0007499870
        0.0000304715  -0.0045097707  -0.0033367447  -0.0002093336  -0.0269326764
        0.0093774441   0.0003302680  -0.2931909216   0.1743938571   0.0069911361
        0.0000131230  -0.0000523115  -0.0000531249  -0.0001683679   0.0000761510
        0.0000032518   0.0000117234  -0.0000550017   0.0000514236  -0.0000902910
        0.0000632309   0.0000499409  -0.0000894130   0.0000658471  -0.0000472694
        0.0002706981  -0.0004945057  -0.0005655748   0.0002624420  -0.0005409735
        0.0005162018  -0.0000246564   0.0004284151   0.0002224128  -0.0000634104
        0.0004713898  -0.0001925286   0.3256604392  -0.1808503442  -0.0071129489
       -0.0001595718  -0.0001428939  -0.0000060866  -0.0007393756   0.0004425719
        0.0000125252  -0.0017661524  -0.0016333763  -0.0001215144  -0.0190639230
        0.0113669685   0.0006409386   0.2045992520  -0.1760002639  -0.0076691075
        0.0000141504   0.0000239478   0.0000182038  -0.0000023151   0.0000425940
        0.0000040235   0.0000147520   0.0000248100  -0.0000113040   0.0000848514
        0.0000902736  -0.0000157755   0.0000810381   0.0000850076   0.0000271983
       -0.0000682774   0.0003092065   0.0004292122  -0.0000534443   0.0003494952
       -0.0003872200  -0.0009735197   0.0011755751   0.0000162676  -0.0011171205
        0.0012699323  -0.0000229501  -0.1808503442   0.1625961517   0.0070855888
       -0.0000083599  -0.0000072577  -0.0000261000  -0.0000459455   0.0000238505
        0.0001024938  -0.0001225713  -0.0001329027   0.0004907415  -0.0011685996
        0.0008567057  -0.0038099992   0.0085707340  -0.0078894479  -0.0018957181
        0.0000093773  -0.0000121292   0.0000000277  -0.0000017390   0.0000052230
        0.0000028183  -0.0000070493   0.0000169800   0.0000005635  -0.0000333720
       -0.0000016649  -0.0000227972   0.0000402190   0.0000148285  -0.0000199228
        0.0001133044   0.0000043814  -0.0000347449  -0.0001116953   0.0000245758
       -0.0000682197  -0.0015233570   0.0009152815   0.0011820907   0.0014020031
       -0.0009040127   0.0011066220  -0.0071129489   0.0070855888   0.0029921442
