           1           2   1.01956466384029     
           2           3   1.00760526843760     
           3           4   1.00455574017675     
           4           5  0.990069685124725     
           1           6  0.987577152535146     
           1           7  0.986760572002073     
           1           8  0.987578028126354     
           2           9  0.978137703675106     
           2          10  0.978151520624233     
           3          11  0.976278589828961     
           3          12  0.976284326001090     
           4          13  0.972085928358194     
           4          14  0.972076921638334     
           5          15  0.856147569365910     
