$hessian                                                                        
        0.6565532437  -0.0220733764  -0.1104316321  -0.1121973009   0.1032569330
       -0.0017978958  -0.0086234507   0.0333697174  -0.0028753159  -0.0001747434
       -0.0155432578   0.0009334178  -0.0540483990  -0.0040230287   0.0122917475
       -0.1995656024  -0.1488933000   0.0538797198  -0.0006276668   0.0002191812
        0.0004185044   0.0001478754  -0.0003602779  -0.0003799408   0.0000001828
        0.0004606549   0.0001495020  -0.2815368001   0.0634942768   0.0426693139
        0.0047562128  -0.0186286709   0.0019321366  -0.0050168011   0.0019654210
        0.0024419978  -0.0047848299   0.0018492696   0.0025203080   0.0050078275
        0.0048923872  -0.0017119682   0.0001102521   0.0000140706  -0.0000398947
       -0.0220733764   0.6394613434  -0.0718878501   0.0266524148  -0.3085413836
        0.0319338128   0.0903650612  -0.0029618153  -0.0180206475  -0.0156956915
       -0.0623444304   0.0116785464  -0.0610220328   0.0495781828   0.0054604344
       -0.0722950357  -0.2125213680   0.0397233347   0.0009727283   0.0003910659
       -0.0005973923  -0.0004796158  -0.0003868866  -0.0000110285   0.0003399259
        0.0006541752   0.0004116045   0.0634592981  -0.0596574163  -0.0096375039
        0.0041509407  -0.0225139864   0.0025684751   0.0015611009   0.0010080980
        0.0007372107   0.0020882965   0.0008676386   0.0005647915  -0.0180045257
       -0.0230918320   0.0072523862  -0.0000194886   0.0000586146  -0.0001761740
       -0.1104316321  -0.0718878501   0.1511372876   0.0095468872   0.0159767130
       -0.0530432046  -0.0111446232  -0.0062927202   0.0049264238   0.0009097215
        0.0115618085  -0.0084128410   0.0206147595  -0.0062281900  -0.0018543604
        0.0423898329   0.0556747891  -0.0658714889  -0.0000443386  -0.0002313618
       -0.0002660125   0.0000711339   0.0002440781   0.0001332032   0.0001031729
       -0.0002667203  -0.0001251504   0.0426617784  -0.0096516244  -0.0419473096
       -0.0014013113   0.0072589909   0.0001564885   0.0025163750   0.0005964207
        0.0075245401   0.0023770905   0.0006927293   0.0073956717   0.0018584256
        0.0025842531   0.0002066032  -0.0000272722  -0.0000313159   0.0000401491
       -0.1121973009   0.0266524148   0.0095468872   0.6446119916   0.0002878806
       -0.1101635126  -0.3156236217   0.0972537802   0.0426044028  -0.0557447765
       -0.0608785394   0.0205690433  -0.0321358502   0.0342482149   0.0004454780
        0.0519157246   0.0000536832  -0.0104166777   0.0010752687  -0.0026619946
        0.0011228557  -0.0023251761   0.0000524275   0.0007259549   0.0004221190
       -0.0000105344   0.0002235235  -0.0103240190   0.0271154346  -0.0016855838
       -0.1586870854  -0.1235190813   0.0438269768  -0.0092627813   0.0043014287
        0.0013899863  -0.0000197326   0.0005687602  -0.0002079444  -0.0016206508
       -0.0034344836   0.0024351462  -0.0000841094  -0.0000293913  -0.0004165362
        0.1032569330  -0.3085413836   0.0159767130   0.0002878806   0.6523476733
       -0.0777635114   0.0213710673  -0.1089587214   0.0045680075  -0.0010557496
        0.0505151150  -0.0076221798   0.0344657310  -0.0299992777  -0.0031366607
       -0.0572095746  -0.0585990649   0.0208656369  -0.0050489946  -0.0026246685
        0.0028557339  -0.0010434500  -0.0012104792   0.0000107338   0.0000233465
        0.0009989322   0.0002212989   0.0042354147  -0.0086839823   0.0004733996
       -0.1232326904  -0.1746543691   0.0459911021   0.0266386208  -0.0084399307
       -0.0041923563   0.0005945762   0.0002371641  -0.0002133000  -0.0029574778
       -0.0024116839   0.0022042054  -0.0003256332   0.0000246767  -0.0002388228
       -0.0017978958   0.0319338128  -0.0530432046  -0.1101635126  -0.0777635114
        0.1512998396   0.0532391404  -0.0109897948  -0.0552524054   0.0115039071
        0.0047478713  -0.0049589444   0.0006632200  -0.0033089393  -0.0040030870
       -0.0019342673   0.0089187152   0.0011269994   0.0007792885   0.0021452700
        0.0068830242   0.0017645660   0.0002435515   0.0003814534  -0.0001608840
       -0.0004730797   0.0000466197   0.0016690995  -0.0043216951   0.0008733212
        0.0438086116   0.0461059585  -0.0503323730  -0.0018416798   0.0004015070
        0.0008045024  -0.0001771685  -0.0002034850  -0.0002789382   0.0024050960
        0.0022609549   0.0069011297   0.0002424789   0.0003028639  -0.0004479370
       -0.0086234507   0.0903650612  -0.0111446232  -0.3156236217   0.0213710673
        0.0532391404   0.6435016967  -0.0378795408  -0.1049028639  -0.1680200227
       -0.0688338107   0.0329669797   0.0462160901  -0.0520409063  -0.0009848697
       -0.0572614606  -0.0174820680   0.0134836926  -0.0490434932  -0.0216170446
        0.0135513680  -0.0009086776   0.0028791064   0.0024297945  -0.0000902805
       -0.0002484539  -0.0001613238   0.0006484640   0.0022304781   0.0011460158
       -0.0224279695   0.0030928110   0.0042341575  -0.0667573154   0.0765007024
       -0.0042097882   0.0007314034   0.0023676383   0.0009947849  -0.0004454585
       -0.0004481073   0.0001985671  -0.0018959038  -0.0002569330  -0.0008410316
        0.0333697174  -0.0029618153  -0.0062927202   0.0972537802  -0.1089587214
       -0.0109897948  -0.0378795408   0.6594876044  -0.0709292830  -0.1392795201
       -0.2136284130   0.0511299935   0.0001001471  -0.0547571861   0.0086013319
       -0.0175851214  -0.0014912659   0.0032134043   0.0011746503   0.0099951801
        0.0006987934   0.0005786917  -0.0036281504  -0.0022140770   0.0002610044
        0.0026543460   0.0006912878   0.0023003421  -0.0050835846   0.0013733156
       -0.0197561101   0.0041730326   0.0035596159   0.0770009735  -0.2816435412
        0.0193827133   0.0021015234  -0.0050625055   0.0014383847  -0.0003624221
        0.0008445924  -0.0000960189   0.0007218846   0.0000604278   0.0004330535
       -0.0028753159  -0.0180206475   0.0049264238   0.0426044028   0.0045680075
       -0.0552524054  -0.1049028639  -0.0709292830   0.1444083309   0.0456531505
        0.0370178031  -0.0639051438  -0.0100084917   0.0195972860  -0.0000035027
        0.0136075947   0.0032230618  -0.0081294167   0.0103916483   0.0041918287
        0.0001854180  -0.0008714443  -0.0016153590  -0.0007139854   0.0004602125
        0.0009687356   0.0005594297   0.0011462718   0.0013726035   0.0071628517
        0.0076651254  -0.0011874768  -0.0009995751  -0.0042540739   0.0196956203
       -0.0351989395   0.0009799470   0.0012990834   0.0068376134   0.0001282057
       -0.0000618217  -0.0001765490   0.0002756309  -0.0001194418   0.0002994501
       -0.0001747434  -0.0156956915   0.0009097215  -0.0557447765  -0.0010557496
        0.0115039071  -0.1680200227  -0.1392795201   0.0456531505   0.5281356397
        0.0116309871  -0.0798314219  -0.0969432417   0.0854631274  -0.0054746940
       -0.0108256808   0.0318893824  -0.0029240079  -0.1464865882   0.0450964335
        0.0216352675  -0.0573743530  -0.0033097935   0.0038937259   0.0049272146
       -0.0016195947  -0.0007956033   0.0009657819  -0.0003854352  -0.0000281026
       -0.0036562878   0.0017180849   0.0022376044   0.0054758398   0.0055403617
       -0.0015075901   0.0049499224  -0.0195049095   0.0027557811  -0.0038955608
        0.0015680108   0.0024952692  -0.0013331433  -0.0020556937  -0.0005230075
       -0.0155432578  -0.0623444304   0.0115618085  -0.0608785394   0.0505151150
        0.0047478713  -0.0688338107  -0.2136284130   0.0370178031   0.0116309871
        0.6566632497  -0.0725143183   0.0114643194  -0.3034055601   0.0369562328
        0.0925752649  -0.0009322148  -0.0195577479   0.0509283800  -0.0985160884
       -0.0168951427  -0.0063284858   0.0158336468   0.0067329650   0.0003056339
        0.0012315829   0.0022229600  -0.0004378937  -0.0006598421   0.0003226005
        0.0022289180   0.0010081887   0.0007865761  -0.0177243643  -0.0246763805
        0.0076921107   0.0039621778  -0.0233888713   0.0028278348   0.0009129673
        0.0014221058   0.0007050525  -0.0042622965   0.0008779117  -0.0026066064
        0.0009334178   0.0116785464  -0.0084128410   0.0205690433  -0.0076221798
       -0.0049589444   0.0329669797   0.0511299935  -0.0639051438  -0.0798314219
       -0.0725143183   0.1568300379   0.0075395961   0.0215928754  -0.0530493764
       -0.0118004197  -0.0067094520   0.0015779358   0.0255338952  -0.0156592130
       -0.0511884332   0.0004414169   0.0045212674   0.0015887582  -0.0008059164
        0.0036585936  -0.0028011494   0.0000485860   0.0003029934   0.0007708489
        0.0022339815   0.0007194618   0.0079995278   0.0019141897   0.0026401272
        0.0011288107  -0.0013008863   0.0080142775   0.0006114440   0.0023951494
        0.0007301384   0.0077185240  -0.0008376112  -0.0024831116   0.0060900010
       -0.0540483990  -0.0610220328   0.0206147595  -0.0321358502   0.0344657310
        0.0006632200   0.0462160901   0.0001001471  -0.0100084917  -0.0969432417
        0.0114643194   0.0075395961   0.6446865210   0.0047397493  -0.1109712175
       -0.3080982930   0.0949637213   0.0409044892  -0.0259179080   0.0386912825
        0.0014221902   0.0019695181   0.0001187567  -0.0011707962  -0.0026484247
        0.0016174490  -0.0004243508  -0.0018979477  -0.0029836437   0.0025368513
        0.0000731489   0.0007719478  -0.0000336797  -0.0020081049  -0.0033400273
        0.0024041536  -0.1582679401  -0.1240110097   0.0449269133  -0.0108497142
        0.0047843974   0.0014371996  -0.0001294547  -0.0003607880   0.0001591629
       -0.0040230287   0.0495781828  -0.0062281900   0.0342482149  -0.0299992777
       -0.0033089393  -0.0520409063  -0.0547571861   0.0195972860   0.0854631274
       -0.3034055601   0.0215928754   0.0047397493   0.6503004113  -0.0820802229
        0.0175761182  -0.1076431276   0.0055213450   0.0174940006  -0.0144550157
       -0.0019743334  -0.0022803315   0.0032976564   0.0004898792   0.0013928856
       -0.0026470992   0.0004673973  -0.0030532963  -0.0020557370   0.0020805789
        0.0006275861   0.0001942602  -0.0002959554  -0.0027373843  -0.0022548403
        0.0017986069  -0.1251753755  -0.1766057416   0.0466959867   0.0277045546
       -0.0094682359  -0.0042365322   0.0000640861  -0.0000786897  -0.0001197823
        0.0122917475   0.0054604344  -0.0018543604   0.0004454780  -0.0031366607
       -0.0040030870  -0.0009848697   0.0086013319  -0.0000035027  -0.0054746940
        0.0369562328  -0.0530493764  -0.1109712175  -0.0820802229   0.1488359649
        0.0526474663  -0.0104780935  -0.0555177526   0.0058924599  -0.0073491815
        0.0014808021  -0.0005166464  -0.0003855211   0.0000665595  -0.0016651699
        0.0005045875  -0.0003380506   0.0025033653   0.0020688835   0.0068007612
       -0.0001546466  -0.0002203511  -0.0001152262   0.0022878304   0.0019830939
        0.0062366607   0.0455805500   0.0472701359  -0.0497455201  -0.0018628146
        0.0005556718   0.0009008414  -0.0000188387   0.0002496590   0.0003052861
       -0.1995656024  -0.0722950357   0.0423898329   0.0519157246  -0.0572095746
       -0.0019342673  -0.0572614606  -0.0175851214   0.0136075947  -0.0108256808
        0.0925752649  -0.0118004197  -0.3080982930   0.0175761182   0.0526474663
        0.6282512305  -0.0199177586  -0.1044741935   0.0029576561   0.0009554600
        0.0014076437  -0.0010407840  -0.0001607506   0.0002000989  -0.0006025724
       -0.0010240024  -0.0007944658  -0.0219501011  -0.0192452742   0.0075338773
        0.0009370402   0.0022931385   0.0010427531  -0.0003944177  -0.0003049394
        0.0000277451  -0.0209367813   0.0032709334   0.0042689791  -0.0635412539
        0.0710637162  -0.0042566118   0.0001552959   0.0000078257   0.0001339669
       -0.1488933000  -0.2125213680   0.0556747891   0.0000536832  -0.0585990649
        0.0089187152  -0.0174820680  -0.0014912659   0.0032230618   0.0318893824
       -0.0009322148  -0.0067094520   0.0949637213  -0.1076431276  -0.0104780935
       -0.0199177586   0.6660700439  -0.0779688741   0.0025925991  -0.0070444581
        0.0012226086   0.0011245612   0.0007848668   0.0001727009  -0.0010881711
       -0.0006168009  -0.0003764485   0.0037550778   0.0043717716  -0.0013676724
        0.0018456091  -0.0053439238   0.0014864786  -0.0002756320   0.0007394671
       -0.0000936144  -0.0191786291   0.0046654023   0.0038076987   0.0706850885
       -0.2826954542   0.0225368178  -0.0000741640   0.0002561264  -0.0000487160
        0.0538797198   0.0397233347  -0.0658714889  -0.0104166777   0.0208656369
        0.0011269994   0.0134836926   0.0032134043  -0.0081294167  -0.0029240079
       -0.0195577479   0.0015779358   0.0409044892   0.0055213450  -0.0555177526
       -0.1044741935  -0.0779688741   0.1507972321   0.0003029270   0.0026650959
        0.0080461280   0.0007116519  -0.0010614155  -0.0004352409  -0.0001275109
        0.0003696861   0.0005859421   0.0041614277   0.0034789049  -0.0007990572
        0.0011407487   0.0014219098   0.0072584403   0.0000445843  -0.0000958020
       -0.0003383748   0.0076574232  -0.0012365570  -0.0005578906  -0.0044884157
        0.0224065321  -0.0370702229   0.0001441412   0.0002545469  -0.0006732331
       -0.0006276668   0.0009727283  -0.0000443386   0.0010752687  -0.0050489946
        0.0007792885  -0.0490434932   0.0011746503   0.0103916483  -0.1464865882
        0.0509283800   0.0255338952  -0.0259179080   0.0174940006   0.0058924599
        0.0029576561   0.0025925991   0.0003029270   0.4886635593   0.0755222707
        0.0096277682  -0.2032437637  -0.0894462177  -0.0323659070  -0.0133932025
       -0.0454621819  -0.0174469437  -0.0002565195  -0.0000340063  -0.0001677379
       -0.0019236775   0.0001134341   0.0004631675   0.0017153178   0.0008552094
       -0.0009109200  -0.0000667750  -0.0007731250  -0.0010556140  -0.0017090698
        0.0007618525   0.0000354375  -0.0517431375  -0.0096505996  -0.0010351312
        0.0002191812   0.0003910659  -0.0002313618  -0.0026619946  -0.0026246685
        0.0021452700  -0.0216170446   0.0099951801   0.0041918287   0.0450964335
       -0.0985160884  -0.0156592130   0.0386912825  -0.0144550157  -0.0073491815
        0.0009554600  -0.0070444581   0.0026650959   0.0755222707   0.3091738654
        0.0835316209  -0.0834843722  -0.1373721267  -0.0316565716  -0.0582905314
       -0.0688888913  -0.0361486809  -0.0001907652  -0.0000068102  -0.0002880351
       -0.0011011679   0.0000409639   0.0002268521   0.0003114484   0.0013723177
       -0.0010123894  -0.0009541505   0.0023968493  -0.0009604743   0.0019245368
       -0.0006754829  -0.0002515714   0.0055794133   0.0062132995   0.0007968112
        0.0004185044  -0.0005973923  -0.0002660125   0.0011228557   0.0028557339
        0.0068830242   0.0135513680   0.0006987934   0.0001854180   0.0216352675
       -0.0168951427  -0.0511884332   0.0014221902  -0.0019743334   0.0014808021
        0.0014076437   0.0012226086   0.0080461280   0.0096277682   0.0835316209
        0.0872494417  -0.0282749165  -0.0298707063  -0.0570753708  -0.0229821736
       -0.0374859231   0.0073668783  -0.0004651505  -0.0003397361  -0.0018900987
        0.0004036591  -0.0001694499  -0.0000907748  -0.0010969766  -0.0012220406
       -0.0028456272  -0.0011453261  -0.0007253760  -0.0027721791  -0.0000057173
       -0.0000111966  -0.0000174691   0.0043810038   0.0009825401   0.0049342730
        0.0001478754  -0.0004796158   0.0000711339  -0.0023251761  -0.0010434500
        0.0017645660  -0.0009086776   0.0005786917  -0.0008714443  -0.0573743530
       -0.0063284858   0.0004414169   0.0019695181  -0.0022803315  -0.0005166464
       -0.0010407840   0.0011245612   0.0007116519  -0.2032437637  -0.0834843722
       -0.0282749165   0.4929194025   0.0125345086  -0.0117124083  -0.0712327845
       -0.0034194165  -0.0014575286   0.0004149164  -0.0000554038  -0.0003093586
        0.0000953268   0.0003672638  -0.0000423964  -0.0003261354   0.0001619674
       -0.0001689388   0.0006423334   0.0004568935  -0.0001513324   0.0004352204
       -0.0004134605   0.0000011262  -0.1601729188   0.0822806499   0.0405150755
       -0.0003602779  -0.0003868866   0.0002440781   0.0000524275  -0.0012104792
        0.0002435515   0.0028791064  -0.0036281504  -0.0016153590  -0.0033097935
        0.0158336468   0.0045212674   0.0001187567   0.0032976564  -0.0003855211
       -0.0001607506   0.0007848668  -0.0010614155  -0.0894462177  -0.1373721267
       -0.0298707063   0.0125345086   0.7872124621   0.2711292171  -0.0112490302
       -0.5746072645  -0.2244583675   0.0002225896  -0.0000144661   0.0000849742
        0.0004267414   0.0001910950  -0.0000747997  -0.0006833868  -0.0004233721
        0.0005052669   0.0026583024  -0.0021961796   0.0012884770   0.0003029869
       -0.0002887857  -0.0000576958   0.0860140373  -0.0871920164  -0.0204929675
       -0.0003799408  -0.0000110285   0.0001332032   0.0007259549   0.0000107338
        0.0003814534   0.0024297945  -0.0022140770  -0.0007139854   0.0038937259
        0.0067329650   0.0015887582  -0.0011707962   0.0004898792   0.0000665595
        0.0002000989   0.0001727009  -0.0004352409  -0.0323659070  -0.0316565716
       -0.0570753708  -0.0117124083   0.2711292171   0.2671904444  -0.0040668188
       -0.2241115147  -0.1525550905   0.0000950137   0.0000182660  -0.0000383822
        0.0003204627   0.0000789321  -0.0000920781  -0.0001336147   0.0000805853
        0.0002320609   0.0004531811  -0.0003368228   0.0004195476   0.0001263319
       -0.0000797920  -0.0000345668   0.0415849223  -0.0203034728  -0.0590673124
        0.0000001828   0.0003399259   0.0001031729   0.0004221190   0.0000233465
       -0.0001608840  -0.0000902805   0.0002610044   0.0004602125   0.0049272146
        0.0003056339  -0.0008059164  -0.0026484247   0.0013928856  -0.0016651699
       -0.0006025724  -0.0010881711  -0.0001275109  -0.0133932025  -0.0582905314
       -0.0229821736  -0.0712327845  -0.0112490302  -0.0040668188   0.0825737016
        0.0417960805   0.0177876531  -0.0002041536  -0.0000265709   0.0001671692
       -0.0001113932  -0.0000897612  -0.0000394993   0.0000054273   0.0000321177
       -0.0000503717  -0.0035367338  -0.0000201124  -0.0005538886  -0.0000156271
        0.0000317163  -0.0000118270   0.0039065270   0.0265814666   0.0119458528
        0.0004606549   0.0006541752  -0.0002667203  -0.0000105344   0.0009989322
       -0.0004730797  -0.0002484539   0.0026543460   0.0009687356  -0.0016195947
        0.0012315829   0.0036585936   0.0016174490  -0.0026470992   0.0005045875
       -0.0010240024  -0.0006168009   0.0003696861  -0.0454621819  -0.0688888913
       -0.0374859231  -0.0034194165  -0.5746072645  -0.2241115147   0.0417960805
        0.6804757477   0.2824249912  -0.0000937120   0.0000450539   0.0000356922
       -0.0002316958  -0.0001066016  -0.0000033735   0.0003751150   0.0004149902
       -0.0002008299  -0.0002956974   0.0013673935  -0.0003308733  -0.0001727026
        0.0001579067   0.0000656914   0.0083286923  -0.0411334708  -0.0251556631
        0.0001495020   0.0004116045  -0.0001251504   0.0002235235   0.0002212989
        0.0000466197  -0.0001613238   0.0006912878   0.0005594297  -0.0007956033
        0.0022229600  -0.0028011494  -0.0004243508   0.0004673973  -0.0003380506
       -0.0007944658  -0.0003764485   0.0005859421  -0.0174469437  -0.0361486809
        0.0073668783  -0.0014575286  -0.2244583675  -0.1525550905   0.0177876531
        0.2824249912   0.1429643682  -0.0001324099  -0.0000245839  -0.0000400991
       -0.0001216469  -0.0000572805   0.0000011044   0.0001241715   0.0000869242
       -0.0002599156  -0.0012290868   0.0002860591  -0.0001889024  -0.0000818649
        0.0000760500   0.0000245933   0.0043603741  -0.0258232115   0.0047594223
       -0.2815368001   0.0634592981   0.0426617784  -0.0103240190   0.0042354147
        0.0016690995   0.0006484640   0.0023003421   0.0011462718   0.0009657819
       -0.0004378937   0.0000485860  -0.0018979477  -0.0030532963   0.0025033653
       -0.0219501011   0.0037550778   0.0041614277  -0.0002565195  -0.0001907652
       -0.0004651505   0.0004149164   0.0002225896   0.0000950137  -0.0002041536
       -0.0000937120  -0.0001324099   0.3145205763  -0.0702705386  -0.0507890363
        0.0006824592  -0.0007266880  -0.0005370423  -0.0005447738   0.0000426937
        0.0000879739  -0.0010297247   0.0003196548   0.0002078037   0.0005593414
        0.0004636653  -0.0007093534  -0.0000474996  -0.0000258422   0.0000516723
        0.0634942768  -0.0596574163  -0.0096516244   0.0271154346  -0.0086839823
       -0.0043216951   0.0022304781  -0.0050835846   0.0013726035  -0.0003854352
       -0.0006598421   0.0003029934  -0.0029836437  -0.0020557370   0.0020688835
       -0.0192452742   0.0043717716   0.0034789049  -0.0000340063  -0.0000068102
       -0.0003397361  -0.0000554038  -0.0000144661   0.0000182660  -0.0000265709
        0.0000450539  -0.0000245839  -0.0702705386   0.0709548231   0.0078939626
        0.0007279397   0.0004952664  -0.0005677532   0.0014020788  -0.0004653084
       -0.0002213537  -0.0009878424   0.0001338681   0.0002049714  -0.0009797895
        0.0006325968  -0.0002485758  -0.0000017033  -0.0000062330   0.0000347370
        0.0426693139  -0.0096375039  -0.0419473096  -0.0016855838   0.0004733996
        0.0008733212   0.0011460158   0.0013733156   0.0071628517  -0.0000281026
        0.0003226005   0.0007708489   0.0025368513   0.0020805789   0.0068007612
        0.0075338773  -0.0013676724  -0.0007990572  -0.0001677379  -0.0002880351
       -0.0018900987  -0.0003093586   0.0000849742  -0.0000383822   0.0001671692
        0.0000356922  -0.0000400991  -0.0507890363   0.0078939626   0.0335431758
       -0.0007485148  -0.0002685357  -0.0021761511  -0.0000979167   0.0000505232
       -0.0000332934   0.0002935828  -0.0001128601  -0.0001460341  -0.0004866263
       -0.0005611268  -0.0022588226  -0.0000339332  -0.0000793129   0.0001782893
        0.0047562128   0.0041509407  -0.0014013113  -0.1586870854  -0.1232326904
        0.0438086116  -0.0224279695  -0.0197561101   0.0076651254  -0.0036562878
        0.0022289180   0.0022339815   0.0000731489   0.0006275861  -0.0001546466
        0.0009370402   0.0018456091   0.0011407487  -0.0019236775  -0.0011011679
        0.0004036591   0.0000953268   0.0004267414   0.0003204627  -0.0001113932
       -0.0002316958  -0.0001216469   0.0006824592   0.0007279397  -0.0007485148
        0.1797671075   0.1348526736  -0.0520546056   0.0005216320  -0.0007795119
       -0.0005531169  -0.0000011957  -0.0000009690  -0.0003430175   0.0001482008
        0.0002738757  -0.0001062990  -0.0001735190  -0.0000321391  -0.0000894305
       -0.0186286709  -0.0225139864   0.0072589909  -0.1235190813  -0.1746543691
        0.0461059585   0.0030928110   0.0041730326  -0.0011874768   0.0017180849
        0.0010081887   0.0007194618   0.0007719478   0.0001942602  -0.0002203511
        0.0022931385  -0.0053439238   0.0014219098   0.0001134341   0.0000409639
       -0.0001694499   0.0003672638   0.0001910950   0.0000789321  -0.0000897612
       -0.0001066016  -0.0000572805  -0.0007266880   0.0004952664  -0.0002685357
        0.1348526736   0.1968995934  -0.0531890592   0.0006951276   0.0008248700
       -0.0006472590   0.0000240290   0.0000380981  -0.0002525156  -0.0009767435
       -0.0012553390   0.0003876965   0.0000124347   0.0000088515   0.0000189781
        0.0019321366   0.0025684751   0.0001564885   0.0438269768   0.0459911021
       -0.0503323730   0.0042341575   0.0035596159  -0.0009995751   0.0022376044
        0.0007865761   0.0079995278  -0.0000336797  -0.0002959554  -0.0001152262
        0.0010427531   0.0014864786   0.0072584403   0.0004631675   0.0002268521
       -0.0000907748  -0.0000423964  -0.0000747997  -0.0000920781  -0.0000394993
       -0.0000033735   0.0000011044  -0.0005370423  -0.0005677532  -0.0021761511
       -0.0520546056  -0.0531890592   0.0426935022  -0.0007657057  -0.0003378547
       -0.0024714440  -0.0003581507  -0.0002651026  -0.0016346403   0.0000672282
        0.0000918846  -0.0002040636   0.0000270559   0.0000229137   0.0000072630
       -0.0050168011   0.0015611009   0.0025163750  -0.0092627813   0.0266386208
       -0.0018416798  -0.0667573154   0.0770009735  -0.0042540739   0.0054758398
       -0.0177243643   0.0019141897  -0.0020081049  -0.0027373843   0.0022878304
       -0.0003944177  -0.0002756320   0.0000445843   0.0017153178   0.0003114484
       -0.0010969766  -0.0003261354  -0.0006833868  -0.0001336147   0.0000054273
        0.0003751150   0.0001241715  -0.0005447738   0.0014020788  -0.0000979167
        0.0005216320   0.0006951276  -0.0007657057   0.0765275232  -0.0854690088
        0.0014480533   0.0001641584  -0.0010215417   0.0001607056  -0.0000784128
       -0.0000745033  -0.0003259664  -0.0000211562   0.0000013563   0.0000200239
        0.0019654210   0.0010080980   0.0005964207   0.0043014287  -0.0084399307
        0.0004015070   0.0765007024  -0.2816435412   0.0196956203   0.0055403617
       -0.0246763805   0.0026401272  -0.0033400273  -0.0022548403   0.0019830939
       -0.0003049394   0.0007394671  -0.0000958020   0.0008552094   0.0013723177
       -0.0012220406   0.0001619674  -0.0004233721   0.0000805853   0.0000321177
        0.0004149902   0.0000869242   0.0000426937  -0.0004653084   0.0000505232
       -0.0007795119   0.0008248700  -0.0003378547  -0.0854690088   0.3145330445
       -0.0238328295   0.0004528041  -0.0011303117   0.0001432937  -0.0000721272
        0.0000802200  -0.0002335893   0.0001129086   0.0000606774   0.0000440204
        0.0024419978   0.0007372107   0.0075245401   0.0013899863  -0.0041923563
        0.0008045024  -0.0042097882   0.0193827133  -0.0351989395  -0.0015075901
        0.0076921107   0.0011288107   0.0024041536   0.0017986069   0.0062366607
        0.0000277451  -0.0000936144  -0.0003383748  -0.0009109200  -0.0010123894
       -0.0028456272  -0.0001689388   0.0005052669   0.0002320609  -0.0000503717
       -0.0002008299  -0.0002599156   0.0000879739  -0.0002213537  -0.0000332934
       -0.0005531169  -0.0006472590  -0.0024714440   0.0014480533  -0.0238328295
        0.0266293674  -0.0000146582   0.0004205824   0.0000489524  -0.0003301798
       -0.0002515878  -0.0015884062  -0.0000543462  -0.0000842709   0.0001311062
       -0.0047848299   0.0020882965   0.0023770905  -0.0000197326   0.0005945762
       -0.0001771685   0.0007314034   0.0021015234   0.0009799470   0.0049499224
        0.0039621778  -0.0013008863  -0.1582679401  -0.1251753755   0.0455805500
       -0.0209367813  -0.0191786291   0.0076574232  -0.0000667750  -0.0009541505
       -0.0011453261   0.0006423334   0.0026583024   0.0004531811  -0.0035367338
       -0.0002956974  -0.0012290868  -0.0010297247  -0.0009878424   0.0002935828
       -0.0000011957   0.0000240290  -0.0003581507   0.0001641584   0.0004528041
       -0.0000146582   0.1818505917   0.1357950021  -0.0526495893   0.0004755430
       -0.0008048021  -0.0005259481  -0.0001702392  -0.0002802145   0.0000590394
        0.0018492696   0.0008676386   0.0006927293   0.0005687602   0.0002371641
       -0.0002034850   0.0023676383  -0.0050625055   0.0012990834  -0.0195049095
       -0.0233888713   0.0080142775  -0.1240110097  -0.1766057416   0.0472701359
        0.0032709334   0.0046654023  -0.0012365570  -0.0007731250   0.0023968493
       -0.0007253760   0.0004568935  -0.0021961796  -0.0003368228  -0.0000201124
        0.0013673935   0.0002860591   0.0003196548   0.0001338681  -0.0001128601
       -0.0000009690   0.0000380981  -0.0002651026  -0.0010215417  -0.0011303117
        0.0004205824   0.1357950021   0.1977752482  -0.0545637190   0.0007708979
        0.0008558086  -0.0007051136  -0.0000673823   0.0000461388   0.0001661686
        0.0025203080   0.0005647915   0.0073956717  -0.0002079444  -0.0002133000
       -0.0002789382   0.0009947849   0.0014383847   0.0068376134   0.0027557811
        0.0028278348   0.0006114440   0.0449269133   0.0466959867  -0.0497455201
        0.0042689791   0.0038076987  -0.0005578906  -0.0010556140  -0.0009604743
       -0.0027721791  -0.0001513324   0.0012884770   0.0004195476  -0.0005538886
       -0.0003308733  -0.0001889024   0.0002078037   0.0002049714  -0.0001460341
       -0.0003430175  -0.0002525156  -0.0016346403   0.0001607056   0.0001432937
        0.0000489524  -0.0526495893  -0.0545637190   0.0423705482  -0.0007792024
       -0.0003778932  -0.0024475538  -0.0000946871  -0.0002726632   0.0000878812
        0.0050078275  -0.0180045257   0.0018584256  -0.0016206508  -0.0029574778
        0.0024050960  -0.0004454585  -0.0003624221   0.0001282057  -0.0038955608
        0.0009129673   0.0023951494  -0.0108497142   0.0277045546  -0.0018628146
       -0.0635412539   0.0706850885  -0.0044884157  -0.0017090698   0.0019245368
       -0.0000057173   0.0004352204   0.0003029869   0.0001263319  -0.0000156271
       -0.0001727026  -0.0000818649   0.0005593414  -0.0009797895  -0.0004866263
        0.0001482008  -0.0009767435   0.0000672282  -0.0000784128  -0.0000721272
       -0.0003301798   0.0004755430   0.0007708979  -0.0007792024   0.0755654914
       -0.0786930346   0.0010323556  -0.0000358767  -0.0000822090   0.0000220287
        0.0048923872  -0.0230918320   0.0025842531  -0.0034344836  -0.0024116839
        0.0022609549  -0.0004481073   0.0008445924  -0.0000618217   0.0015680108
        0.0014221058   0.0007301384   0.0047843974  -0.0094682359   0.0005556718
        0.0710637162  -0.2826954542   0.0224065321   0.0007618525  -0.0006754829
       -0.0000111966  -0.0004134605  -0.0002887857  -0.0000797920   0.0000317163
        0.0001579067   0.0000760500   0.0004636653   0.0006325968  -0.0005611268
        0.0002738757  -0.0012553390   0.0000918846  -0.0000745033   0.0000802200
       -0.0002515878  -0.0008048021   0.0008558086  -0.0003778932  -0.0786930346
        0.3158555370  -0.0273471440   0.0000287699   0.0000380462  -0.0000149228
       -0.0017119682   0.0072523862   0.0002066032   0.0024351462   0.0022042054
        0.0069011297   0.0001985671  -0.0000960189  -0.0001765490   0.0024952692
        0.0007050525   0.0077185240   0.0014371996  -0.0042365322   0.0009008414
       -0.0042566118   0.0225368178  -0.0370702229   0.0000354375  -0.0002515714
       -0.0000174691   0.0000011262  -0.0000576958  -0.0000345668  -0.0000118270
        0.0000656914   0.0000245933  -0.0007093534  -0.0002485758  -0.0022588226
       -0.0001062990   0.0003876965  -0.0002040636  -0.0003259664  -0.0002335893
       -0.0015884062  -0.0005259481  -0.0007051136  -0.0024475538   0.0010323556
       -0.0273471440   0.0280660693   0.0000128724   0.0000243912  -0.0000201069
        0.0001102521  -0.0000194886  -0.0000272722  -0.0000841094  -0.0003256332
        0.0002424789  -0.0018959038   0.0007218846   0.0002756309  -0.0013331433
       -0.0042622965  -0.0008376112  -0.0001294547   0.0000640861  -0.0000188387
        0.0001552959  -0.0000741640   0.0001441412  -0.0517431375   0.0055794133
        0.0043810038  -0.1601729188   0.0860140373   0.0415849223   0.0039065270
        0.0083286923   0.0043603741  -0.0000474996  -0.0000017033  -0.0000339332
       -0.0001735190   0.0000124347   0.0000270559  -0.0000211562   0.0001129086
       -0.0000543462  -0.0001702392  -0.0000673823  -0.0000946871  -0.0000358767
        0.0000287699   0.0000128724   0.2116348834  -0.0961115588  -0.0499617909
        0.0000140706   0.0000586146  -0.0000313159  -0.0000293913   0.0000246767
        0.0003028639  -0.0002569330   0.0000604278  -0.0001194418  -0.0020556937
        0.0008779117  -0.0024831116  -0.0003607880  -0.0000786897   0.0002496590
        0.0000078257   0.0002561264   0.0002545469  -0.0096505996   0.0062132995
        0.0009825401   0.0822806499  -0.0871920164  -0.0203034728   0.0265814666
       -0.0411334708  -0.0258232115  -0.0000258422  -0.0000062330  -0.0000793129
       -0.0000321391   0.0000088515   0.0000229137   0.0000013563   0.0000606774
       -0.0000842709  -0.0002802145   0.0000461388  -0.0002726632  -0.0000822090
        0.0000380462   0.0000243912  -0.0961115588   0.1207656390   0.0473598860
       -0.0000398947  -0.0001761740   0.0000401491  -0.0004165362  -0.0002388228
       -0.0004479370  -0.0008410316   0.0004330535   0.0002994501  -0.0005230075
       -0.0026066064   0.0060900010   0.0001591629  -0.0001197823   0.0003052861
        0.0001339669  -0.0000487160  -0.0006732331  -0.0010351312   0.0007968112
        0.0049342730   0.0405150755  -0.0204929675  -0.0590673124   0.0119458528
       -0.0251556631   0.0047594223   0.0000516723   0.0000347370   0.0001782893
       -0.0000894305   0.0000189781   0.0000072630   0.0000200239   0.0000440204
        0.0001311062   0.0000590394   0.0001661686   0.0000878812   0.0000220287
       -0.0000149228  -0.0000201069  -0.0499617909   0.0473598860   0.0433754679
