           1           2   1.43143896702121     
           2           3   1.45108172966758     
           1           4  0.101902859234733     
           3           4   1.38426915774645     
           2           5  0.109952849141414     
           4           5   1.40352562903872     
           1           6   1.44519615762702     
           3           6  0.111939983755155     
           5           6   1.43422368590284     
           4           7  0.937205276752987     
           7           8   1.19646364578577     
           7           9  0.185406964485680     
           8           9   1.74866387903693     
           1          10  0.968096770474416     
           2          11  0.967363607365719     
           3          12  0.965246287343403     
           5          13  0.965735588489728     
           6          14  0.968219978147840     
           8          15  0.914259482085768     
