$hessian                                                                        
        0.4950135083  -0.0226510005   0.0314321525  -0.0975115746  -0.0290020116
        0.0454091754  -0.0262893849  -0.0261273849   0.0064145545   0.0006687387
       -0.0004356224   0.0004360649  -0.0001332074   0.0000819842  -0.0000273945
       -0.1077573866   0.0974380147  -0.0464277895  -0.1914070844  -0.0656204200
       -0.1008423426  -0.0693564100   0.0470211647   0.0579623596  -0.0090237370
       -0.0063036569   0.0139093864   0.0069688373   0.0060246727  -0.0085221428
       -0.0010033528  -0.0004448008  -0.0000645129   0.0000712552  -0.0000548331
        0.0001905851  -0.0000969590   0.0000432067   0.0000181692  -0.0000325027
        0.0000671815   0.0000517174  -0.0001107400  -0.0000364942   0.0000600174
       -0.0226510005   0.5055046730   0.0265930128  -0.0303615158  -0.0989676844
        0.0435994752  -0.0224622614  -0.0147639562   0.0047954942   0.0004937772
        0.0000240586  -0.0006683230  -0.0000819952  -0.0004214881   0.0000734794
        0.0968844361  -0.1866786610   0.0676105950  -0.0654898336  -0.0715499480
       -0.0457532236   0.0470372955  -0.1263794216  -0.1046251438   0.0078146855
        0.0074633596  -0.0095588135  -0.0111366537  -0.0153201289   0.0179655281
       -0.0002751840   0.0007274082  -0.0001393617   0.0001162462   0.0000371557
        0.0001581543  -0.0000129796   0.0001340881   0.0000821008  -0.0000135972
       -0.0000473775   0.0000163227   0.0001385806   0.0002379226  -0.0001492969
        0.0314321525   0.0265930128   0.4994046792   0.0449907142   0.0438574988
       -0.1205632048  -0.0087697184  -0.0090721719   0.0114362997  -0.0005029420
       -0.0000926555   0.0006351111  -0.0000274411  -0.0000734272  -0.0004267861
       -0.0465127945   0.0683834245  -0.0769749413  -0.1003252371  -0.0453016017
       -0.1088262441   0.0574753198  -0.1051791474  -0.1774312345   0.0149735127
        0.0106973658  -0.0178469321   0.0074508560   0.0106248785  -0.0105066132
        0.0000896643  -0.0004267509   0.0005892276  -0.0001436364  -0.0000992901
        0.0001708520   0.0000122036   0.0000362817   0.0001336803  -0.0001762632
       -0.0000166651   0.0001522366   0.0000336095   0.0000692477   0.0000538696
       -0.0975115746  -0.0303615158   0.0449907142   0.4409785662  -0.0637381525
       -0.0099308704  -0.1109536818  -0.0414333800  -0.0456256432  -0.0293821932
       -0.0059676520  -0.0168988613   0.0006687577  -0.0004936626  -0.0005032596
        0.0094237159   0.0069706821  -0.0082947267  -0.0155038801  -0.0134660961
        0.0121889589  -0.0084695255  -0.0049274586   0.0100502149  -0.0806786686
        0.0574184701   0.0642157184  -0.1055637810   0.0941773418  -0.0491172257
        0.0010716762  -0.0004320552   0.0015979123  -0.0031095612   0.0023143745
       -0.0024376223   0.0002026507  -0.0002628240   0.0001780733  -0.0003140470
        0.0001396032  -0.0000537018  -0.0008584539   0.0000623250  -0.0003596811
       -0.0290020116  -0.0989676844   0.0438574988  -0.0637381525   0.4950082827
       -0.0134549054  -0.0541356517  -0.1295506208  -0.0395889933   0.0059815044
        0.0175046961   0.0033087916   0.0004354496   0.0000237636   0.0000923149
       -0.0123439618  -0.0158429553   0.0171857199  -0.0077535988  -0.0065479799
        0.0058307870   0.0085179820   0.0091473189  -0.0099805525   0.0572939280
       -0.1109900844  -0.0786961352   0.0904336632  -0.1605068645   0.0678500711
        0.0001688082   0.0010277499   0.0007715597   0.0028726212  -0.0002949793
        0.0024535957   0.0006603850  -0.0000835867   0.0000490554   0.0001682929
        0.0002022792  -0.0001200592   0.0004407418  -0.0001293352   0.0004412513
        0.0454091754   0.0435994752  -0.1205632048  -0.0099308704  -0.0134549054
        0.4567656033  -0.0425939952  -0.0296686193  -0.0759611187  -0.0168960742
       -0.0032881908  -0.0167160870   0.0004364389   0.0006680836   0.0006354154
        0.0063874417   0.0101261768  -0.0095628090  -0.0087573072  -0.0071922523
        0.0074805060   0.0168429635   0.0112713356  -0.0185130952   0.0632811429
       -0.0821112226  -0.1399574947  -0.0507440800   0.0700673295  -0.0831405564
       -0.0008209981  -0.0011093565   0.0006590680  -0.0032643924   0.0017254169
       -0.0011510464   0.0004057574  -0.0004428330  -0.0002459271   0.0004021361
        0.0002781494  -0.0002553119  -0.0001573383  -0.0004685870   0.0005260586
       -0.0262893849  -0.0224622614  -0.0087697184  -0.1109536818  -0.0541356517
       -0.0425939952   0.3202702314  -0.0000431595   0.1518846993  -0.1109450665
        0.0541579617  -0.0425594606  -0.0262838572   0.0224677161  -0.0087555748
        0.0005012397   0.0003809192  -0.0005345196  -0.0043499218  -0.0043827306
        0.0034210514   0.0016021418   0.0015344324  -0.0011321198   0.0044973705
       -0.0067432713  -0.0077002427  -0.0251511970  -0.0083247734  -0.0186620416
        0.0045004326   0.0067451757  -0.0076947825  -0.0251522667   0.0083385925
       -0.0186584071  -0.0043486094   0.0043811988   0.0034228770   0.0016017580
       -0.0015338532  -0.0011331692   0.0005008113  -0.0003802952  -0.0005345965
       -0.0261273849  -0.0147639562  -0.0090721719  -0.0414333800  -0.1295506208
       -0.0296686193  -0.0000431595   0.3138791618   0.0000282925   0.0414581189
       -0.1295988249   0.0296422324   0.0261259402  -0.0147722280   0.0090589323
        0.0008498984   0.0001578540  -0.0004520839  -0.0035922237  -0.0035163838
        0.0035050671   0.0012952140   0.0010761647  -0.0004075522  -0.0204652413
       -0.0205518547  -0.0227578082   0.0132182510   0.0102485865   0.0095568462
        0.0204732406  -0.0205783112   0.0227574480  -0.0132055735   0.0102516714
       -0.0095431300   0.0035906786  -0.0035147223  -0.0035069368  -0.0012948198
        0.0010761749   0.0004076321  -0.0008495590   0.0001572885   0.0004518517
        0.0064145545   0.0047954942   0.0114362997  -0.0456256432  -0.0395889933
       -0.0759611187   0.1518846993   0.0000282925   0.1886921706  -0.0455984094
        0.0395633684  -0.0759227904   0.0064286115  -0.0048109140   0.0114383999
       -0.0002209148  -0.0004591438   0.0001086224   0.0023071301   0.0020364139
       -0.0008161355  -0.0009465627  -0.0000733759   0.0017321264  -0.0206201597
       -0.0220715047  -0.0193417996  -0.0172750605  -0.0060751916  -0.0115347711
       -0.0206075883   0.0220732287  -0.0193177353  -0.0172811578   0.0060880899
       -0.0115355560   0.0023087630  -0.0020380093  -0.0008192076  -0.0009470937
        0.0000732793   0.0017325838  -0.0002211685   0.0004589657   0.0001089113
        0.0006687387   0.0004937772  -0.0005029420  -0.0293821932   0.0059815044
       -0.0168960742  -0.1109450665   0.0414581189  -0.0455984094   0.4409925819
        0.0637490837  -0.0098960038  -0.0975000923   0.0303374266   0.0449994563
       -0.0008585061  -0.0000620830  -0.0003597820   0.0002025786   0.0002626662
        0.0001782521  -0.0003141221  -0.0001394012  -0.0000538574   0.0010717820
        0.0004310810   0.0015981266  -0.0031098384  -0.0023127683  -0.0024389527
       -0.0806890060  -0.0574521603   0.0641942209  -0.1055910715  -0.0941621504
       -0.0491730077  -0.0155019387   0.0134616846   0.0121968899  -0.0084677309
        0.0049229960   0.0100525085   0.0094238843  -0.0069697755  -0.0083004251
       -0.0004356224   0.0000240586  -0.0000926555  -0.0059676520   0.0175046961
       -0.0032881908   0.0541579617  -0.1295988249   0.0395633684   0.0637490837
        0.4949781603   0.0134758186   0.0289770110  -0.0989312043  -0.0438530952
       -0.0004406606  -0.0001293181  -0.0004414552  -0.0006606018  -0.0000837476
       -0.0000490130  -0.0001684073   0.0002023514   0.0001203931  -0.0001684769
        0.0010276770  -0.0007716170  -0.0028704518  -0.0002921152  -0.0024528441
       -0.0573266486  -0.1110563794   0.0787039240  -0.0904176836  -0.1604130000
       -0.0678799616   0.0077579279  -0.0065502120  -0.0058390119  -0.0085234777
        0.0091482160   0.0099933783   0.0123376984  -0.0158303580  -0.0171890382
        0.0004360649  -0.0006683230   0.0006351111  -0.0168988613   0.0033087916
       -0.0167160870  -0.0425594606   0.0296422324  -0.0759227904  -0.0098960038
        0.0134758186   0.4567812777   0.0454170900  -0.0435951205  -0.1206106953
       -0.0001572686   0.0004683061   0.0005260319   0.0004054341   0.0004428077
       -0.0002456453   0.0004019939  -0.0002779488  -0.0002553820  -0.0008209711
        0.0011098011   0.0006592983  -0.0032666180  -0.0017246397  -0.0011535441
        0.0632598140   0.0821190330  -0.1398795896  -0.0507981627  -0.0700969151
       -0.0832073147  -0.0087511852   0.0071850209   0.0074806095   0.0168373147
       -0.0112600896  -0.0185158331   0.0063908197  -0.0101287748  -0.0095754470
       -0.0001332074  -0.0000819952  -0.0000274411   0.0006687577   0.0004354496
        0.0004364389  -0.0262838572   0.0261259402   0.0064286115  -0.0975000923
        0.0289770110   0.0454170900   0.4950216420   0.0226347240   0.0314415033
       -0.0001107538   0.0000365189   0.0000600596  -0.0000969707  -0.0000431833
        0.0000181325  -0.0000325265  -0.0000672202   0.0000517104  -0.0010032802
        0.0004451524  -0.0000642889   0.0000713114   0.0000547799   0.0001906827
       -0.0090224622   0.0062981270   0.0139133334   0.0069692142  -0.0060231846
       -0.0085281956  -0.1914169391   0.0656783440  -0.1008021966  -0.0693521891
       -0.0470421847   0.0579383883  -0.1077786468  -0.0974282788  -0.0464738284
        0.0000819842  -0.0004214881  -0.0000734272  -0.0004936626   0.0000237636
        0.0006680836   0.0224677161  -0.0147722280  -0.0048109140   0.0303374266
       -0.0989312043  -0.0435951205   0.0226347240   0.5055272138  -0.0265948177
       -0.0001385494   0.0002378899   0.0001493735   0.0000130121   0.0001341197
       -0.0000820954   0.0000136648  -0.0000473891  -0.0000164561   0.0002755143
        0.0007270226   0.0001394409  -0.0001161801   0.0000372015  -0.0001582964
       -0.0078199539   0.0074640392   0.0095699606   0.0111294620  -0.0153062250
       -0.0179672053   0.0655477243  -0.0716005041   0.0457710652  -0.0470581698
       -0.1264684776   0.1046485242  -0.0968747127  -0.1866037341  -0.0676481153
       -0.0000273945   0.0000734794  -0.0004267861  -0.0005032596   0.0000923149
        0.0006354154  -0.0087555748   0.0090589323   0.0114383999   0.0449994563
       -0.0438530952  -0.1206106953   0.0314415033  -0.0265948177   0.4993731720
        0.0000335493  -0.0000691317   0.0000539274   0.0000122206  -0.0000362946
        0.0001336280  -0.0001762739   0.0000166004   0.0001522430   0.0000898302
        0.0004267215   0.0005895625  -0.0001436260   0.0000992672   0.0001708956
        0.0149679869  -0.0106867398  -0.0178486798   0.0074543816  -0.0106277066
       -0.0105206838  -0.1002853650   0.0453193260  -0.1087664309   0.0574512186
        0.1052024172  -0.1773456099  -0.0465586530  -0.0684212732  -0.0770283582
       -0.1077573866   0.0968844361  -0.0465127945   0.0094237159  -0.0123439618
        0.0063874417   0.0005012397   0.0008498984  -0.0002209148  -0.0008585061
       -0.0004406606  -0.0001572686  -0.0001107538  -0.0001385494   0.0000335493
        0.1244194035  -0.1115521957   0.0538926458  -0.0173023182   0.0200414633
       -0.0119352052  -0.0069376041   0.0104356537  -0.0030995530   0.0007861275
       -0.0005088211  -0.0003975380  -0.0009913782  -0.0026038169   0.0024662218
       -0.0012683554  -0.0009367347  -0.0007054200   0.0001413838   0.0000663944
        0.0000082892  -0.0000539798   0.0000257553  -0.0000059707   0.0000758486
        0.0001014536  -0.0000031063  -0.0000674370   0.0001196854   0.0002496234
        0.0974380147  -0.1866786610   0.0683834245   0.0069706821  -0.0158429553
        0.0101261768   0.0003809192   0.0001578540  -0.0004591438  -0.0000620830
       -0.0001293181   0.0004683061   0.0000365189   0.0002378899  -0.0000691317
       -0.1115521957   0.2141243693  -0.0817071285  -0.0040472324   0.0072659659
       -0.0031304152   0.0138181783  -0.0185238489   0.0051639402   0.0004253611
        0.0007458681  -0.0008055708  -0.0023473342  -0.0016654346   0.0030154746
       -0.0012386272   0.0000802239  -0.0008928839   0.0001858427   0.0001542007
       -0.0001295542   0.0000332523   0.0000107494  -0.0000128573   0.0000784942
       -0.0000505569  -0.0000804636  -0.0001197909   0.0001136536   0.0001298268
       -0.0464277895   0.0676105950  -0.0769749413  -0.0082947267   0.0171857199
       -0.0095628090  -0.0005345196  -0.0004520839   0.0001086224  -0.0003597820
       -0.0004414552   0.0005260319   0.0000600596   0.0001493735   0.0000539274
        0.0538926458  -0.0817071285   0.0884250472  -0.0127480581   0.0134471879
       -0.0076587563   0.0130511612  -0.0186918049   0.0076589462  -0.0007603263
        0.0004024237   0.0002813973   0.0025716117   0.0031286062  -0.0026387462
       -0.0006167923  -0.0003379129   0.0002365000   0.0000166655  -0.0000353436
       -0.0000878552  -0.0000713142  -0.0000608437  -0.0000426907  -0.0000284078
       -0.0000676423  -0.0000884730   0.0002495727  -0.0001296913  -0.0002362007
       -0.1914070844  -0.0654898336  -0.1003252371  -0.0155038801  -0.0077535988
       -0.0087573072  -0.0043499218  -0.0035922237   0.0023071301   0.0002025786
       -0.0006606018   0.0004054341  -0.0000969707   0.0000130121   0.0000122206
       -0.0173023182  -0.0040472324  -0.0127480581   0.2204031521   0.0782010390
        0.1157571479   0.0071729413   0.0027040380   0.0037020049  -0.0001558696
        0.0002574208   0.0000063260   0.0005821633   0.0001578597  -0.0005154059
        0.0003723336   0.0001907873   0.0001652039   0.0000636374   0.0000551303
        0.0000463906   0.0000470317   0.0000075176   0.0000101631   0.0000262039
       -0.0000101182   0.0000053115  -0.0000539972  -0.0000331964  -0.0000713243
       -0.0656204200  -0.0715499480  -0.0453016017  -0.0134660961  -0.0065479799
       -0.0071922523  -0.0043827306  -0.0035163838   0.0020364139   0.0002626662
       -0.0000837476   0.0004428077  -0.0000431833   0.0001341197  -0.0000362946
        0.0200414633   0.0072659659   0.0134471879   0.0782010390   0.0822102302
        0.0506546429  -0.0149142515  -0.0080155172  -0.0131897922   0.0001843456
        0.0001673937  -0.0001298783  -0.0004701347  -0.0000985492  -0.0005574952
        0.0001625223  -0.0000929351  -0.0001111358   0.0000514305   0.0001125427
       -0.0001079523  -0.0000075299   0.0000146465  -0.0000054434   0.0000266461
       -0.0000105657  -0.0000100604  -0.0000257669   0.0000107278   0.0000608537
       -0.1008423426  -0.0457532236  -0.1088262441   0.0121889589   0.0058307870
        0.0074805060   0.0034210514   0.0035050671  -0.0008161355   0.0001782521
       -0.0000490130  -0.0002456453   0.0000181325  -0.0000820954   0.0001336280
       -0.0119352052  -0.0031304152  -0.0076587563   0.1157571479   0.0506546429
        0.1246823728  -0.0193141680  -0.0108135896  -0.0158184626   0.0001046359
        0.0001263692   0.0001784067   0.0004999135  -0.0000551882   0.0006916787
       -0.0000511423  -0.0001886463   0.0001102415   0.0000094536  -0.0000709580
        0.0000700249   0.0000101657   0.0000054412   0.0000042569  -0.0000388599
        0.0000079176   0.0000568092  -0.0000059936   0.0000129044  -0.0000426808
       -0.0693564100   0.0470372955   0.0574753198  -0.0084695255   0.0085179820
        0.0168429635   0.0016021418   0.0012952140  -0.0009465627  -0.0003141221
       -0.0001684073   0.0004019939  -0.0000325265   0.0000136648  -0.0001762739
       -0.0069376041   0.0138181783   0.0130511612   0.0071729413  -0.0149142515
       -0.0193141680   0.0780674782  -0.0539088685  -0.0701083837  -0.0019284184
       -0.0022937712   0.0034894813   0.0003783966   0.0003534789  -0.0005629256
       -0.0003907277   0.0003297470  -0.0000153777  -0.0000019543   0.0000201839
        0.0000071346   0.0000262027  -0.0000266415  -0.0000389021   0.0001083140
        0.0000046939  -0.0000769977   0.0000758140  -0.0000784984  -0.0000284629
        0.0470211647  -0.1263794216  -0.1051791474  -0.0049274586   0.0091473189
        0.0112713356   0.0015344324   0.0010761647  -0.0000733759  -0.0001394012
        0.0002023514  -0.0002779488  -0.0000672202  -0.0000473891   0.0000166004
        0.0104356537  -0.0185238489  -0.0186918049   0.0027040380  -0.0080155172
       -0.0108135896  -0.0539088685   0.1428232519   0.1207979784  -0.0025221283
       -0.0007456650   0.0025341940  -0.0003063404   0.0006315979   0.0002046566
        0.0002968152  -0.0001539853   0.0000383573  -0.0000246618  -0.0000268116
        0.0000669371   0.0000101151  -0.0000105555  -0.0000079320  -0.0000046501
        0.0000731071   0.0000460526  -0.0001014900  -0.0000505977   0.0000676868
        0.0579623596  -0.1046251438  -0.1774312345   0.0100502149  -0.0099805525
       -0.0185130952  -0.0011321198  -0.0004075522   0.0017321264  -0.0000538574
        0.0001203931  -0.0002553820   0.0000517104  -0.0000164561   0.0001522430
       -0.0030995530   0.0051639402   0.0076589462   0.0037020049  -0.0131897922
       -0.0158184626  -0.0701083837   0.1207979784   0.2055795517   0.0028043984
        0.0026930071  -0.0030370109  -0.0001364857  -0.0005698722  -0.0000228187
        0.0000776834  -0.0000204792   0.0000278946  -0.0000431449  -0.0000098835
       -0.0000114326   0.0000053151   0.0000100263   0.0000568372  -0.0000769960
       -0.0000460681  -0.0000297774  -0.0000031463   0.0000804547  -0.0000883852
       -0.0090237370   0.0078146855   0.0149735127  -0.0806786686   0.0572939280
        0.0632811429   0.0044973705  -0.0204652413  -0.0206201597   0.0010717820
       -0.0001684769  -0.0008209711  -0.0010032802   0.0002755143   0.0000898302
        0.0007861275   0.0004253611  -0.0007603263  -0.0001558696   0.0001843456
        0.0001046359  -0.0019284184  -0.0025221283   0.0028043984   0.0968685555
       -0.0574113833  -0.0704343950  -0.0089095702   0.0136600294   0.0116883584
       -0.0001901159   0.0000090699   0.0000891996  -0.0000473760   0.0001247377
        0.0001947438   0.0003722462  -0.0001626522  -0.0000512733  -0.0003910282
       -0.0002969305   0.0000775603  -0.0012680175   0.0012391410  -0.0006162569
       -0.0063036569   0.0074633596   0.0106973658   0.0574184701  -0.1109900844
       -0.0821112226  -0.0067432713  -0.0205518547  -0.0220715047   0.0004310810
        0.0010276770   0.0011098011   0.0004451524   0.0007270226   0.0004267215
       -0.0005088211   0.0007458681   0.0004024237   0.0002574208   0.0001673937
        0.0001263692  -0.0022937712  -0.0007456650   0.0026930071  -0.0574113833
        0.1392237195   0.1027320751   0.0140326296  -0.0168078503  -0.0147381214
       -0.0000090654  -0.0000854501   0.0000588190   0.0002685632  -0.0000063777
        0.0001271397  -0.0001909214  -0.0000930210   0.0001885962  -0.0003297747
       -0.0001539223   0.0000204330   0.0009373483   0.0000791849   0.0003380974
        0.0139093864  -0.0095588135  -0.0178469321   0.0642157184  -0.0786961352
       -0.1399574947  -0.0077002427  -0.0227578082  -0.0193417996   0.0015981266
       -0.0007716170   0.0006592983  -0.0000642889   0.0001394409   0.0005895625
       -0.0003975380  -0.0008055708   0.0002813973   0.0000063260  -0.0001298783
        0.0001784067   0.0034894813   0.0025341940  -0.0030370109  -0.0704343950
        0.1027320751   0.1704948995  -0.0043987935   0.0061669205   0.0077959629
        0.0000891781  -0.0000587322  -0.0003029985   0.0002423780   0.0002403280
        0.0001112395   0.0001651602   0.0001110231   0.0001103790  -0.0000156272
       -0.0000384892   0.0000279312  -0.0007048697   0.0008930627   0.0002371588
        0.0069688373  -0.0111366537   0.0074508560  -0.1055637810   0.0904336632
       -0.0507440800  -0.0251511970   0.0132182510  -0.0172750605  -0.0031098384
       -0.0028704518  -0.0032666180   0.0000713114  -0.0001161801  -0.0001436260
       -0.0009913782  -0.0023473342   0.0025716117   0.0005821633  -0.0004701347
        0.0004999135   0.0003783966  -0.0003063404  -0.0001364857  -0.0089095702
        0.0140326296  -0.0043987935   0.1365186101  -0.1004386263   0.0659416767
       -0.0000475131  -0.0002685273   0.0002421352  -0.0009490506   0.0004822366
       -0.0007244948   0.0000636490  -0.0000513706   0.0000094562  -0.0000019676
        0.0000247090  -0.0000431394   0.0001413283  -0.0001858702   0.0000166485
        0.0060246727  -0.0153201289   0.0106248785   0.0941773418  -0.1605068645
        0.0700673295  -0.0083247734   0.0102485865  -0.0060751916  -0.0023127683
       -0.0002921152  -0.0017246397   0.0000547799   0.0000372015   0.0000992672
       -0.0026038169  -0.0016654346   0.0031286062   0.0001578597  -0.0000985492
       -0.0000551882   0.0003534789   0.0006315979  -0.0005698722   0.0136600294
       -0.0168078503   0.0061669205  -0.1004386263   0.1832832660  -0.0811339100
       -0.0001248409  -0.0000060453  -0.0002404613  -0.0004816561   0.0002563658
       -0.0004041023  -0.0000551033   0.0001126092   0.0000709841  -0.0000202339
       -0.0000268014   0.0000098801  -0.0000663434   0.0001541625   0.0000354992
       -0.0085221428   0.0179655281  -0.0105066132  -0.0491172257   0.0678500711
       -0.0831405564  -0.0186620416   0.0095568462  -0.0115347711  -0.0024389527
       -0.0024528441  -0.0011535441   0.0001906827  -0.0001582964   0.0001708956
        0.0024662218   0.0030154746  -0.0026387462  -0.0005154059  -0.0005574952
        0.0006916787  -0.0005629256   0.0002046566  -0.0000228187   0.0116883584
       -0.0147381214   0.0077959629   0.0659416767  -0.0811339100   0.1007956661
        0.0001946054  -0.0001272278   0.0001110129  -0.0007246859   0.0004045805
       -0.0005391381   0.0000464024   0.0001080214   0.0000701324   0.0000071016
       -0.0000669661  -0.0000113982   0.0000083311   0.0001296827  -0.0000877624
       -0.0010033528  -0.0002751840   0.0000896643   0.0010716762   0.0001688082
       -0.0008209981   0.0045004326   0.0204732406  -0.0206075883  -0.0806890060
       -0.0573266486   0.0632598140  -0.0090224622  -0.0078199539   0.0149679869
       -0.0012683554  -0.0012386272  -0.0006167923   0.0003723336   0.0001625223
       -0.0000511423  -0.0003907277   0.0002968152   0.0000776834  -0.0001901159
       -0.0000090654   0.0000891781  -0.0000475131  -0.0001248409   0.0001946054
        0.0968772244   0.0574487846  -0.0704155119  -0.0089128035  -0.0136673297
        0.0116841426  -0.0001559077  -0.0001842879   0.0001045072  -0.0019276719
        0.0025207174   0.0028050988   0.0007862494  -0.0004249507  -0.0007606478
       -0.0004448008   0.0007274082  -0.0004267509  -0.0004320552   0.0010277499
       -0.0011093565   0.0067451757  -0.0205783112   0.0220732287  -0.0574521603
       -0.1110563794   0.0821190330   0.0062981270   0.0074640392  -0.0106867398
       -0.0009367347   0.0000802239  -0.0003379129   0.0001907873  -0.0000929351
       -0.0001886463   0.0003297470  -0.0001539853  -0.0000204792   0.0000090699
       -0.0000854501  -0.0000587322  -0.0002685273  -0.0000060453  -0.0001272278
        0.0574487846   0.1393128776  -0.1027402336  -0.0140311311  -0.0168086649
        0.0147246348  -0.0002574314   0.0001672724  -0.0001262460   0.0022920698
       -0.0007436305  -0.0026923321   0.0005090793   0.0007458307  -0.0004022392
       -0.0000645129  -0.0001393617   0.0005892276   0.0015979123   0.0007715597
        0.0006590680  -0.0076947825   0.0227574480  -0.0193177353   0.0641942209
        0.0787039240  -0.1398795896   0.0139133334   0.0095699606  -0.0178486798
       -0.0007054200  -0.0008928839   0.0002365000   0.0001652039  -0.0001111358
        0.0001102415  -0.0000153777   0.0000383573   0.0000278946   0.0000891996
        0.0000588190  -0.0003029985   0.0002421352  -0.0002404613   0.0001110129
       -0.0704155119  -0.1027402336   0.1703950822  -0.0044059670  -0.0061782945
        0.0078000573   0.0000064489   0.0001297938   0.0001781298   0.0034903256
       -0.0025334459  -0.0030399124  -0.0003972078   0.0008059543   0.0002817018
        0.0000712552   0.0001162462  -0.0001436364  -0.0031095612   0.0028726212
       -0.0032643924  -0.0251522667  -0.0132055735  -0.0172811578  -0.1055910715
       -0.0904176836  -0.0507981627   0.0069692142   0.0111294620   0.0074543816
        0.0001413838   0.0001858427   0.0000166655   0.0000636374   0.0000514305
        0.0000094536  -0.0000019543  -0.0000246618  -0.0000431449  -0.0000473760
        0.0002685632   0.0002423780  -0.0009490506  -0.0004816561  -0.0007246859
       -0.0089128035  -0.0140311311  -0.0044059670   0.1365485501   0.1004143632
        0.0660019510   0.0005823768   0.0004699794   0.0005003012   0.0003782014
        0.0003063849  -0.0001362410  -0.0009905351   0.0023458130   0.0025722572
       -0.0000548331   0.0000371557  -0.0000992901   0.0023143745  -0.0002949793
        0.0017254169   0.0083385925   0.0102516714   0.0060880899  -0.0941621504
       -0.1604130000  -0.0700969151  -0.0060231846  -0.0153062250  -0.0106277066
        0.0000663944   0.0001542007  -0.0000353436   0.0000551303   0.0001125427
       -0.0000709580   0.0000201839  -0.0000268116  -0.0000098835   0.0001247377
       -0.0000063777   0.0002403280   0.0004822366   0.0002563658   0.0004045805
       -0.0136673297  -0.0168086649  -0.0061782945   0.1004143632   0.1831745706
        0.0811637135  -0.0001577077  -0.0000988043   0.0000547029  -0.0003531117
        0.0006312168   0.0005701813   0.0026023043  -0.0016628610  -0.0031286215
        0.0001905851   0.0001581543   0.0001708520  -0.0024376223   0.0024535957
       -0.0011510464  -0.0186584071  -0.0095431300  -0.0115355560  -0.0491730077
       -0.0678799616  -0.0832073147  -0.0085281956  -0.0179672053  -0.0105206838
        0.0000082892  -0.0001295542  -0.0000878552   0.0000463906  -0.0001079523
        0.0000700249   0.0000071346   0.0000669371  -0.0000114326   0.0001947438
        0.0001271397   0.0001112395  -0.0007244948  -0.0004041023  -0.0005391381
        0.0116841426   0.0147246348   0.0078000573   0.0660019510   0.0811637135
        0.1008733995  -0.0005155366   0.0005571520   0.0006921481  -0.0005629928
       -0.0002042028  -0.0000226551   0.0024670198  -0.0030152186  -0.0026420393
       -0.0000969590  -0.0000129796   0.0000122036   0.0002026507   0.0006603850
        0.0004057574  -0.0043486094   0.0035906786   0.0023087630  -0.0155019387
        0.0077579279  -0.0087511852  -0.1914169391   0.0655477243  -0.1002853650
       -0.0000539798   0.0000332523  -0.0000713142   0.0000470317  -0.0000075299
        0.0000101657   0.0000262027   0.0000101151   0.0000053151   0.0003722462
       -0.0001909214   0.0001651602   0.0000636490  -0.0000551033   0.0000464024
       -0.0001559077  -0.0002574314   0.0000064489   0.0005823768  -0.0001577077
       -0.0005155366   0.2204132659  -0.0782675103   0.1157099293   0.0071724536
       -0.0027057765   0.0036996287  -0.0173055429   0.0040548769  -0.0127463735
        0.0000432067   0.0001340881   0.0000362817  -0.0002628240  -0.0000835867
       -0.0004428330   0.0043811988  -0.0035147223  -0.0020380093   0.0134616846
       -0.0065502120   0.0071850209   0.0656783440  -0.0716005041   0.0453193260
        0.0000257553   0.0000107494  -0.0000608437   0.0000075176   0.0000146465
        0.0000054412  -0.0000266415  -0.0000105555   0.0000100263  -0.0001626522
       -0.0000930210   0.0001110231  -0.0000513706   0.0001126092   0.0001080214
       -0.0001842879   0.0001672724   0.0001297938   0.0004699794  -0.0000988043
        0.0005571520  -0.0782675103   0.0822676643  -0.0506743896   0.0149232016
       -0.0080272450   0.0131917700  -0.0200356016   0.0072716208  -0.0134377808
        0.0000181692   0.0000821008   0.0001336803   0.0001780733   0.0000490554
       -0.0002459271   0.0034228770  -0.0035069368  -0.0008192076   0.0121968899
       -0.0058390119   0.0074806095  -0.1008021966   0.0457710652  -0.1087664309
       -0.0000059707  -0.0000128573  -0.0000426907   0.0000101631  -0.0000054434
        0.0000042569  -0.0000389021  -0.0000079320   0.0000568372  -0.0000512733
        0.0001885962   0.0001103790   0.0000094562   0.0000709841   0.0000701324
        0.0001045072  -0.0001262460   0.0001781298   0.0005003012   0.0000547029
        0.0006921481   0.1157099293  -0.0506743896   0.1246154619  -0.0193087810
        0.0108187056  -0.0158061548  -0.0119432426   0.0031376068  -0.0076612238
       -0.0000325027  -0.0000135972  -0.0001762632  -0.0003140470   0.0001682929
        0.0004021361   0.0016017580  -0.0012948198  -0.0009470937  -0.0084677309
       -0.0085234777   0.0168373147  -0.0693521891  -0.0470581698   0.0574512186
        0.0000758486   0.0000784942  -0.0000284078   0.0000262039   0.0000266461
       -0.0000388599   0.0001083140  -0.0000046501  -0.0000769960  -0.0003910282
       -0.0003297747  -0.0000156272  -0.0000019676  -0.0000202339   0.0000071016
       -0.0019276719   0.0022920698   0.0034903256   0.0003782014  -0.0003531117
       -0.0005629928   0.0071724536   0.0149232016  -0.0193087810   0.0780627021
        0.0539344280  -0.0700804567  -0.0069383441  -0.0138252978   0.0130473817
        0.0000671815  -0.0000473775  -0.0000166651   0.0001396032   0.0002022792
        0.0002781494  -0.0015338532   0.0010761749   0.0000732793   0.0049229960
        0.0091482160  -0.0112600896  -0.0470421847  -0.1264684776   0.1052024172
        0.0001014536  -0.0000505569  -0.0000676423  -0.0000101182  -0.0000105657
        0.0000079176   0.0000046939   0.0000731071  -0.0000460681  -0.0002969305
       -0.0001539223  -0.0000384892   0.0000247090  -0.0000268014  -0.0000669661
        0.0025207174  -0.0007436305  -0.0025334459   0.0003063849   0.0006312168
       -0.0002042028  -0.0027057765  -0.0080272450   0.0108187056   0.0539344280
        0.1429258996  -0.1208268291  -0.0104333044  -0.0185283167   0.0186799292
        0.0000517174   0.0000163227   0.0001522366  -0.0000537018  -0.0001200592
       -0.0002553119  -0.0011331692   0.0004076321   0.0017325838   0.0100525085
        0.0099933783  -0.0185158331   0.0579383883   0.1046485242  -0.1773456099
       -0.0000031063  -0.0000804636  -0.0000884730   0.0000053115  -0.0000100604
        0.0000568092  -0.0000769977   0.0000460526  -0.0000297774   0.0000775603
        0.0000204330   0.0000279312  -0.0000431394   0.0000098801  -0.0000113982
        0.0028050988  -0.0026923321  -0.0030399124  -0.0001362410   0.0005701813
       -0.0000226551   0.0036996287   0.0131917700  -0.0158061548  -0.0700804567
       -0.1208268291   0.2054812633  -0.0031034012  -0.0051744299   0.0076643015
       -0.0001107400   0.0001385806   0.0000336095  -0.0008584539   0.0004407418
       -0.0001573383   0.0005008113  -0.0008495590  -0.0002211685   0.0094238843
        0.0123376984   0.0063908197  -0.1077786468  -0.0968747127  -0.0465586530
       -0.0000674370  -0.0001197909   0.0002495727  -0.0000539972  -0.0000257669
       -0.0000059936   0.0000758140  -0.0001014900  -0.0000031463  -0.0012680175
        0.0009373483  -0.0007048697   0.0001413283  -0.0000663434   0.0000083311
        0.0007862494   0.0005090793  -0.0003972078  -0.0009905351   0.0026023043
        0.0024670198  -0.0173055429  -0.0200356016  -0.0119432426  -0.0069383441
       -0.0104333044  -0.0031034012   0.1244436271   0.1115408160   0.0539456682
       -0.0000364942   0.0002379226   0.0000692477   0.0000623250  -0.0001293352
       -0.0004685870  -0.0003802952   0.0001572885   0.0004589657  -0.0069697755
       -0.0158303580  -0.0101287748  -0.0974282788  -0.1866037341  -0.0684212732
        0.0001196854   0.0001136536  -0.0001296913  -0.0000331964   0.0000107278
        0.0000129044  -0.0000784984  -0.0000505977   0.0000804547   0.0012391410
        0.0000791849   0.0008930627  -0.0001858702   0.0001541625   0.0001296827
       -0.0004249507   0.0007458307   0.0008059543   0.0023458130  -0.0016628610
       -0.0030152186   0.0040548769   0.0072716208   0.0031376068  -0.0138252978
       -0.0185283167  -0.0051744299   0.1115408160   0.2140348114   0.0817500957
        0.0000600174  -0.0001492969   0.0000538696  -0.0003596811   0.0004412513
        0.0005260586  -0.0005345965   0.0004518517   0.0001089113  -0.0083004251
       -0.0171890382  -0.0095754470  -0.0464738284  -0.0676481153  -0.0770283582
        0.0002496234   0.0001298268  -0.0002362007  -0.0000713243   0.0000608537
       -0.0000426808  -0.0000284629   0.0000676868  -0.0000883852  -0.0006162569
        0.0003380974   0.0002371588   0.0000166485   0.0000354992  -0.0000877624
       -0.0007606478  -0.0004022392   0.0002817018   0.0025722572  -0.0031286215
       -0.0026420393  -0.0127463735  -0.0134377808  -0.0076612238   0.0130473817
        0.0186799292   0.0076643015   0.0539456682   0.0817500957   0.0884900960
