           1           2   1.01060673236494     
           2           3  0.972758799478522     
           3           4  0.972759165804223     
           4           5   1.01060656028651     
           1           6  0.984924026508956     
           1           7  0.983921066091905     
           1           8  0.986514888269444     
           2           9  0.968704762233143     
           2          10  0.971027883264364     
           4          11  0.968704832168186     
           4          12  0.971027973047917     
           5          13  0.983921042544698     
           5          14  0.986514404826820     
           5          15  0.984924656648350     
