$hessian                                                                        
        0.5203801795  -0.0239111987  -0.0051049574  -0.0653192937  -0.0213511206
       -0.0030378032  -0.0230407524  -0.0295183616  -0.0200792371   0.0010364376
       -0.0005820262  -0.0000765727   0.0002449365   0.0006856178   0.0002392057
       -0.0495161767   0.0244933559  -0.0257554440  -0.1138160619   0.0323764681
        0.1051757019  -0.2725889486   0.0058011969  -0.0573242039   0.0017297710
       -0.0012223380   0.0008298076   0.0031408418   0.0143157564   0.0051864294
       -0.0006285093  -0.0001617429   0.0003897606  -0.0003637665  -0.0000337034
       -0.0000025623  -0.0002763020  -0.0002871641  -0.0000838751  -0.0009499201
       -0.0003889105  -0.0004145035  -0.0000324352  -0.0002158292   0.0000582540
       -0.0239111987   0.4609635193  -0.0227303721  -0.0210762574  -0.1727832807
       -0.0338707170  -0.0115982368  -0.0002794984  -0.0057993343   0.0008867707
        0.0003985881  -0.0003481582  -0.0006433070  -0.0003787957   0.0002431554
        0.0252733017  -0.1502319889   0.1185202922   0.0325328470  -0.0576203701
       -0.0470136414   0.0050697112  -0.0414594296   0.0019248825  -0.0050405523
       -0.0267841356  -0.0040971386  -0.0015709642  -0.0125123312  -0.0070493263
       -0.0000502379   0.0001360521  -0.0000216197  -0.0000708496   0.0000812957
        0.0001070321  -0.0001421142   0.0002070273   0.0000575198   0.0002506267
        0.0001810699   0.0000476272   0.0000904607   0.0000822777   0.0000297985
       -0.0051049574  -0.0227303721   0.5201928141  -0.0043806230  -0.0347247136
       -0.0787615324  -0.0134560516  -0.0130399351  -0.0047422144   0.0005532644
        0.0004973996  -0.0003244734  -0.0005844501   0.0002253451  -0.0002547535
       -0.0256917151   0.1180147123  -0.1743315566   0.1047781591  -0.0466211443
       -0.2008575664  -0.0573702969   0.0022649722  -0.0574315643   0.0039875035
        0.0201631489   0.0052242996  -0.0026808178  -0.0239529009  -0.0096870932
       -0.0002280522  -0.0000310793   0.0002001504   0.0001539148   0.0004161905
        0.0003111559  -0.0001601452   0.0000221909   0.0000107303   0.0002195909
       -0.0003204865   0.0004496185  -0.0000353235  -0.0001833277   0.0000019854
       -0.0653192937  -0.0210762574  -0.0043806230   0.4266035714  -0.0104549941
       -0.0522639365  -0.1627866873  -0.0015382796  -0.0476388399  -0.0380891475
       -0.0020691518   0.0030549808  -0.0004105883  -0.0008852743  -0.0004555667
        0.0011374464   0.0027682493   0.0016341362   0.0046357857   0.0149431010
        0.0054549378  -0.0107094670  -0.0245452159  -0.0095599592  -0.0401201484
        0.0042981771  -0.0003156936  -0.1134542672   0.0365198286   0.1042648598
       -0.0029753302   0.0013912277   0.0016647111   0.0011631591   0.0000174640
       -0.0018749367   0.0003634771   0.0005352291  -0.0001502556   0.0001635980
        0.0001145056   0.0002267312  -0.0002021080  -0.0000186093   0.0003394543
       -0.0213511206  -0.1727832807  -0.0347247136  -0.0104549941   0.4477894102
       -0.0040841783  -0.0048031901  -0.0405966376  -0.0096022148   0.0036883575
       -0.0057414324   0.0050453302   0.0016772361  -0.0006529013  -0.0015632855
       -0.0065211224  -0.0254168048  -0.0038487569  -0.0007815198  -0.0108560049
       -0.0069423569  -0.0010149937  -0.0008651291  -0.0008211977   0.0071382194
       -0.1315470522   0.1006307863   0.0373972418  -0.0592469572  -0.0447826766
       -0.0037074953  -0.0005050577   0.0017046707  -0.0020496349   0.0016395956
       -0.0007861306   0.0002212796  -0.0006384693  -0.0001018114   0.0002498091
       -0.0005621767  -0.0003633543   0.0003119272  -0.0000171020   0.0002398894
       -0.0030378032  -0.0338707170  -0.0787615324  -0.0522639365  -0.0040841783
        0.5142976327  -0.0678620920  -0.0072691438  -0.1114460983   0.0168649276
        0.0035938725   0.0118393030   0.0012774223  -0.0002883872  -0.0006727170
        0.0049938531   0.0202786847   0.0065687408  -0.0049593784  -0.0243365943
       -0.0102864242  -0.0031668363  -0.0067703615  -0.0025989354  -0.0003358111
        0.0982706602  -0.1533105984   0.0996606481  -0.0449802660  -0.1764088384
        0.0042764416   0.0007262401  -0.0018583176   0.0042593479  -0.0008015261
        0.0024553807   0.0004642903  -0.0003901534  -0.0001599024  -0.0001486577
        0.0001072365   0.0001426569  -0.0000224157  -0.0001853664   0.0001996501
       -0.0230407524  -0.0115982368  -0.0134560516  -0.1627866873  -0.0048031901
       -0.0678620920   0.4293304964  -0.0086148080  -0.0083233981  -0.1260041990
        0.0078167192   0.0671778037  -0.0216950846   0.0124762257   0.0184711502
        0.0010965463   0.0007461485   0.0011606171   0.0004427272   0.0005117380
        0.0000797056  -0.0014147767  -0.0046433226  -0.0019563458  -0.0220745721
        0.0084734799  -0.0200243197  -0.0351725461   0.0023822390  -0.0044650577
       -0.0348707921  -0.0051664226   0.0203033746  -0.0028270522  -0.0011196801
        0.0095757931  -0.0026923973   0.0051493047   0.0003341240   0.0010262816
       -0.0001908611  -0.0001649000   0.0006828082  -0.0014193338  -0.0008504033
       -0.0295183616  -0.0002794984  -0.0130399351  -0.0015382796  -0.0405966376
       -0.0072691438  -0.0086148080   0.0808319399   0.0310048399   0.0041683446
       -0.0462203682  -0.0143374837   0.0260552435  -0.0006693953  -0.0180436037
        0.0006849156   0.0029054056   0.0001534721   0.0003415278   0.0008953591
        0.0004619213  -0.0033518050  -0.0056498837  -0.0029324951   0.0177536094
        0.0025450512   0.0092498698   0.0057335588   0.0008765395   0.0024941214
       -0.0117231895   0.0051047473   0.0099798644  -0.0022795375   0.0016009538
        0.0033683339   0.0043433048  -0.0054275713  -0.0008059148  -0.0005735571
        0.0022532074   0.0003455910  -0.0014809662   0.0018301508  -0.0006294375
       -0.0200792371  -0.0057993343  -0.0047422144  -0.0476388399  -0.0096022148
       -0.1114460983  -0.0083233981   0.0310048399   0.3073197865   0.0455414037
       -0.0127452998  -0.1413704395   0.0104254697  -0.0079708458  -0.0031675548
        0.0007369815   0.0005488425   0.0005237071   0.0001718192   0.0007707813
       -0.0001716840  -0.0013734812  -0.0038288187  -0.0013115550  -0.0319879060
        0.0045938766  -0.0206945433   0.0214183024   0.0001138115   0.0078047234
        0.0018859460   0.0033735908   0.0042947133   0.0293892405   0.0009695287
       -0.0380442489   0.0005529693  -0.0016317871   0.0007239575  -0.0001392182
       -0.0001160618  -0.0002917961  -0.0005800518   0.0003190908   0.0005732464
        0.0010364376   0.0008867707   0.0005532644  -0.0380891475   0.0036883575
        0.0168649276  -0.1260041990   0.0041683446   0.0455414037   0.4506897359
        0.0230744970   0.0639689879  -0.0799618465   0.0409521429  -0.0093064931
       -0.0002573015  -0.0001387582  -0.0001060876  -0.0000103589  -0.0002331843
        0.0000007670   0.0004427158  -0.0001148808   0.0000822875   0.0014890221
       -0.0013193926   0.0017569609  -0.0057527513  -0.0005932601  -0.0017042949
       -0.1301318016  -0.0970893272  -0.0511417386  -0.0645447837   0.0131357848
       -0.0658405531  -0.0124862922   0.0206533732   0.0010041498   0.0082260096
       -0.0168447544   0.0009230678  -0.0046454388   0.0097742868  -0.0025966492
       -0.0005820262   0.0003985881   0.0004973996  -0.0020691518  -0.0057414324
        0.0035938725   0.0078167192  -0.0462203682  -0.0127452998   0.0230744970
        0.4536103299   0.0034519664   0.0412786497  -0.1723796364   0.0098383769
       -0.0003356318  -0.0003704881   0.0004543977  -0.0002197103   0.0003189068
       -0.0003446903  -0.0000227127  -0.0002444213  -0.0000810099   0.0017319774
        0.0008409031  -0.0016590545   0.0011705047   0.0011320346  -0.0001092195
       -0.0983273636  -0.1431541088  -0.0467237872   0.0116967724  -0.0515205704
        0.0412548682   0.0012780022  -0.0012256929  -0.0004352381   0.0073067111
       -0.0255175065  -0.0009143456   0.0062027628  -0.0099265376   0.0039217637
       -0.0000765727  -0.0003481582  -0.0003244734   0.0030549808   0.0050453302
        0.0118393030   0.0671778037  -0.0143374837  -0.1413704395   0.0639689879
        0.0034519664   0.4819108492  -0.0081193049   0.0103910142  -0.0648796426
        0.0002586519  -0.0000781524  -0.0000258683  -0.0002360571  -0.0003181867
        0.0001957729  -0.0003688240   0.0000119000   0.0000500874  -0.0040590846
        0.0006747475   0.0026818949  -0.0026394589   0.0004594066   0.0005639820
       -0.0491371887  -0.0480053794  -0.0667847180  -0.0686087187   0.0387229541
       -0.2205767083   0.0084398374  -0.0143530944  -0.0003764524   0.0036907501
       -0.0087985603   0.0007112688  -0.0133458024   0.0274816961  -0.0036148557
        0.0002449365  -0.0006433070  -0.0005844501  -0.0004105883   0.0016772361
        0.0012774223  -0.0216950846   0.0260552435   0.0104254697  -0.0799618465
        0.0412786497  -0.0081193049   0.5113259579   0.0360302997  -0.0049284823
       -0.0000836527   0.0002408564  -0.0000930660  -0.0009414780   0.0001738795
        0.0000400031  -0.0001475553   0.0001540233   0.0000989592  -0.0002504643
        0.0001188519  -0.0000385945  -0.0008128634  -0.0000962205  -0.0001256692
        0.0060687133  -0.0159757671   0.0008651756  -0.0043036961   0.0118755839
       -0.0033879377  -0.2046942115  -0.0026870296   0.1151111656  -0.1440889030
       -0.1092451154  -0.0507367958  -0.0602492640   0.0110428156  -0.0598038949
        0.0006856178  -0.0003787957   0.0002253451  -0.0008852743  -0.0006529013
       -0.0002883872   0.0124762257  -0.0006693953  -0.0079708458   0.0409521429
       -0.1723796364   0.0103910142   0.0360302997   0.4667968486   0.0028754466
       -0.0000695201   0.0001080938   0.0001164522  -0.0002233324   0.0002965301
       -0.0001489514   0.0002455763   0.0000944819   0.0000216845  -0.0000413541
        0.0000763693   0.0000304706   0.0000590842   0.0000495345   0.0000048277
        0.0064674451  -0.0279845372   0.0002452085   0.0055374724  -0.0101536670
        0.0032529399  -0.0021001149  -0.0417880236   0.0004648162  -0.1099575059
       -0.1608742831  -0.0548179294   0.0108232376  -0.0525406187   0.0455979082
        0.0002392057   0.0002431554  -0.0002547535  -0.0004555667  -0.0015632855
       -0.0006727170   0.0184711502  -0.0180436037  -0.0031675548  -0.0093064931
        0.0098383769  -0.0648796426  -0.0049284823   0.0028754466   0.5269809598
       -0.0001161318  -0.0001749614   0.0002603518  -0.0003041607   0.0002029485
       -0.0000283250   0.0000273988  -0.0000679018   0.0001329471   0.0006693742
       -0.0001376402  -0.0000530563   0.0004929896   0.0000257795   0.0002863910
        0.0020412019  -0.0102164737   0.0015533649  -0.0116032314   0.0261072121
       -0.0036345082   0.1148384796   0.0010949730  -0.1246423209  -0.0506103844
       -0.0547863790  -0.0701184008  -0.0594553495   0.0446023533  -0.2617627354
       -0.0495161767   0.0252733017  -0.0256917151   0.0011374464  -0.0065211224
        0.0049938531   0.0010965463   0.0006849156   0.0007369815  -0.0002573015
       -0.0003356318   0.0002586519  -0.0000836527  -0.0000695201  -0.0001161318
        0.0532583619  -0.0281267824   0.0298177840   0.0022498077  -0.0112481377
        0.0147785800  -0.0077283495   0.0215474124  -0.0246776661   0.0003259853
       -0.0020472565  -0.0003525856  -0.0000275797   0.0005289237   0.0000005632
        0.0000102338   0.0000928760  -0.0000012067   0.0000197675   0.0000598122
       -0.0000866548   0.0001430757   0.0000906859  -0.0000456668  -0.0004756925
        0.0000806049   0.0004891366  -0.0001524721  -0.0000100816  -0.0001039233
        0.0244933559  -0.1502319889   0.1180147123   0.0027682493  -0.0254168048
        0.0202786847   0.0007461485   0.0029054056   0.0005488425  -0.0001387582
       -0.0003704881  -0.0000781524   0.0002408564   0.0001080938  -0.0001749614
       -0.0281267824   0.1761070694  -0.1372592915  -0.0009978630   0.0043814891
       -0.0030924190   0.0021150730  -0.0012119988   0.0029291715  -0.0015533872
       -0.0067741960  -0.0018300793   0.0001884567   0.0004363852   0.0007082025
        0.0001456492  -0.0000262637   0.0000624444   0.0001919213  -0.0001717600
       -0.0001390344   0.0001149371  -0.0000176073  -0.0000431379  -0.0001079153
        0.0002418226   0.0001196345  -0.0000799414   0.0000408418  -0.0000446165
       -0.0257554440   0.1185202922  -0.1743315566   0.0016341362  -0.0038487569
        0.0065687408   0.0011606171   0.0001534721   0.0005237071  -0.0001060876
        0.0004543977  -0.0000258683  -0.0000930660   0.0001164522   0.0002603518
        0.0298177840  -0.1372592915   0.1979517617  -0.0024542146   0.0177809625
       -0.0242078649  -0.0035279509   0.0067353500  -0.0076412857  -0.0007926126
       -0.0019348163   0.0006611895  -0.0001226638  -0.0003652500   0.0005829738
        0.0000292617  -0.0000697509   0.0000009630  -0.0000485812  -0.0000289285
       -0.0000525415  -0.0001733141  -0.0001116381  -0.0000536849   0.0004885845
       -0.0000750165  -0.0002934831  -0.0000564488  -0.0000674777   0.0000565974
       -0.1138160619   0.0325328470   0.1047781591   0.0046357857  -0.0007815198
       -0.0049593784   0.0004427272   0.0003415278   0.0001718192  -0.0000103589
       -0.0002197103  -0.0002360571  -0.0009414780  -0.0002233324  -0.0003041607
        0.0022498077  -0.0009978630  -0.0024542146   0.1304976930  -0.0379038523
       -0.1221990399  -0.0226056718   0.0078213657   0.0263866987   0.0000997779
        0.0003449629  -0.0001994088   0.0006056460  -0.0013027008  -0.0007640901
        0.0000620111   0.0000793644   0.0000787527  -0.0000524376  -0.0004282282
        0.0000940903  -0.0001851764  -0.0000060698   0.0000403649  -0.0010974021
        0.0006210884  -0.0005204509   0.0001151380   0.0001221205   0.0000869156
        0.0323764681  -0.0576203701  -0.0466211443   0.0149431010  -0.0108560049
       -0.0243365943   0.0005117380   0.0008953591   0.0007707813  -0.0002331843
        0.0003189068  -0.0003181867   0.0001738795   0.0002965301   0.0002029485
       -0.0112481377   0.0043814891   0.0177809625  -0.0379038523   0.0676614240
        0.0567211298   0.0019349423   0.0004398179  -0.0011504861   0.0005854910
        0.0008892502  -0.0006866789  -0.0013279264  -0.0058701609  -0.0029209890
        0.0002161622  -0.0000897583   0.0001549318  -0.0003916017  -0.0005972714
        0.0002769893  -0.0000453870  -0.0000404482  -0.0000159990   0.0004282088
        0.0003162668   0.0001125172  -0.0000199013  -0.0001250303   0.0000298178
        0.1051757019  -0.0470136414  -0.2008575664   0.0054549378  -0.0069423569
       -0.0102864242   0.0000797056   0.0004619213  -0.0001716840   0.0000007670
       -0.0003446903   0.0001957729   0.0000400031  -0.0001489514  -0.0000283250
        0.0147785800  -0.0030924190  -0.0242078649  -0.1221990399   0.0567211298
        0.2293739552  -0.0019805721   0.0014575511   0.0047553708  -0.0001097610
        0.0008169209   0.0007282073  -0.0004985748  -0.0027669082   0.0000173609
        0.0000662143   0.0000966892   0.0000832574  -0.0000954507  -0.0001520684
        0.0002864066   0.0002254972   0.0001762335   0.0000337767  -0.0010003056
        0.0006378021   0.0001193049   0.0000622971   0.0000927877  -0.0000415482
       -0.2725889486   0.0050697112  -0.0573702969  -0.0107094670  -0.0010149937
       -0.0031668363  -0.0014147767  -0.0033518050  -0.0013734812   0.0004427158
       -0.0000227127  -0.0003688240  -0.0001475553   0.0002455763   0.0000273988
       -0.0077283495   0.0021150730  -0.0035279509  -0.0226056718   0.0019349423
       -0.0019805721   0.3143333704  -0.0051371491   0.0675419748   0.0000326685
       -0.0000181719   0.0003318364   0.0004740405   0.0004720235  -0.0000791759
       -0.0000418167  -0.0000206389   0.0000628802   0.0000302558   0.0001730422
       -0.0000272618  -0.0000120999  -0.0000781036  -0.0000202860  -0.0001215821
       -0.0002816063  -0.0000949437   0.0000572167  -0.0000851873   0.0000455385
        0.0058011969  -0.0414594296   0.0022649722  -0.0245452159  -0.0008651291
       -0.0067703615  -0.0046433226  -0.0056498837  -0.0038288187  -0.0001148808
       -0.0002444213   0.0000119000   0.0001540233   0.0000944819  -0.0000679018
        0.0215474124  -0.0012119988   0.0067353500   0.0078213657   0.0004398179
        0.0014575511  -0.0051371491   0.0479882757  -0.0001398804  -0.0002176129
        0.0001523060   0.0000515712  -0.0006518429   0.0007081711   0.0000514922
       -0.0001079655  -0.0000035311   0.0001551409   0.0000773071  -0.0000207708
       -0.0000059118   0.0000866382   0.0000285114   0.0000129149  -0.0000799888
        0.0000727532   0.0000753739   0.0000100350  -0.0000291528  -0.0000033921
       -0.0573242039   0.0019248825  -0.0574315643  -0.0095599592  -0.0008211977
       -0.0025989354  -0.0019563458  -0.0029324951  -0.0013115550   0.0000822875
       -0.0000810099   0.0000500874   0.0000989592   0.0000216845   0.0001329471
       -0.0246776661   0.0029291715  -0.0076412857   0.0263866987  -0.0011504861
        0.0047553708   0.0675419748  -0.0001398804   0.0640124525   0.0001515407
        0.0002206063   0.0000802088  -0.0005983401   0.0000494609  -0.0000646335
       -0.0001131802  -0.0000263017   0.0001040344  -0.0000355565  -0.0001285950
        0.0000013522   0.0000116128  -0.0000051869   0.0000377485  -0.0001050619
        0.0000874982  -0.0001720610   0.0000972401   0.0000518488   0.0000458329
        0.0017297710  -0.0050405523   0.0039875035  -0.0401201484   0.0071382194
       -0.0003358111  -0.0220745721   0.0177536094  -0.0319879060   0.0014890221
        0.0017319774  -0.0040590846  -0.0002504643  -0.0000413541   0.0006693742
        0.0003259853  -0.0015533872  -0.0007926126   0.0000997779   0.0005854910
       -0.0001097610   0.0000326685  -0.0002176129   0.0001515407   0.0572871238
       -0.0089442867   0.0161174105   0.0008181569  -0.0112239626   0.0152258002
        0.0004549851   0.0001776670  -0.0004332965   0.0001521007  -0.0001489162
        0.0013790740  -0.0000419528   0.0000231873   0.0000530503  -0.0000056160
       -0.0000372865   0.0000128803   0.0001031623  -0.0002027929   0.0001218380
       -0.0012223380  -0.0267841356   0.0201631489   0.0042981771  -0.1315470522
        0.0982706602   0.0084734799   0.0025450512   0.0045938766  -0.0013193926
        0.0008409031   0.0006747475   0.0001188519   0.0000763693  -0.0001376402
       -0.0020472565  -0.0067741960  -0.0019348163   0.0003449629   0.0008892502
        0.0008169209  -0.0000181719   0.0001523060   0.0002206063  -0.0089442867
        0.1565455805  -0.1182341276  -0.0002769237   0.0045394208  -0.0037912779
       -0.0000415123  -0.0001179056  -0.0001718055   0.0008002720  -0.0002262427
       -0.0004871951   0.0000538263  -0.0000166097  -0.0000428410  -0.0001022319
       -0.0001264628   0.0001093377  -0.0001174566   0.0000037235  -0.0000495946
        0.0008298076  -0.0040971386   0.0052242996  -0.0003156936   0.1006307863
       -0.1533105984  -0.0200243197   0.0092498698  -0.0206945433   0.0017569609
       -0.0016590545   0.0026818949  -0.0000385945   0.0000304706  -0.0000530563
       -0.0003525856  -0.0018300793   0.0006611895  -0.0001994088  -0.0006866789
        0.0007282073   0.0003318364   0.0000515712   0.0000802088   0.0161174105
       -0.1182341276   0.1866435823   0.0022065398   0.0163066050  -0.0226762031
        0.0001835937   0.0000562181   0.0000679095  -0.0005895547   0.0002852017
        0.0006353880  -0.0000392510  -0.0000366722   0.0000754752  -0.0000091674
       -0.0000365954  -0.0000550173   0.0001424264  -0.0000303761  -0.0000087367
        0.0031408418  -0.0015709642  -0.0026808178  -0.1134542672   0.0373972418
        0.0996606481  -0.0351725461   0.0057335588   0.0214183024  -0.0057527513
        0.0011705047  -0.0026394589  -0.0008128634   0.0000590842   0.0004929896
       -0.0000275797   0.0001884567  -0.0001226638   0.0006056460  -0.0013279264
       -0.0004985748   0.0004740405  -0.0006518429  -0.0005983401   0.0008181569
       -0.0002769237   0.0022065398   0.1509901337  -0.0409332350  -0.1170691404
       -0.0008907248   0.0000698867   0.0005456949   0.0002042819   0.0000715041
       -0.0007326245  -0.0001430371   0.0002678754   0.0000247250  -0.0000068162
       -0.0001347204  -0.0000440481   0.0000274849  -0.0000624997   0.0000367686
        0.0143157564  -0.0125123312  -0.0239529009   0.0365198286  -0.0592469572
       -0.0449802660   0.0023822390   0.0008765395   0.0001138115  -0.0005932601
        0.0011320346   0.0004594066  -0.0000962205   0.0000495345   0.0000257795
        0.0005289237   0.0004363852  -0.0003652500  -0.0013027008  -0.0058701609
       -0.0027669082   0.0004720235   0.0007081711   0.0000494609  -0.0112239626
        0.0045394208   0.0163066050  -0.0409332350   0.0699461076   0.0553773442
        0.0000542253  -0.0000126543  -0.0001313805  -0.0000148883  -0.0000909851
       -0.0000807654  -0.0000303644   0.0000309696   0.0000094941  -0.0000740643
       -0.0000152708  -0.0000535822  -0.0000043004   0.0000291965  -0.0000108488
        0.0051864294  -0.0070493263  -0.0096870932   0.1042648598  -0.0447826766
       -0.1764088384  -0.0044650577   0.0024941214   0.0078047234  -0.0017042949
       -0.0001092195   0.0005639820  -0.0001256692   0.0000048277   0.0002863910
        0.0000005632   0.0007082025   0.0005829738  -0.0007640901  -0.0029209890
        0.0000173609  -0.0000791759   0.0000514922  -0.0000646335   0.0152258002
       -0.0037912779  -0.0226762031  -0.1170691404   0.0553773442   0.1989156627
       -0.0002304278  -0.0000412008   0.0002924970  -0.0001885187  -0.0000746274
        0.0003381639  -0.0000717180   0.0000844630   0.0000248268  -0.0000298638
        0.0000786609  -0.0000523786   0.0000503039  -0.0000297944   0.0000625656
       -0.0006285093  -0.0000502379  -0.0002280522  -0.0029753302  -0.0037074953
        0.0042764416  -0.0348707921  -0.0117231895   0.0018859460  -0.1301318016
       -0.0983273636  -0.0491371887   0.0060687133   0.0064674451   0.0020412019
        0.0000102338   0.0001456492   0.0000292617   0.0000620111   0.0002161622
        0.0000662143  -0.0000418167  -0.0001079655  -0.0001131802   0.0004549851
       -0.0000415123   0.0001835937  -0.0008907248   0.0000542253  -0.0002304278
        0.1699880687   0.1128257789   0.0482187036  -0.0080221296  -0.0087520136
       -0.0073382030   0.0004561059   0.0004813268  -0.0000086883   0.0001684588
        0.0024024016  -0.0000157677   0.0003525277   0.0001167887   0.0003701450
       -0.0001617429   0.0001360521  -0.0000310793   0.0013912277  -0.0005050577
        0.0007262401  -0.0051664226   0.0051047473   0.0033735908  -0.0970893272
       -0.1431541088  -0.0480053794  -0.0159757671  -0.0279845372  -0.0102164737
        0.0000928760  -0.0000262637  -0.0000697509   0.0000793644  -0.0000897583
        0.0000966892  -0.0000206389  -0.0000035311  -0.0000263017   0.0001776670
       -0.0001179056   0.0000562181   0.0000698867  -0.0000126543  -0.0000412008
        0.1128257789   0.1688824187   0.0538562584   0.0019160997   0.0033356188
        0.0003921052  -0.0003695202   0.0004373835  -0.0001557687   0.0029357752
       -0.0067017136   0.0002212373  -0.0007052568   0.0006993097  -0.0001763846
        0.0003897606  -0.0000216197   0.0002001504   0.0016647111   0.0017046707
       -0.0018583176   0.0203033746   0.0099798644   0.0042947133  -0.0511417386
       -0.0467237872  -0.0667847180   0.0008651756   0.0002452085   0.0015533649
       -0.0000012067   0.0000624444   0.0000009630   0.0000787527   0.0001549318
        0.0000832574   0.0000628802   0.0001551409   0.0001040344  -0.0004332965
       -0.0001718055   0.0000679095   0.0005456949  -0.0001313805   0.0002924970
        0.0482187036   0.0538562584   0.0732591522  -0.0210962994  -0.0197693596
       -0.0124367394   0.0001280445  -0.0004376172  -0.0001029973   0.0001480650
        0.0002685974   0.0010374757   0.0002673786   0.0008284531   0.0002892545
       -0.0003637665  -0.0000708496   0.0001539148   0.0011631591  -0.0020496349
        0.0042593479  -0.0028270522  -0.0022795375   0.0293892405  -0.0645447837
        0.0116967724  -0.0686087187  -0.0043036961   0.0055374724  -0.0116032314
        0.0000197675   0.0001919213  -0.0000485812  -0.0000524376  -0.0003916017
       -0.0000954507   0.0000302558   0.0000773071  -0.0000355565   0.0001521007
        0.0008002720  -0.0005895547   0.0002042819  -0.0000148883  -0.0001885187
       -0.0080221296   0.0019160997  -0.0210962994   0.0789279599  -0.0178221357
        0.0683773259  -0.0001226877   0.0000747337  -0.0002362307   0.0003815675
       -0.0008034868   0.0003241972  -0.0006425391   0.0031375560  -0.0000018843
       -0.0000337034   0.0000812957   0.0004161905   0.0000174640   0.0016395956
       -0.0008015261  -0.0011196801   0.0016009538   0.0009695287   0.0131357848
       -0.0515205704   0.0387229541   0.0118755839  -0.0101536670   0.0261072121
        0.0000598122  -0.0001717600  -0.0000289285  -0.0004282282  -0.0005972714
       -0.0001520684   0.0001730422  -0.0000207708  -0.0001285950  -0.0001489162
       -0.0002262427   0.0002852017   0.0000715041  -0.0000909851  -0.0000746274
       -0.0087520136   0.0033356188  -0.0197693596  -0.0178221357   0.0606874106
       -0.0474638193  -0.0002356723   0.0004071073   0.0001742080  -0.0000520841
        0.0008570420   0.0006764952   0.0032592425  -0.0058277564   0.0010671339
       -0.0000025623   0.0001070321   0.0003111559  -0.0018749367  -0.0007861306
        0.0024553807   0.0095757931   0.0033683339  -0.0380442489  -0.0658405531
        0.0412548682  -0.2205767083  -0.0033879377   0.0032529399  -0.0036345082
       -0.0000866548  -0.0001390344  -0.0000525415   0.0000940903   0.0002769893
        0.0002864066  -0.0000272618  -0.0000059118   0.0000013522   0.0013790740
       -0.0004871951   0.0006353880  -0.0007326245  -0.0000807654   0.0003381639
       -0.0073382030   0.0003921052  -0.0124367394   0.0683773259  -0.0474638193
        0.2692386083  -0.0001306978  -0.0002427494   0.0002748532   0.0004495614
       -0.0004260777   0.0003654661  -0.0004544128   0.0009794152   0.0008379713
       -0.0002763020  -0.0001421142  -0.0001601452   0.0003634771   0.0002212796
        0.0004642903  -0.0026923973   0.0043433048   0.0005529693  -0.0124862922
        0.0012780022   0.0084398374  -0.2046942115  -0.0021001149   0.1148384796
        0.0001430757   0.0001149371  -0.0001733141  -0.0001851764  -0.0000453870
        0.0002254972  -0.0000120999   0.0000866382   0.0000116128  -0.0000419528
        0.0000538263  -0.0000392510  -0.0001430371  -0.0000303644  -0.0000717180
        0.0004561059  -0.0003695202   0.0001280445  -0.0001226877  -0.0002356723
       -0.0001306978   0.2356107676   0.0005373088  -0.1344379771  -0.0214439128
       -0.0033251385   0.0130606513   0.0055246433  -0.0003869855  -0.0027082793
       -0.0002871641   0.0002070273   0.0000221909   0.0005352291  -0.0006384693
       -0.0003901534   0.0051493047  -0.0054275713  -0.0016317871   0.0206533732
       -0.0012256929  -0.0143530944  -0.0026870296  -0.0417880236   0.0010949730
        0.0000906859  -0.0000176073  -0.0001116381  -0.0000060698  -0.0000404482
        0.0001762335  -0.0000781036   0.0000285114  -0.0000051869   0.0000231873
       -0.0000166097  -0.0000366722   0.0002678754   0.0000309696   0.0000844630
        0.0004813268   0.0004373835  -0.0004376172   0.0000747337   0.0004071073
       -0.0002427494   0.0005373088   0.0485066071  -0.0005599328  -0.0195868803
       -0.0010230861   0.0124330559  -0.0051677773   0.0005599021   0.0039579153
       -0.0000838751   0.0000575198   0.0000107303  -0.0001502556  -0.0001018114
       -0.0001599024   0.0003341240  -0.0008059148   0.0007239575   0.0010041498
       -0.0004352381  -0.0003764524   0.1151111656   0.0004648162  -0.1246423209
       -0.0000456668  -0.0000431379  -0.0000536849   0.0000403649  -0.0000159990
        0.0000337767  -0.0000202860   0.0000129149   0.0000377485   0.0000530503
       -0.0000428410   0.0000754752   0.0000247250   0.0000094941   0.0000248268
       -0.0000086883  -0.0001557687  -0.0001029973  -0.0002362307   0.0001742080
        0.0002748532  -0.1344379771  -0.0005599328   0.1413832184  -0.0074478226
       -0.0001301439   0.0055686478   0.0258632225   0.0015718346  -0.0227978764
       -0.0009499201   0.0002506267   0.0002195909   0.0001635980   0.0002498091
       -0.0001486577   0.0010262816  -0.0005735571  -0.0001392182   0.0082260096
        0.0073067111   0.0036907501  -0.1440889030  -0.1099575059  -0.0506103844
       -0.0004756925  -0.0001079153   0.0004885845  -0.0010974021   0.0004282088
       -0.0010003056  -0.0001215821  -0.0000799888  -0.0001050619  -0.0000056160
       -0.0001022319  -0.0000091674  -0.0000068162  -0.0000740643  -0.0000298638
        0.0001684588   0.0029357752   0.0001480650   0.0003815675  -0.0000520841
        0.0004495614  -0.0214439128  -0.0195868803  -0.0074478226   0.1653868722
        0.1262170454   0.0598918063  -0.0071629430  -0.0068539485  -0.0053978766
       -0.0003889105   0.0001810699  -0.0003204865   0.0001145056  -0.0005621767
        0.0001072365  -0.0001908611   0.0022532074  -0.0001160618  -0.0168447544
       -0.0255175065  -0.0087985603  -0.1092451154  -0.1608742831  -0.0547863790
        0.0000806049   0.0002418226  -0.0000750165   0.0006210884   0.0003162668
        0.0006378021  -0.0002816063   0.0000727532   0.0000874982  -0.0000372865
       -0.0001264628  -0.0000365954  -0.0001347204  -0.0000152708   0.0000786609
        0.0024024016  -0.0067017136   0.0002685974  -0.0008034868   0.0008570420
       -0.0004260777  -0.0033251385  -0.0010230861  -0.0001301439   0.1262170454
        0.1874315527   0.0632464029   0.0018162339   0.0034667850   0.0002631232
       -0.0004145035   0.0000476272   0.0004496185   0.0002267312  -0.0003633543
        0.0001426569  -0.0001649000   0.0003455910  -0.0002917961   0.0009230678
       -0.0009143456   0.0007112688  -0.0507367958  -0.0548179294  -0.0701184008
        0.0004891366   0.0001196345  -0.0002934831  -0.0005204509   0.0001125172
        0.0001193049  -0.0000949437   0.0000753739  -0.0001720610   0.0000128803
        0.0001093377  -0.0000550173  -0.0000440481  -0.0000535822  -0.0000523786
       -0.0000157677   0.0002212373   0.0010374757   0.0003241972   0.0006764952
        0.0003654661   0.0130606513   0.0124330559   0.0055686478   0.0598918063
        0.0632464029   0.0767323790  -0.0229370609  -0.0212380613  -0.0141436807
       -0.0000324352   0.0000904607  -0.0000353235  -0.0002021080   0.0003119272
       -0.0000224157   0.0006828082  -0.0014809662  -0.0005800518  -0.0046454388
        0.0062027628  -0.0133458024  -0.0602492640   0.0108232376  -0.0594553495
       -0.0001524721  -0.0000799414  -0.0000564488   0.0001151380  -0.0000199013
        0.0000622971   0.0000572167   0.0000100350   0.0000972401   0.0001031623
       -0.0001174566   0.0001424264   0.0000274849  -0.0000043004   0.0000503039
        0.0003525277  -0.0007052568   0.0002673786  -0.0006425391   0.0032592425
       -0.0004544128   0.0055246433  -0.0051677773   0.0258632225  -0.0071629430
        0.0018162339  -0.0229370609   0.0662242191  -0.0149382997   0.0704039970
       -0.0002158292   0.0000822777  -0.0001833277  -0.0000186093  -0.0000171020
       -0.0001853664  -0.0014193338   0.0018301508   0.0003190908   0.0097742868
       -0.0099265376   0.0274816961   0.0110428156  -0.0525406187   0.0446023533
       -0.0000100816   0.0000408418  -0.0000674777   0.0001221205  -0.0001250303
        0.0000927877  -0.0000851873  -0.0000291528   0.0000518488  -0.0002027929
        0.0000037235  -0.0000303761  -0.0000624997   0.0000291965  -0.0000297944
        0.0001167887   0.0006993097   0.0008284531   0.0031375560  -0.0058277564
        0.0009794152  -0.0003869855   0.0005599021   0.0015718346  -0.0068539485
        0.0034667850  -0.0212380613  -0.0149382997   0.0617540108  -0.0541930760
        0.0000582540   0.0000297985   0.0000019854   0.0003394543   0.0002398894
        0.0001996501  -0.0008504033  -0.0006294375   0.0005732464  -0.0025966492
        0.0039217637  -0.0036148557  -0.0598038949   0.0455979082  -0.2617627354
       -0.0001039233  -0.0000446165   0.0000565974   0.0000869156   0.0000298178
       -0.0000415482   0.0000455385  -0.0000033921   0.0000458329   0.0001218380
       -0.0000495946  -0.0000087367   0.0000367686  -0.0000108488   0.0000625656
        0.0003701450  -0.0001763846   0.0002892545  -0.0000018843   0.0010671339
        0.0008379713  -0.0027082793   0.0039579153  -0.0227978764  -0.0053978766
        0.0002631232  -0.0141436807   0.0704039970  -0.0541930760   0.3003023294
