           1           2   1.00964109790777     
           2           3  0.976338606508325     
           3           4  0.969906611506933     
           4           5   1.01096191607559     
           1           6  0.986117439995322     
           1           7  0.984635852698607     
           1           8  0.983868148148700     
           2           9  0.968592493900877     
           2          10  0.970274523987803     
           4          11  0.971766787030077     
           4          12  0.970824010436570     
           5          13  0.984248223438676     
           5          14  0.984242000349581     
           5          15  0.986420867712134     
