$hessian                                                                        
        0.5049828245   0.0187332906  -0.0229958088  -0.0957923021   0.0366420821
       -0.0443194493  -0.0189083721   0.0121048006  -0.0205811282   0.0006561995
       -0.0001083892   0.0002814008  -0.0005473194   0.0000687581  -0.0001500266
       -0.0940085950   0.0069006449   0.0986616490  -0.0443041225   0.0089660393
        0.0040082071  -0.2509942600  -0.0810756582  -0.0176266441  -0.0020246783
        0.0044633187  -0.0034191328   0.0061348909  -0.0067640115   0.0083844934
       -0.0052544500  -0.0013596124  -0.0018632909   0.0010183369   0.0010475046
        0.0003185337  -0.0009319612   0.0001435443  -0.0006625631  -0.0002266559
        0.0001442792  -0.0000880861   0.0002004647   0.0000934090   0.0000518461
        0.0187332906   0.5042640435   0.0235885285   0.0357997617  -0.1078899714
        0.0505433624  -0.0022113975   0.0045840542  -0.0051763886   0.0003977136
       -0.0001237738  -0.0001171499  -0.0004235879   0.0001974822  -0.0000828063
        0.0067526296  -0.0455525881  -0.0155766197   0.0089306082  -0.2619727243
       -0.0661620792  -0.0808228370  -0.0747246090  -0.0085318622   0.0154462678
       -0.0204225098   0.0205366165   0.0008124126  -0.0002229187   0.0028118763
       -0.0025321606   0.0001797769  -0.0011098742  -0.0009983510   0.0014211057
       -0.0006849503   0.0000287454   0.0002375642  -0.0002058016  -0.0000846293
        0.0001117698   0.0000985642   0.0001715338  -0.0000867015   0.0000685842
       -0.0229958088   0.0235885285   0.4961974294  -0.0427415724   0.0507339990
       -0.1319341384  -0.0083059605   0.0019255437  -0.0055882402  -0.0003744000
        0.0000038311  -0.0000962752   0.0001408278   0.0000429970   0.0000349928
        0.0989982801  -0.0160520237  -0.2319757226   0.0039587314  -0.0660739731
       -0.0635388266  -0.0180485856  -0.0087501887  -0.0445695448   0.0022426653
       -0.0023416145   0.0047027972  -0.0122191797   0.0166588203  -0.0245148676
       -0.0013732978  -0.0003623470   0.0006192436   0.0003488819   0.0005135940
        0.0002669170   0.0004066434   0.0001874608   0.0003503829  -0.0000222696
       -0.0000826503   0.0001256924  -0.0000149558   0.0000080229  -0.0000798400
       -0.0957923021   0.0357997617  -0.0427415724   0.4680426040  -0.0095214041
       -0.0269194479  -0.1688200064  -0.0437981808  -0.0237107152  -0.0226994346
       -0.0067789524   0.0012014177  -0.0038316649  -0.0000661262   0.0031091589
        0.0068578288  -0.0066876815   0.0080029857  -0.0018229379   0.0039149730
       -0.0021018289  -0.0178657630   0.0148584655  -0.0209177522  -0.0440693780
        0.0175737454   0.0079106493  -0.1032239646   0.0028220130   0.1032819005
       -0.0161546373  -0.0046185525  -0.0054330850  -0.0017165061  -0.0033632231
       -0.0010794026   0.0005376365  -0.0000649868  -0.0000910849   0.0005743555
       -0.0003930777  -0.0007461563  -0.0000158299   0.0003232265   0.0002349334
        0.0366420821  -0.1078899714   0.0507339990  -0.0095214041   0.5100672638
        0.0201566509  -0.0438510076  -0.0848777818  -0.0108161614  -0.0022811319
       -0.0002809175   0.0015944967   0.0022274087   0.0007904272  -0.0001719263
       -0.0007331012   0.0003258648   0.0017586322   0.0157093025  -0.0212956261
        0.0202782779  -0.0044180422   0.0050001791  -0.0057787085   0.0174364306
       -0.2468513102  -0.0691862444   0.0025526554  -0.0454965311  -0.0053376768
        0.0123411355   0.0049668147   0.0038003925  -0.0275180571  -0.0152475287
       -0.0068882608   0.0000649556   0.0000970160   0.0000004194   0.0013634271
        0.0008218065  -0.0001703610  -0.0000146534  -0.0001297053   0.0000264706
       -0.0443194493   0.0505433624  -0.1319341384  -0.0269194479   0.0201566509
        0.5063560034  -0.0198149493  -0.0096915372  -0.0695882831   0.0166987685
        0.0066100681   0.0042394345   0.0068234649   0.0004313402  -0.0027546448
       -0.0125488081   0.0159224653  -0.0240955710   0.0025845207  -0.0016935059
        0.0050564247  -0.0044497017   0.0025970563  -0.0039556727   0.0076112224
       -0.0686743677  -0.0673605422   0.1033877770  -0.0053931237  -0.2092774678
       -0.0220383556  -0.0071666021  -0.0060664093  -0.0077622775  -0.0044702627
       -0.0011640106  -0.0000244875   0.0002301844   0.0001179288   0.0006712134
        0.0005927971   0.0006230211   0.0001005099   0.0000054743  -0.0001960727
       -0.0189083721  -0.0022113975  -0.0083059605  -0.1688200064  -0.0438510076
       -0.0198149493   0.4649354223  -0.0182369984   0.0214981800  -0.0932991808
        0.0104311587   0.0514424130  -0.0437370253  -0.0018732955   0.0223639346
        0.0005355704  -0.0001840693   0.0003986334   0.0006669237  -0.0006534920
        0.0005306343  -0.0012781042   0.0016285207  -0.0025951295  -0.0019258112
       -0.0035111582  -0.0014272094  -0.0219796287  -0.0083929966  -0.0005557516
       -0.0755737153   0.0465402753  -0.0682368958  -0.0437616035   0.0174421374
        0.0033601278   0.0044263606  -0.0007007333  -0.0024831862  -0.0028449019
        0.0030888492   0.0047126213   0.0015640724   0.0004842071  -0.0008874620
        0.0121048006   0.0045840542   0.0019255437  -0.0437981808  -0.0848777818
       -0.0096915372  -0.0182369984   0.5275332864  -0.0106484428   0.0136175387
       -0.0705313702  -0.0123226219  -0.0104710392   0.0031851557   0.0041071618
       -0.0000722134   0.0003830949  -0.0002288517   0.0013105956   0.0011157610
        0.0005212197   0.0027020691  -0.0010045816   0.0026331759  -0.0272718566
       -0.0150273770  -0.0069163847  -0.0011147754   0.0003989253   0.0000213473
        0.0465798956  -0.1054264963   0.0886756458   0.0178559867  -0.2557603968
       -0.0512285591  -0.0090766265   0.0011184079   0.0160499106   0.0165147872
       -0.0065168433  -0.0241768248  -0.0006439830   0.0008261613   0.0012792173
       -0.0205811282  -0.0051763886  -0.0055882402  -0.0237107152  -0.0108161614
       -0.0695882831   0.0214981800  -0.0106484428   0.4836843063   0.0583130928
       -0.0112148776  -0.1462645039  -0.0036824402   0.0005434196   0.0073351217
       -0.0000503861  -0.0004564666   0.0003916269   0.0004600062  -0.0005802008
        0.0006087014  -0.0027824324   0.0019479112  -0.0026611363  -0.0089914302
       -0.0055229133  -0.0016901547   0.0231972633   0.0093894611   0.0023355502
       -0.0687694435   0.0885348891  -0.1780288582   0.0038744094  -0.0516970192
       -0.0574951768   0.0140015854  -0.0001470975  -0.0245463166   0.0075519608
       -0.0045123337  -0.0096121211  -0.0003285220   0.0003562205   0.0011194845
        0.0006561995   0.0003977136  -0.0003744000  -0.0226994346  -0.0022811319
        0.0166987685  -0.0932991808   0.0136175387   0.0583130928   0.4156995177
       -0.0185689288   0.0084581555  -0.2043915647  -0.0298791268  -0.0450874220
       -0.0011776561  -0.0001483820   0.0001026345  -0.0003395578  -0.0000627341
       -0.0000368001   0.0002431274   0.0001161397   0.0003172702   0.0006195822
        0.0010890374   0.0005632372  -0.0034477978  -0.0011974987  -0.0005254032
        0.0049013629  -0.0013751696  -0.0062315747  -0.0031077279   0.0021863818
        0.0049921802  -0.0490203764   0.0333034699  -0.0373033297  -0.0392299047
        0.0104670661   0.0026636590  -0.0054065890  -0.0076643753  -0.0025500682
       -0.0001083892  -0.0001237738   0.0000038311  -0.0067789524  -0.0002809175
        0.0066100681   0.0104311587  -0.0705313702  -0.0112148776  -0.0185689288
        0.5314057403  -0.0011415315  -0.0054417353  -0.0756347581  -0.0110670703
        0.0003389338   0.0003597040   0.0001966887  -0.0000318561   0.0000289349
       -0.0001232338  -0.0000859504   0.0000371472   0.0000619007  -0.0012285157
        0.0005518671   0.0009588245  -0.0024239091  -0.0001972315  -0.0000196252
       -0.0083464431   0.0016049227   0.0141569305   0.0181357497  -0.0062280749
       -0.0250192636   0.0327600060  -0.1227700829   0.0932214586   0.0152938414
       -0.2497553896  -0.0589492054  -0.0339450095  -0.0084667177  -0.0076748947
        0.0002814008  -0.0001171499  -0.0000962752   0.0012014177   0.0015944967
        0.0042394345   0.0514424130  -0.0123226219  -0.1462645039   0.0084581555
       -0.0011415315   0.4640134796  -0.0312252248  -0.0138870519  -0.0560892936
       -0.0006740993  -0.0003434092  -0.0000539412  -0.0001156670   0.0001599079
        0.0001449844  -0.0003180878   0.0001790397  -0.0001225882  -0.0009802074
        0.0000125458   0.0007060408  -0.0018914147  -0.0008597289   0.0010852314
        0.0153755465   0.0004107752  -0.0264559248   0.0075233054  -0.0042030558
       -0.0092095034  -0.0404806224   0.0947592067  -0.1616493880   0.0033538075
       -0.0604881190  -0.0634698672  -0.0119507229  -0.0037533041  -0.0067778852
       -0.0005473194  -0.0004235879   0.0001408278  -0.0038316649   0.0022274087
        0.0068234649  -0.0437370253  -0.0104710392  -0.0036824402  -0.2043915647
       -0.0054417353  -0.0312252248   0.3302798201   0.0327553758   0.0626188047
        0.0005586434   0.0001030312   0.0003164100   0.0001900826  -0.0000032099
        0.0000402019  -0.0002496361  -0.0001139393   0.0000331745   0.0004947492
        0.0001273549  -0.0000624985  -0.0028866446  -0.0009467405   0.0003344679
        0.0023241390  -0.0004455900  -0.0013923334   0.0014436565   0.0006518109
       -0.0010790511  -0.0331650416  -0.0000842445  -0.0192791021  -0.0085971174
       -0.0096118176  -0.0044752158  -0.0378850769  -0.0083230774  -0.0091114858
        0.0000687581   0.0001974822   0.0000429970  -0.0000661262   0.0007904272
        0.0004313402  -0.0018732955   0.0031851557   0.0005434196  -0.0298791268
       -0.0756347581  -0.0138870519   0.0327553758   0.4662475244   0.1436333547
       -0.0000056489  -0.0001583475  -0.0000649140  -0.0000305464   0.0000279514
        0.0000615816   0.0000214792  -0.0000367205  -0.0000756034   0.0001938076
        0.0000270064  -0.0000370234  -0.0003245205  -0.0000019065   0.0001114120
        0.0001574184  -0.0002024396  -0.0003886206   0.0003769043   0.0006218775
        0.0001853442   0.0136687238   0.0072885285   0.0027876996  -0.0342283077
       -0.0127292207  -0.0117085478   0.0191651050  -0.3896225604  -0.1216353877
       -0.0001500266  -0.0000828063   0.0000349928   0.0031091589  -0.0001719263
       -0.0027546448   0.0223639346   0.0041071618   0.0073351217  -0.0450874220
       -0.0110670703  -0.0560892936   0.0626188047   0.1436333547   0.1052380891
        0.0002801896   0.0001084824   0.0003105491   0.0000619145  -0.0000539955
       -0.0000486969   0.0000301600  -0.0001098652   0.0002028879   0.0000233015
       -0.0000172820  -0.0002125614   0.0009018615   0.0004252287   0.0001036674
       -0.0009085609  -0.0006387876   0.0024544536  -0.0001376224   0.0007343619
        0.0001481317  -0.0306114536  -0.0041979876  -0.0092293763  -0.0120097391
       -0.0060549904  -0.0032386505  -0.0004845007  -0.1266138782  -0.0442546697
       -0.0940085950   0.0067526296   0.0989982801   0.0068578288  -0.0007331012
       -0.0125488081   0.0005355704  -0.0000722134  -0.0000503861  -0.0011776561
        0.0003389338  -0.0006740993   0.0005586434  -0.0000056489   0.0002801896
        0.1092854372  -0.0089914357  -0.1142627446  -0.0008047687   0.0008766634
        0.0023806967  -0.0193303040   0.0010984277   0.0286156400   0.0004117948
       -0.0004932968   0.0000273103  -0.0003768297   0.0016023222  -0.0028440725
       -0.0000667615   0.0000134686   0.0002054388  -0.0000542049  -0.0000208510
        0.0000297305  -0.0017652319  -0.0004887855  -0.0000938634  -0.0000085171
        0.0001646288   0.0000017537  -0.0000564057  -0.0000417414  -0.0000650657
        0.0069006449  -0.0455525881  -0.0160520237  -0.0066876815   0.0003258648
        0.0159224653  -0.0001840693   0.0003830949  -0.0004564666  -0.0001483820
        0.0003597040  -0.0003434092   0.0001030312  -0.0001583475   0.0001084824
       -0.0089914357   0.0502147709   0.0153274325   0.0156011876  -0.0054615036
       -0.0293848769  -0.0074936963   0.0010909268   0.0106544493  -0.0005517910
        0.0004113421   0.0006098286   0.0016847111  -0.0013895556   0.0035975879
       -0.0000546047  -0.0000626280  -0.0000125544   0.0000811775  -0.0001840884
       -0.0001128974  -0.0003633580   0.0003702905   0.0000931332   0.0002003670
       -0.0003106737   0.0001298462  -0.0000961007  -0.0000366092  -0.0000809972
        0.0986616490  -0.0155766197  -0.2319757226   0.0080029857   0.0017586322
       -0.0240955710   0.0003986334  -0.0002288517   0.0003916269   0.0001026345
        0.0001966887  -0.0000539412   0.0003164100  -0.0000649140   0.0003105491
       -0.1142627446   0.0153274325   0.2699113124   0.0069747649  -0.0042289217
       -0.0119491093   0.0024084236   0.0002182725  -0.0000904836   0.0003724146
       -0.0004208800   0.0008465672  -0.0026273312   0.0033851193  -0.0039299294
        0.0002282875  -0.0001185430   0.0001229660   0.0001138829  -0.0000654426
       -0.0002447205  -0.0005357173  -0.0003900337   0.0007310038  -0.0001183589
        0.0001637818   0.0000572577  -0.0000359341   0.0000442794  -0.0000318055
       -0.0443041225   0.0089306082   0.0039587314  -0.0018229379   0.0157093025
        0.0025845207   0.0006669237   0.0013105956   0.0004600062  -0.0003395578
       -0.0000318561  -0.0001156670   0.0001900826  -0.0000305464   0.0000619145
       -0.0008047687   0.0156011876   0.0069747649   0.0491121755  -0.0121274147
       -0.0021085419  -0.0015105078  -0.0308449203  -0.0095362536  -0.0011368351
        0.0025228364  -0.0024611256   0.0002090807  -0.0004949024   0.0003797285
        0.0001081684  -0.0001782971   0.0000957479  -0.0003168408  -0.0002669530
       -0.0004431673  -0.0000955248   0.0000958396   0.0001914399   0.0001593881
       -0.0001709605  -0.0000081173  -0.0001147236  -0.0000245194  -0.0000339813
        0.0089660393  -0.2619727243  -0.0660739731   0.0039149730  -0.0212956261
       -0.0016935059  -0.0006534920   0.0011157610  -0.0005802008  -0.0000627341
        0.0000289349   0.0001599079  -0.0000032099   0.0000279514  -0.0000539955
        0.0008766634  -0.0054615036  -0.0042289217  -0.0121274147   0.3053198951
        0.0748535874  -0.0028325893  -0.0160218818  -0.0055650782   0.0021349979
       -0.0025503960   0.0035653458  -0.0003617884   0.0002305842  -0.0002769544
       -0.0003550750   0.0001078153  -0.0001199178   0.0004908180   0.0004233213
        0.0001841120   0.0002336182  -0.0000466128  -0.0001805472  -0.0002274630
        0.0000198175  -0.0000084256   0.0000066566   0.0000746636   0.0000185672
        0.0040082071  -0.0661620792  -0.0635388266  -0.0021018289   0.0202782779
        0.0050564247   0.0005306343   0.0005212197   0.0006087014  -0.0000368001
       -0.0001232338   0.0001449844   0.0000402019   0.0000615816  -0.0000486969
        0.0023806967  -0.0293848769  -0.0119491093  -0.0021085419   0.0748535874
        0.0720994016  -0.0003258437  -0.0035612032  -0.0005160327  -0.0025267321
        0.0033299088  -0.0022707491   0.0000168196   0.0004774779   0.0005928502
        0.0001700955  -0.0000062721   0.0000240090  -0.0001681708  -0.0001925471
        0.0000324853   0.0001374801  -0.0001574312  -0.0001358061  -0.0000325342
        0.0000796806  -0.0001537482   0.0000163164  -0.0000140906   0.0000541121
       -0.2509942600  -0.0808228370  -0.0180485856  -0.0178657630  -0.0044180422
       -0.0044497017  -0.0012781042   0.0027020691  -0.0027824324   0.0002431274
       -0.0000859504  -0.0003180878  -0.0002496361   0.0000214792   0.0000301600
       -0.0193303040  -0.0074936963   0.0024084236  -0.0015105078  -0.0028325893
       -0.0003258437   0.2909646567   0.0931347889   0.0233185498  -0.0000572014
        0.0000394529   0.0003725375   0.0006997718  -0.0004142956   0.0001904586
       -0.0010776754  -0.0002188530  -0.0003688621   0.0001992707   0.0002752257
        0.0001434499   0.0001351765   0.0000984272  -0.0001397613  -0.0000046435
       -0.0000108581  -0.0000410615   0.0001260922   0.0000256790   0.0000107567
       -0.0810756582  -0.0747246090  -0.0087501887   0.0148584655   0.0050001791
        0.0025970563   0.0016285207  -0.0010045816   0.0019479112   0.0001161397
        0.0000371472   0.0001790397  -0.0001139393  -0.0000367205  -0.0001098652
        0.0010984277   0.0010909268   0.0002182725  -0.0308449203  -0.0160218818
       -0.0035612032   0.0931347889   0.0845804408   0.0075467567   0.0003722554
        0.0003146187   0.0000110664   0.0000538291   0.0003679184  -0.0004364417
        0.0006889533   0.0003392148   0.0002886292   0.0000576419   0.0000038037
        0.0001428130   0.0000232177  -0.0000194194  -0.0001038780  -0.0000386280
        0.0000334297  -0.0000027639   0.0000409058   0.0000395329   0.0000327957
       -0.0176266441  -0.0085318622  -0.0445695448  -0.0209177522  -0.0057787085
       -0.0039556727  -0.0025951295   0.0026331759  -0.0026611363   0.0003172702
        0.0000619007  -0.0001225882   0.0000331745  -0.0000756034   0.0002028879
        0.0286156400   0.0106544493  -0.0000904836  -0.0095362536  -0.0055650782
       -0.0005160327   0.0233185498   0.0075467567   0.0516748198   0.0002142922
       -0.0002850659   0.0003087787  -0.0006526183  -0.0004817647   0.0002292673
       -0.0012025606  -0.0002345012  -0.0004320945   0.0001881346   0.0001622919
       -0.0000291647  -0.0001728106  -0.0001676025  -0.0000062126  -0.0000016622
        0.0000244320  -0.0000240139   0.0000183700   0.0000371801  -0.0000088098
       -0.0020246783   0.0154462678   0.0022426653  -0.0440693780   0.0174364306
        0.0076112224  -0.0019258112  -0.0272718566  -0.0089914302   0.0006195822
       -0.0012285157  -0.0009802074   0.0004947492   0.0001938076   0.0000233015
        0.0004117948  -0.0005517910   0.0003724146  -0.0011368351   0.0021349979
       -0.0025267321  -0.0000572014   0.0003722554   0.0002142922   0.0545061941
       -0.0201277484  -0.0051469109  -0.0016340568   0.0164523261   0.0080611158
        0.0004865908  -0.0001867605   0.0000650913  -0.0051903561  -0.0032500150
       -0.0013019693   0.0000289164   0.0001577360  -0.0000534099  -0.0005366978
        0.0002648034   0.0003405281   0.0000271872   0.0001580624   0.0000700286
        0.0044633187  -0.0204225098  -0.0023416145   0.0175737454  -0.2468513102
       -0.0686743677  -0.0035111582  -0.0150273770  -0.0055229133   0.0010890374
        0.0005518671   0.0000125458   0.0001273549   0.0000270064  -0.0000172820
       -0.0004932968   0.0004113421  -0.0004208800   0.0025228364  -0.0025503960
        0.0033299088   0.0000394529   0.0003146187  -0.0002850659  -0.0201277484
        0.2884765829   0.0787873461   0.0017443526  -0.0043020800  -0.0039952710
        0.0002338888   0.0003126185  -0.0000863183  -0.0032149283  -0.0012310115
       -0.0011559714   0.0000520666  -0.0002282004   0.0000895284  -0.0006102443
        0.0003095126   0.0002789552   0.0001113224   0.0002093367   0.0000013998
       -0.0034191328   0.0205366165   0.0047027972   0.0079106493  -0.0691862444
       -0.0673605422  -0.0014272094  -0.0069163847  -0.0016901547   0.0005632372
        0.0009588245   0.0007060408  -0.0000624985  -0.0000370234  -0.0002125614
        0.0000273103   0.0006098286   0.0008465672  -0.0024611256   0.0035653458
       -0.0022707491   0.0003725375   0.0000110664   0.0003087787  -0.0051469109
        0.0787873461   0.0776628048   0.0050269787  -0.0277343906  -0.0126485582
       -0.0000407316  -0.0002909546  -0.0002838329  -0.0015504127  -0.0004670946
        0.0002087051   0.0000017138   0.0001101507  -0.0001632357   0.0001397758
        0.0000388872   0.0002087672   0.0000658191   0.0000140266  -0.0000148268
        0.0061348909   0.0008124126  -0.0122191797  -0.1032239646   0.0025526554
        0.1033877770  -0.0219796287  -0.0011147754   0.0231972633  -0.0034477978
       -0.0024239091  -0.0018914147  -0.0028866446  -0.0003245205   0.0009018615
       -0.0003768297   0.0016847111  -0.0026273312   0.0002090807  -0.0003617884
        0.0000168196   0.0006997718   0.0000538291  -0.0006526183  -0.0016340568
        0.0017443526   0.0050269787   0.1258073433  -0.0030549714  -0.1157598061
        0.0000568236   0.0003915439   0.0005709265   0.0004885309   0.0000821112
        0.0002367103  -0.0000165360   0.0000941056   0.0000001623   0.0001050595
       -0.0001892503  -0.0002684282   0.0000639575   0.0000534936   0.0000802788
       -0.0067640115  -0.0002229187   0.0166588203   0.0028220130  -0.0454965311
       -0.0053931237  -0.0083929966   0.0003989253   0.0093894611  -0.0011974987
       -0.0001972315  -0.0008597289  -0.0009467405  -0.0000019065   0.0004252287
        0.0016023222  -0.0013895556   0.0033851193  -0.0004949024   0.0002305842
        0.0004774779  -0.0004142956   0.0003679184  -0.0004817647   0.0164523261
       -0.0043020800  -0.0277343906  -0.0030549714   0.0502785954   0.0035800118
        0.0006417889   0.0002938269   0.0000236921  -0.0002230647  -0.0000480327
        0.0004123096   0.0000877806  -0.0000592201   0.0000755755  -0.0001438318
        0.0000451195   0.0000296258   0.0000260824   0.0001025065   0.0000116858
        0.0083844934   0.0028118763  -0.0245148676   0.1032819005  -0.0053376768
       -0.2092774678  -0.0005557516   0.0000213473   0.0023355502  -0.0005254032
       -0.0000196252   0.0010852314   0.0003344679   0.0001114120   0.0001036674
       -0.0028440725   0.0035975879  -0.0039299294   0.0003797285  -0.0002769544
        0.0005928502   0.0001904586  -0.0004364417   0.0002292673   0.0080611158
       -0.0039952710  -0.0126485582  -0.1157598061   0.0035800118   0.2450882891
       -0.0004212348  -0.0002960360   0.0008001490  -0.0001004931   0.0002462548
        0.0000693974  -0.0001911149  -0.0001059705   0.0000733628  -0.0001907919
        0.0000975181   0.0000364791  -0.0000434966   0.0000019674  -0.0000434210
       -0.0052544500  -0.0025321606  -0.0013732978  -0.0161546373   0.0123411355
       -0.0220383556  -0.0755737153   0.0465798956  -0.0687694435   0.0049013629
       -0.0083464431   0.0153755465   0.0023241390   0.0001574184  -0.0009085609
       -0.0000667615  -0.0000546047   0.0002282875   0.0001081684  -0.0003550750
        0.0001700955  -0.0010776754   0.0006889533  -0.0012025606   0.0004865908
        0.0002338888  -0.0000407316   0.0000568236   0.0006417889  -0.0004212348
        0.0924751142  -0.0519028531   0.0781710097  -0.0003773431   0.0032090732
       -0.0027075077  -0.0020443911  -0.0000162928   0.0034119931   0.0004587618
       -0.0004116166  -0.0002860114  -0.0002619872  -0.0002331077   0.0003907719
       -0.0013596124   0.0001797769  -0.0003623470  -0.0046185525   0.0049668147
       -0.0071666021   0.0465402753  -0.1054264963   0.0885348891  -0.0013751696
        0.0016049227   0.0004107752  -0.0004455900  -0.0002024396  -0.0006387876
        0.0000134686  -0.0000626280  -0.0001185430  -0.0001782971   0.0001078153
       -0.0000062721  -0.0002188530   0.0003392148  -0.0002345012  -0.0001867605
        0.0003126185  -0.0002909546   0.0003915439   0.0002938269  -0.0002960360
       -0.0519028531   0.1185780118  -0.1038038235   0.0134457765  -0.0219790738
        0.0243109484   0.0000901157   0.0011795548  -0.0002820323  -0.0000727201
        0.0004623832  -0.0006416285  -0.0001227717  -0.0003543020   0.0005849153
       -0.0018632909  -0.0011098742   0.0006192436  -0.0054330850   0.0038003925
       -0.0060664093  -0.0682368958   0.0886756458  -0.1780288582  -0.0062315747
        0.0141569305  -0.0264559248  -0.0013923334  -0.0003886206   0.0024544536
        0.0002054388  -0.0000125544   0.0001229660   0.0000957479  -0.0001199178
        0.0000240090  -0.0003688621   0.0002886292  -0.0004320945   0.0000650913
       -0.0000863183  -0.0002838329   0.0005709265   0.0000236921   0.0008001490
        0.0781710097  -0.1038038235   0.2084680351   0.0013265766  -0.0012705365
        0.0041142020   0.0036597649  -0.0005344756  -0.0053444511  -0.0006702515
        0.0004050155   0.0002736824   0.0001017377  -0.0000241845  -0.0002651699
        0.0010183369  -0.0009983510   0.0003488819  -0.0017165061  -0.0275180571
       -0.0077622775  -0.0437616035   0.0178559867   0.0038744094  -0.0031077279
        0.0181357497   0.0075233054   0.0014436565   0.0003769043  -0.0001376224
       -0.0000542049   0.0000811775   0.0001138829  -0.0003168408   0.0004908180
       -0.0001681708   0.0001992707   0.0000576419   0.0001881346  -0.0051903561
       -0.0032149283  -0.0015504127   0.0004885309  -0.0002230647  -0.0001004931
       -0.0003773431   0.0134457765   0.0013265766   0.0535338413  -0.0184383626
       -0.0059524137   0.0005683865   0.0001061293  -0.0008493523  -0.0022029968
        0.0004171314   0.0031829405  -0.0005244437  -0.0005745515  -0.0000373888
        0.0010475046   0.0014211057   0.0005135940  -0.0033632231  -0.0152475287
       -0.0044702627   0.0174421374  -0.2557603968  -0.0516970192   0.0021863818
       -0.0062280749  -0.0042030558   0.0006518109   0.0006218775   0.0007343619
       -0.0000208510  -0.0001840884  -0.0000654426  -0.0002669530   0.0004233213
       -0.0001925471   0.0002752257   0.0000038037   0.0001622919  -0.0032500150
       -0.0012310115  -0.0004670946   0.0000821112  -0.0000480327   0.0002462548
        0.0032090732  -0.0219790738  -0.0012705365  -0.0184383626   0.2968875622
        0.0622179368  -0.0003890052   0.0006562962   0.0003975292   0.0005306580
        0.0004140264  -0.0016270486   0.0003035072   0.0002502137  -0.0002789614
        0.0003185337  -0.0006849503   0.0002669170  -0.0010794026  -0.0068882608
       -0.0011640106   0.0033601278  -0.0512285591  -0.0574951768   0.0049921802
       -0.0250192636  -0.0092095034  -0.0010790511   0.0001853442   0.0001481317
        0.0000297305  -0.0001128974  -0.0002447205  -0.0004431673   0.0001841120
        0.0000324853   0.0001434499   0.0001428130  -0.0000291647  -0.0013019693
       -0.0011559714   0.0002087051   0.0002367103   0.0004123096   0.0000693974
       -0.0027075077   0.0243109484   0.0041142020  -0.0059524137   0.0622179368
        0.0663261182  -0.0003004232  -0.0010048838   0.0006667062   0.0036728596
       -0.0016190113  -0.0042502638   0.0001103430   0.0002603338   0.0005601769
       -0.0009319612   0.0000287454   0.0004066434   0.0005376365   0.0000649556
       -0.0000244875   0.0044263606  -0.0090766265   0.0140015854  -0.0490203764
        0.0327600060  -0.0404806224  -0.0331650416   0.0136687238  -0.0306114536
       -0.0017652319  -0.0003633580  -0.0005357173  -0.0000955248   0.0002336182
        0.0001374801   0.0001351765   0.0000232177  -0.0001728106   0.0000289164
        0.0000520666   0.0000017138  -0.0000165360   0.0000877806  -0.0001911149
       -0.0020443911   0.0000901157   0.0036597649   0.0005683865  -0.0003890052
       -0.0003004232   0.0796561788  -0.0403139936   0.0559369460   0.0009736523
        0.0029014927  -0.0014820405   0.0007127555   0.0002322613  -0.0003454635
        0.0001435443   0.0002375642   0.0001874608  -0.0000649868   0.0000970160
        0.0002301844  -0.0007007333   0.0011184079  -0.0001470975   0.0333034699
       -0.1227700829   0.0947592067  -0.0000842445   0.0072885285  -0.0041979876
       -0.0004887855   0.0003702905  -0.0003900337   0.0000958396  -0.0000466128
       -0.0001574312   0.0000984272  -0.0000194194  -0.0001676025   0.0001577360
       -0.0002282004   0.0001101507   0.0000941056  -0.0000592201  -0.0001059705
       -0.0000162928   0.0011795548  -0.0005344756   0.0001061293   0.0006562962
       -0.0010048838  -0.0403139936   0.1352352926  -0.1095369228   0.0087483898
       -0.0246150417   0.0229769621  -0.0010786052   0.0015556266  -0.0020215596
       -0.0006625631  -0.0002058016   0.0003503829  -0.0000910849   0.0000004194
        0.0001179288  -0.0024831862   0.0160499106  -0.0245463166  -0.0373033297
        0.0932214586  -0.1616493880  -0.0192791021   0.0027876996  -0.0092293763
       -0.0000938634   0.0000931332   0.0007310038   0.0001914399  -0.0001805472
       -0.0001358061  -0.0001397613  -0.0001038780  -0.0000062126  -0.0000534099
        0.0000895284  -0.0001632357   0.0000001623   0.0000755755   0.0000733628
        0.0034119931  -0.0002820323  -0.0053444511  -0.0008493523   0.0003975292
        0.0006667062   0.0559369460  -0.1095369228   0.1932874988   0.0013652351
       -0.0028037891   0.0051978989   0.0000498767   0.0003977166   0.0006500042
       -0.0002266559  -0.0000846293  -0.0000222696   0.0005743555   0.0013634271
        0.0006712134  -0.0028449019   0.0165147872   0.0075519608  -0.0392299047
        0.0152938414   0.0033538075  -0.0085971174  -0.0342283077  -0.0120097391
       -0.0000085171   0.0002003670  -0.0001183589   0.0001593881  -0.0002274630
       -0.0000325342  -0.0000046435  -0.0000386280  -0.0000016622  -0.0005366978
       -0.0006102443   0.0001397758   0.0001050595  -0.0001438318  -0.0001907919
        0.0004587618  -0.0000727201  -0.0006702515  -0.0022029968   0.0005306580
        0.0036728596   0.0009736523   0.0087483898   0.0013652351   0.0564494850
       -0.0044939078  -0.0015250066  -0.0050692670  -0.0027517386  -0.0021842382
        0.0001442792   0.0001117698  -0.0000826503  -0.0003930777   0.0008218065
        0.0005927971   0.0030888492  -0.0065168433  -0.0045123337   0.0104670661
       -0.2497553896  -0.0604881190  -0.0096118176  -0.0127292207  -0.0060549904
        0.0001646288  -0.0003106737   0.0001637818  -0.0001709605   0.0000198175
        0.0000796806  -0.0000108581   0.0000334297   0.0000244320   0.0002648034
        0.0003095126   0.0000388872  -0.0001892503   0.0000451195   0.0000975181
       -0.0004116166   0.0004623832   0.0004050155   0.0004171314   0.0004140264
       -0.0016190113   0.0029014927  -0.0246150417  -0.0028037891  -0.0044939078
        0.2909837845   0.0748379942  -0.0021667621   0.0007255191  -0.0006792128
       -0.0000880861   0.0000985642   0.0001256924  -0.0007461563  -0.0001703610
        0.0006230211   0.0047126213  -0.0241768248  -0.0096121211   0.0026636590
       -0.0589492054  -0.0634698672  -0.0044752158  -0.0117085478  -0.0032386505
        0.0000017537   0.0001298462   0.0000572577  -0.0000081173  -0.0000084256
       -0.0001537482  -0.0000410615  -0.0000027639  -0.0000240139   0.0003405281
        0.0002789552   0.0002087672  -0.0002684282   0.0000296258   0.0000364791
       -0.0002860114  -0.0006416285   0.0002736824   0.0031829405  -0.0016270486
       -0.0042502638  -0.0014820405   0.0229769621   0.0051978989  -0.0015250066
        0.0748379942   0.0738155365  -0.0019813788  -0.0010671419   0.0004103293
        0.0002004647   0.0001715338  -0.0000149558  -0.0000158299  -0.0000146534
        0.0001005099   0.0015640724  -0.0006439830  -0.0003285220  -0.0054065890
       -0.0339450095  -0.0119507229  -0.0378850769   0.0191651050  -0.0004845007
       -0.0000564057  -0.0000961007  -0.0000359341  -0.0001147236   0.0000066566
        0.0000163164   0.0001260922   0.0000409058   0.0000183700   0.0000271872
        0.0001113224   0.0000658191   0.0000639575   0.0000260824  -0.0000434966
       -0.0002619872  -0.0001227717   0.0001017377  -0.0005244437   0.0003035072
        0.0001103430   0.0007127555  -0.0010786052   0.0000498767  -0.0050692670
       -0.0021667621  -0.0019813788   0.0466397937   0.0182427724   0.0143765382
        0.0000934090  -0.0000867015   0.0000080229   0.0003232265  -0.0001297053
        0.0000054743   0.0004842071   0.0008261613   0.0003562205  -0.0076643753
       -0.0084667177  -0.0037533041  -0.0083230774  -0.3896225604  -0.1266138782
       -0.0000417414  -0.0000366092   0.0000442794  -0.0000245194   0.0000746636
       -0.0000140906   0.0000256790   0.0000395329   0.0000371801   0.0001580624
        0.0002093367   0.0000140266   0.0000534936   0.0001025065   0.0000019674
       -0.0002331077  -0.0003543020  -0.0000241845  -0.0005745515   0.0002502137
        0.0002603338   0.0002322613   0.0015556266   0.0003977166  -0.0027517386
        0.0007255191  -0.0010671419   0.0182427724   0.3949130356   0.1303473776
        0.0000518461   0.0000685842  -0.0000798400   0.0002349334   0.0000264706
       -0.0001960727  -0.0008874620   0.0012792173   0.0011194845  -0.0025500682
       -0.0076748947  -0.0067778852  -0.0091114858  -0.1216353877  -0.0442546697
       -0.0000650657  -0.0000809972  -0.0000318055  -0.0000339813   0.0000185672
        0.0000541121   0.0000107567   0.0000327957  -0.0000088098   0.0000700286
        0.0000013998  -0.0000148268   0.0000802788   0.0000116858  -0.0000434210
        0.0003907719   0.0005849153  -0.0002651699  -0.0000373888  -0.0002789614
        0.0005601769  -0.0003454635  -0.0020215596   0.0006500042  -0.0021842382
       -0.0006792128   0.0004103293   0.0143765382   0.1303473776   0.0488783936
