           1           2   1.02010749542785     
           2           3   1.00679802245702     
           3           4  0.999087007800976     
           4           5  0.990734817013081     
           1           6  0.986760771514117     
           1           7  0.987112086379749     
           1           8  0.986805591914301     
           2           9  0.978034884468896     
           2          10  0.977757591810974     
           3          11  0.976514271122584     
           3          12  0.975946423032905     
           4          13  0.970669875238684     
           4          14  0.973803137212101     
           5          15  0.861417546395535     
