$hessian                                                                        
        0.4953095891  -0.0226278243  -0.0313657807  -0.0971165535  -0.0289349794
       -0.0452147263  -0.0262351232  -0.0261880959  -0.0065045495   0.0006695851
       -0.0004332612  -0.0004358102  -0.0001297327   0.0000822840   0.0000270056
       -0.1082811183   0.0978856998   0.0461076153  -0.0689496349   0.0464916985
       -0.0577033858  -0.1921455612  -0.0656386907   0.1006303606   0.0069708751
        0.0061028729   0.0085969764  -0.0089236787  -0.0063106446  -0.0138795695
        0.0000714418  -0.0000548491  -0.0001903833  -0.0009969349  -0.0004468686
        0.0000616033  -0.0000337255   0.0000660397  -0.0000512930  -0.0000962719
        0.0000428950  -0.0000184362  -0.0001131563  -0.0000362760  -0.0000596266
       -0.0226278243   0.5053644706  -0.0267142332  -0.0303097751  -0.0992254320
       -0.0438022842  -0.0224315080  -0.0148161599  -0.0048636560   0.0004976019
        0.0000291288   0.0006786756  -0.0000823143  -0.0004240491  -0.0000731572
        0.0973359547  -0.1868716370  -0.0669109740   0.0465113752  -0.1258081913
        0.1046454299  -0.0655130695  -0.0714202266   0.0454619443  -0.0110596616
       -0.0153756487  -0.0179780580   0.0077335854   0.0074607773   0.0095202300
        0.0001160836   0.0000363149  -0.0001588894  -0.0002884253   0.0007257283
        0.0001405197  -0.0000129235  -0.0000478258  -0.0000161514  -0.0000126110
        0.0001339111  -0.0000820276   0.0001435115   0.0002388395   0.0001526316
       -0.0313657807  -0.0267142332   0.4992700599  -0.0448000185  -0.0440633364
       -0.1207288936   0.0086567237   0.0090439095   0.0114338861   0.0005079434
        0.0000866951   0.0006308770   0.0000269618   0.0000731349  -0.0004285451
        0.0461966102  -0.0676839808  -0.0762693390  -0.0572174612   0.1051971524
       -0.1783984744   0.1001175773   0.0450087996  -0.1082215908  -0.0073564597
       -0.0105992823  -0.0104461134  -0.0149454458  -0.0107849055  -0.0179468528
        0.0001451211   0.0000991885   0.0001712291  -0.0000947621   0.0004240008
        0.0005936359   0.0001751847   0.0000161773   0.0001528594  -0.0000129369
       -0.0000359232   0.0001337604  -0.0000332574  -0.0000673967   0.0000535012
       -0.0971165535  -0.0303097751  -0.0448000185   0.4410340761  -0.0637780157
        0.0099473868  -0.1110966918  -0.0415123802   0.0455457631  -0.0294886877
       -0.0059832985   0.0168560412   0.0006695755  -0.0004979006   0.0005077371
        0.0094165883   0.0070516353   0.0083621252  -0.0083641780  -0.0049178862
       -0.0100063558  -0.0154766480  -0.0135308054  -0.0122493238  -0.1061560190
        0.0945742321   0.0489744688  -0.0804018573   0.0570753944  -0.0642185667
       -0.0031316162   0.0023198026   0.0024491637   0.0010757674  -0.0004328763
       -0.0016008861  -0.0003117920   0.0001419573   0.0000530672   0.0002045364
       -0.0002632913  -0.0001750446  -0.0008565002   0.0000632075   0.0003544425
       -0.0289349794  -0.0992254320  -0.0440633364  -0.0637780157   0.4948828704
        0.0132767298  -0.0542164238  -0.1295744094   0.0394827081   0.0059775884
        0.0175024828  -0.0032940966   0.0004334633   0.0000295168  -0.0000870208
       -0.0122742080  -0.0159082036  -0.0172170336   0.0084255575   0.0091475042
        0.0099452750  -0.0077208012  -0.0065617527  -0.0058410662   0.0908286609
       -0.1604857838  -0.0673415640   0.0569443853  -0.1105287366   0.0787294729
        0.0028744589  -0.0002905428  -0.0024456010   0.0001743031   0.0010207254
       -0.0007741619   0.0001685484   0.0002029169   0.0001205869   0.0006577435
       -0.0000843045  -0.0000482831   0.0004397188  -0.0001268512  -0.0004426090
       -0.0452147263  -0.0438022842  -0.1207288936   0.0099473868   0.0132767298
        0.4568272356   0.0425108884   0.0295588777  -0.0758036149   0.0168592262
        0.0033103619  -0.0166150395  -0.0004356482  -0.0006789617   0.0006304639
       -0.0062750493  -0.0100861674  -0.0094935568  -0.0168113945  -0.0113670224
       -0.0186156393   0.0086770100   0.0071750161   0.0074624012   0.0506056649
       -0.0695488088  -0.0825674190  -0.0632822914   0.0821503143  -0.1406521149
        0.0032420930  -0.0017180437  -0.0011293324   0.0008202595   0.0011010538
        0.0006551773  -0.0004053979  -0.0002802225  -0.0002544053  -0.0004023212
        0.0004451053  -0.0002476108   0.0001643000   0.0004640519   0.0005323485
       -0.0262351232  -0.0224315080   0.0086567237  -0.1110966918  -0.0542164238
        0.0425108884   0.3207485915   0.0000384232  -0.1516802159  -0.1110901881
        0.0541932745   0.0425365690  -0.0262321157   0.0224277594   0.0086673925
        0.0004962512   0.0003756761   0.0005360509   0.0015928833   0.0015390479
        0.0011316155  -0.0043141503  -0.0043845673  -0.0034198693  -0.0252649073
       -0.0083606009   0.0186269561   0.0044421132  -0.0068034000   0.0077754002
       -0.0252658508   0.0083536865   0.0186316583   0.0044437566   0.0067980820
        0.0077775374   0.0015928743  -0.0015399118   0.0011308172  -0.0043135932
        0.0043863788  -0.0034173840   0.0004961503  -0.0003759168   0.0005358603
       -0.0261880959  -0.0148161599   0.0090439095  -0.0415123802  -0.1295744094
        0.0295588777   0.0000384232   0.3138746912   0.0000362361   0.0414876954
       -0.1295449447  -0.0295884287   0.0261921838  -0.0148171087  -0.0090578113
        0.0008444565   0.0001568296   0.0004522307   0.0012959534   0.0010833219
        0.0004137330  -0.0035825239  -0.0035359393  -0.0035166277   0.0132296860
        0.0102478122  -0.0095300413  -0.0204777176  -0.0205216753   0.0227003583
       -0.0132359384   0.0102459259   0.0095399042   0.0204657245  -0.0205004988
       -0.0227013412  -0.0012966573   0.0010841286  -0.0004140112   0.0035837112
       -0.0035392154   0.0035153533  -0.0008445206   0.0001572420  -0.0004523414
       -0.0065045495  -0.0048636560   0.0114338861   0.0455457631   0.0394827081
       -0.0758036149  -0.1516802159   0.0000362361   0.1882667092   0.0455645741
       -0.0395125966  -0.0758385567  -0.0064910712   0.0048508915   0.0114317733
        0.0002149408   0.0004534108   0.0001039105   0.0009430312   0.0000809654
        0.0017386500  -0.0023117562  -0.0020485209  -0.0008299533   0.0172233356
        0.0060387032  -0.0114362158   0.0207117953   0.0220765514  -0.0193121298
        0.0172161331  -0.0060288716  -0.0114344998   0.0207209661  -0.0220784146
       -0.0193348021   0.0009423559  -0.0000813342   0.0017385084  -0.0023098053
        0.0020472950  -0.0008271165   0.0002145028  -0.0004533676   0.0001034512
        0.0006695851   0.0004976019   0.0005079434  -0.0294886877   0.0059775884
        0.0168592262  -0.1110901881   0.0414876954   0.0455645741   0.4410409075
        0.0637767998   0.0099786801  -0.0971121537   0.0303324101  -0.0447814386
       -0.0008565414  -0.0000633392   0.0003544519  -0.0003117668  -0.0001419518
        0.0000529739   0.0002044998   0.0002633710  -0.0001749498  -0.0031319018
       -0.0023208293   0.0024480472   0.0010757632   0.0004337095  -0.0016006065
       -0.1061684369  -0.0946031002   0.0489301957  -0.0804084379  -0.0570441008
       -0.0642523566  -0.0083640343   0.0049239298  -0.0100041737  -0.0154754346
        0.0135377414  -0.0122422278   0.0094168274  -0.0070575261   0.0083596604
       -0.0004332612   0.0000291288   0.0000866951  -0.0059832985   0.0175024828
        0.0033103619   0.0541932745  -0.1295449447  -0.0395125966   0.0637767998
        0.4948881798  -0.0132583055   0.0289577157  -0.0992742900   0.0440772840
       -0.0004397890  -0.0001268229   0.0004422253  -0.0001683276   0.0002028608
       -0.0001203380  -0.0006575536  -0.0000840462   0.0000484191  -0.0028759341
       -0.0002923699   0.0024459118  -0.0001747219   0.0010208592   0.0007744204
       -0.0908583215  -0.1605438312   0.0672983575  -0.0569134876  -0.1104392631
       -0.0787098687  -0.0084156555   0.0091469232  -0.0099304498   0.0077167172
       -0.0065622463   0.0058345235   0.0122758434  -0.0159226203   0.0172133599
       -0.0004358102   0.0006786756   0.0006308770   0.0168560412  -0.0032940966
       -0.0166150395   0.0425365690  -0.0295884287  -0.0758385567   0.0099786801
       -0.0132583055   0.4568140437  -0.0451968830   0.0438162845  -0.1206844556
        0.0001639864  -0.0004644518   0.0005323449  -0.0004054519   0.0002804193
       -0.0002543020  -0.0004026765  -0.0004449605  -0.0002477639   0.0032407969
        0.0017182874  -0.0011273123   0.0008200918  -0.0011009218   0.0006550036
        0.0505634101   0.0695054262  -0.0824967162  -0.0633162477  -0.0821308571
       -0.1407352861  -0.0168149812   0.0113824714  -0.0186152203   0.0086803370
       -0.0071826063   0.0074617070  -0.0062678618   0.0100830640  -0.0094793234
       -0.0001297327  -0.0000823143   0.0000269618   0.0006695755   0.0004334633
       -0.0004356482  -0.0262321157   0.0261921838  -0.0064910712  -0.0971121537
        0.0289577157  -0.0451968830   0.4953128987   0.0226445328  -0.0313528596
       -0.0001131476   0.0000363305  -0.0000596096  -0.0000337171  -0.0000660069
       -0.0000513425  -0.0000962780  -0.0000428676  -0.0000184680   0.0000714366
        0.0000549583  -0.0001903644  -0.0009968930   0.0004469738   0.0000618180
        0.0069709592  -0.0061089039   0.0085950211  -0.0089235496   0.0063187403
       -0.0138768675  -0.0689527906  -0.0464634296  -0.0577313044  -0.1921415030
        0.0655934658   0.1006608377  -0.1082929891  -0.0979148420   0.0460597799
        0.0000822840  -0.0004240491   0.0000731349  -0.0004979006   0.0000295168
       -0.0006789617   0.0224277594  -0.0148171087   0.0048508915   0.0303324101
       -0.0992742900   0.0438162845   0.0226445328   0.5053345617   0.0267194812
       -0.0001434197   0.0002389185  -0.0001525473   0.0000128607  -0.0000477131
        0.0000160571   0.0000126177   0.0001338678   0.0000820071  -0.0001161916
        0.0000362591   0.0001588759   0.0002886202   0.0007259475  -0.0001404554
        0.0110617720  -0.0153907520   0.0179749554  -0.0077248307   0.0074601800
       -0.0095063486  -0.0464834229  -0.1256938894  -0.1046154434   0.0654681354
       -0.0713802972  -0.0454474052  -0.0973652268  -0.1869311521   0.0668494739
        0.0000270056  -0.0000731572  -0.0004285451   0.0005077371  -0.0000870208
        0.0006304639   0.0086673925  -0.0090578113   0.0114317733  -0.0447814386
        0.0440772840  -0.1206844556  -0.0313528596   0.0267194812   0.4992967039
       -0.0000333214   0.0000675123   0.0000534240   0.0001751940  -0.0000162634
        0.0001528573  -0.0000129244   0.0000359124   0.0001337983   0.0001450140
       -0.0000993005   0.0001712889  -0.0000946429  -0.0004239614   0.0005934045
       -0.0073501255   0.0105970895  -0.0104315762  -0.0149487035   0.0107989998
       -0.0179463658  -0.0572454494  -0.1051671711  -0.1785090574   0.1001480393
       -0.0449941687  -0.1082655658   0.0461490829   0.0676225751  -0.0761981482
       -0.1082811183   0.0973359547   0.0461966102   0.0094165883  -0.0122742080
       -0.0062750493   0.0004962512   0.0008444565   0.0002149408  -0.0008565414
       -0.0004397890   0.0001639864  -0.0001131476  -0.0001434197  -0.0000333214
        0.1250163987  -0.1120764978  -0.0535225086  -0.0069134669   0.0103743163
        0.0030195009  -0.0174120718   0.0201056812   0.0118427244  -0.0009663598
       -0.0025943431  -0.0024510282   0.0007826903  -0.0005079320   0.0003995428
        0.0001392967   0.0000647080  -0.0000099004  -0.0012597216  -0.0009401366
        0.0007006593   0.0000766562   0.0001031245   0.0000030740  -0.0000542265
        0.0000263079   0.0000058631  -0.0000712276   0.0001217771  -0.0002550939
        0.0978856998  -0.1868716370  -0.0676839808   0.0070516353  -0.0159082036
       -0.0100861674   0.0003756761   0.0001568296   0.0004534108  -0.0000633392
       -0.0001268229  -0.0004644518   0.0000363305   0.0002389185   0.0000675123
       -0.1120764978   0.2143689994   0.0809011663   0.0138142075  -0.0184746165
       -0.0050428854  -0.0040457020   0.0072515310   0.0030859042  -0.0023406968
       -0.0016825690  -0.0030259180   0.0004245099   0.0007481604   0.0008076078
        0.0001870003   0.0001547940   0.0001306650  -0.0012381611   0.0000688422
        0.0008959484   0.0000776821  -0.0000503557   0.0000803628   0.0000338177
        0.0000115395   0.0000125842  -0.0001221624   0.0001145901  -0.0001317584
        0.0461076153  -0.0669109740  -0.0762693390   0.0083621252  -0.0172170336
       -0.0094935568   0.0005360509   0.0004522307   0.0001039105   0.0003544519
        0.0004422253   0.0005323449  -0.0000596096  -0.0001525473   0.0000534240
       -0.0535225086   0.0809011663   0.0876086977  -0.0131559469   0.0187886968
        0.0075849404   0.0127267105  -0.0133913911  -0.0075320261  -0.0025575290
       -0.0031444974  -0.0026450179   0.0007624408  -0.0004060771   0.0002856589
       -0.0000170191   0.0000350707  -0.0000885114   0.0006174614   0.0003416450
        0.0002307054   0.0000281447   0.0000677706  -0.0000895087   0.0000727948
        0.0000620291  -0.0000434759  -0.0002551824   0.0001316859  -0.0002382461
       -0.0689496349   0.0465113752  -0.0572174612  -0.0083641780   0.0084255575
       -0.0168113945   0.0015928833   0.0012959534   0.0009430312  -0.0003117668
       -0.0001683276  -0.0004054519  -0.0000337171   0.0000128607   0.0001751940
       -0.0069134669   0.0138142075  -0.0131559469   0.0775788036  -0.0532925351
        0.0697937180   0.0071185088  -0.0149112880   0.0194378837   0.0003735012
        0.0003525509   0.0005623185  -0.0019021036  -0.0022920780  -0.0034792853
       -0.0000007849   0.0000219939  -0.0000058591  -0.0003989025   0.0003297870
        0.0000184123   0.0001080314   0.0000041876   0.0000781396   0.0000261649
       -0.0000265783   0.0000385669   0.0000766615  -0.0000776666   0.0000281345
        0.0464916985  -0.1258081913   0.1051971524  -0.0049178862   0.0091475042
       -0.0113670224   0.0015390479   0.0010833219   0.0000809654  -0.0001419518
        0.0002028608   0.0002804193  -0.0000660069  -0.0000477131  -0.0000162634
        0.0103743163  -0.0184746165   0.0187886968  -0.0532925351   0.1421620560
       -0.1208133580   0.0026609032  -0.0079654751   0.0108194424  -0.0003041583
        0.0006292422  -0.0002053172  -0.0025185914  -0.0007614303  -0.0025507398
       -0.0000253320  -0.0000285465  -0.0000681826   0.0002973905  -0.0001513070
       -0.0000400375  -0.0000041666   0.0000729532  -0.0000460952   0.0000102840
       -0.0000104457   0.0000080119  -0.0001030122  -0.0000502127  -0.0000676721
       -0.0577033858   0.1046454299  -0.1783984744  -0.0100063558   0.0099452750
       -0.0186156393   0.0011316155   0.0004137330   0.0017386500   0.0000529739
       -0.0001203380  -0.0002543020  -0.0000513425   0.0000160571   0.0001528573
        0.0030195009  -0.0050428854   0.0075849404   0.0697937180  -0.1208133580
        0.2067226450  -0.0036239412   0.0131083797  -0.0158134824   0.0001370008
        0.0005692059  -0.0000231311  -0.0027902068  -0.0027095949  -0.0030498960
        0.0000431791   0.0000102537  -0.0000109755  -0.0000786314   0.0000220099
        0.0000294345   0.0000781596   0.0000461178  -0.0000296443  -0.0000053245
       -0.0000099311   0.0000566038   0.0000030402  -0.0000803546  -0.0000895861
       -0.1921455612  -0.0655130695   0.1001175773  -0.0154766480  -0.0077208012
        0.0086770100  -0.0043141503  -0.0035825239  -0.0023117562   0.0002044998
       -0.0006575536  -0.0004026765  -0.0000962780   0.0000126177  -0.0000129244
       -0.0174120718  -0.0040457020   0.0127267105   0.0071185088   0.0026609032
       -0.0036239412   0.2212412870   0.0782201688  -0.1155189868   0.0005846722
        0.0001597993   0.0005152872  -0.0001561563   0.0002576498  -0.0000107093
        0.0000634986   0.0000547687  -0.0000463898   0.0003690283   0.0001904810
       -0.0001665008   0.0000261579  -0.0000102814  -0.0000053244   0.0000474623
        0.0000074009  -0.0000101374  -0.0000542492  -0.0000338578   0.0000727617
       -0.0656386907  -0.0714202266   0.0450087996  -0.0135308054  -0.0065617527
        0.0071750161  -0.0043845673  -0.0035359393  -0.0020485209   0.0002633710
       -0.0000840462  -0.0004449605  -0.0000428676   0.0001338678   0.0000359124
        0.0201056812   0.0072515310  -0.0133913911  -0.0149112880  -0.0079654751
        0.0131083797   0.0782201688   0.0820769112  -0.0503059058  -0.0004749562
       -0.0000975351   0.0005588851   0.0001827555   0.0001660818   0.0001292221
        0.0000509614   0.0001127346   0.0001090801   0.0001673190  -0.0000921608
        0.0001120636   0.0000265688  -0.0000105031   0.0000099315  -0.0000073950
        0.0000149286   0.0000054739  -0.0000262555   0.0000115839  -0.0000619859
        0.1006303606   0.0454619443  -0.1082215908  -0.0122493238  -0.0058410662
        0.0074624012  -0.0034198693  -0.0035166277  -0.0008299533  -0.0001749498
        0.0000484191  -0.0002477639  -0.0000184680   0.0000820071   0.0001337983
        0.0118427244   0.0030859042  -0.0075320261   0.0194378837   0.0108194424
       -0.0158134824  -0.1155189868  -0.0503059058   0.1239825829  -0.0005020051
        0.0000556877   0.0006922416  -0.0001055860  -0.0001244588   0.0001747861
       -0.0000087607   0.0000713454   0.0000708009   0.0000527236   0.0001893614
        0.0001107900   0.0000385613  -0.0000080398   0.0000566283  -0.0000101362
       -0.0000054510   0.0000043076   0.0000058321  -0.0000125624  -0.0000435203
        0.0069708751  -0.0110596616  -0.0073564597  -0.1061560190   0.0908286609
        0.0506056649  -0.0252649073   0.0132296860   0.0172233356  -0.0031319018
       -0.0028759341   0.0032407969   0.0000714366  -0.0001161916   0.0001450140
       -0.0009663598  -0.0023406968  -0.0025575290   0.0003735012  -0.0003041583
        0.0001370008   0.0005846722  -0.0004749562  -0.0005020051   0.1372404216
       -0.1008936831  -0.0657617253  -0.0089272305   0.0140063031   0.0043269671
       -0.0009503768   0.0004823427   0.0007246108  -0.0000461246  -0.0002689104
       -0.0002429023  -0.0000007455   0.0000252373   0.0000431609   0.0000634691
       -0.0000510168  -0.0000088236   0.0001392895  -0.0001870211  -0.0000171061
        0.0061028729  -0.0153756487  -0.0105992823   0.0945742321  -0.1604857838
       -0.0695488088  -0.0083606009   0.0102478122   0.0060387032  -0.0023208293
       -0.0002923699   0.0017182874   0.0000549583   0.0000362591  -0.0000993005
       -0.0025943431  -0.0016825690  -0.0031444974   0.0003525509   0.0006292422
        0.0005692059   0.0001597993  -0.0000975351   0.0000556877  -0.1008936831
        0.1832903926   0.0805554829   0.0136742994  -0.0167574073  -0.0060711538
       -0.0004826761   0.0002556091   0.0004033492  -0.0001251150  -0.0000071725
        0.0002387585  -0.0000220129  -0.0000285414  -0.0000102582  -0.0000547386
        0.0001127829  -0.0000712791  -0.0000647138   0.0001549296  -0.0000348946
        0.0085969764  -0.0179780580  -0.0104461134   0.0489744688  -0.0673415640
       -0.0825674190   0.0186269561  -0.0095300413  -0.0114362158   0.0024480472
        0.0024459118  -0.0011273123  -0.0001903644   0.0001588759   0.0001712889
       -0.0024510282  -0.0030259180  -0.0026450179   0.0005623185  -0.0002053172
       -0.0000231311   0.0005152872   0.0005588851   0.0006922416  -0.0657617253
        0.0805554829   0.1000819876  -0.0117883955   0.0148108560   0.0077533588
        0.0007243688  -0.0004030332  -0.0005358733  -0.0001947753   0.0001253751
        0.0001110917  -0.0000058054   0.0000681193  -0.0000109679  -0.0000464403
       -0.0001090198   0.0000706663  -0.0000098884  -0.0001305545  -0.0000885842
       -0.0089236787   0.0077335854  -0.0149454458  -0.0804018573   0.0569443853
       -0.0632822914   0.0044421132  -0.0204777176   0.0207117953   0.0010757632
       -0.0001747219   0.0008200918  -0.0009968930   0.0002886202  -0.0000946429
        0.0007826903   0.0004245099   0.0007624408  -0.0019021036  -0.0025185914
       -0.0027902068  -0.0001561563   0.0001827555  -0.0001055860  -0.0089272305
        0.0136742994  -0.0117883955   0.0965333264  -0.0569852080   0.0704033111
       -0.0000460735   0.0001252072  -0.0001947371  -0.0001902867   0.0000095246
       -0.0000882185  -0.0003989739  -0.0002973181  -0.0000787724   0.0003689994
       -0.0001673662   0.0000526223  -0.0012596390   0.0012380358   0.0006180351
       -0.0063106446   0.0074607773  -0.0107849055   0.0570753944  -0.1105287366
        0.0821503143  -0.0068034000  -0.0205216753   0.0220765514   0.0004337095
        0.0010208592  -0.0011009218   0.0004469738   0.0007259475  -0.0004239614
       -0.0005079320   0.0007481604  -0.0004060771  -0.0022920780  -0.0007614303
       -0.0027095949   0.0002576498   0.0001660818  -0.0001244588   0.0140063031
       -0.0167574073   0.0148108560  -0.0569852080   0.1387139204  -0.1027505157
        0.0002690078  -0.0000069708  -0.0001254505  -0.0000094852  -0.0000856369
       -0.0000585287  -0.0003298085  -0.0001512025  -0.0000221391  -0.0001904142
       -0.0000920058  -0.0001894619   0.0009399320   0.0000693189  -0.0003417063
       -0.0138795695   0.0095202300  -0.0179468528  -0.0642185667   0.0787294729
       -0.1406521149   0.0077754002   0.0227003583  -0.0193121298  -0.0016006065
        0.0007744204   0.0006550036   0.0000618180  -0.0001404554   0.0005934045
        0.0003995428   0.0008076078   0.0002856589  -0.0034792853  -0.0025507398
       -0.0030498960  -0.0000107093   0.0001292221   0.0001747861   0.0043269671
       -0.0060711538   0.0077533588   0.0704033111  -0.1027505157   0.1713186637
       -0.0002427740  -0.0002388490   0.0001108814  -0.0000882010   0.0000585826
       -0.0003009145   0.0000182756   0.0000399689   0.0000294259  -0.0001666109
       -0.0001121721   0.0001107020   0.0007010084  -0.0008959773   0.0002300232
        0.0000714418   0.0001160836   0.0001451211  -0.0031316162   0.0028744589
        0.0032420930  -0.0252658508  -0.0132359384   0.0172161331  -0.1061684369
       -0.0908583215   0.0505634101   0.0069709592   0.0110617720  -0.0073501255
        0.0001392967   0.0001870003  -0.0000170191  -0.0000007849  -0.0000253320
        0.0000431791   0.0000634986   0.0000509614  -0.0000087607  -0.0009503768
       -0.0004826761   0.0007243688  -0.0000460735   0.0002690078  -0.0002427740
        0.1372548832   0.1009305568  -0.0657150462  -0.0089292118  -0.0140089482
        0.0043202502   0.0003735052   0.0003041137   0.0001371342   0.0005847102
        0.0004752926  -0.0005018220  -0.0009659441   0.0023419691  -0.0025561421
       -0.0000548491   0.0000363149   0.0000991885   0.0023198026  -0.0002905428
       -0.0017180437   0.0083536865   0.0102459259  -0.0060288716  -0.0946031002
       -0.1605438312   0.0695054262  -0.0061089039  -0.0153907520   0.0105970895
        0.0000647080   0.0001547940   0.0000350707   0.0000219939  -0.0000285465
        0.0000102537   0.0000547687   0.0001127346   0.0000713454   0.0004823427
        0.0002556091  -0.0004030332   0.0001252072  -0.0000069708  -0.0002388490
        0.1009305568   0.1833603910  -0.0805082370  -0.0136688258  -0.0167512245
        0.0060582986  -0.0003527979   0.0006293853  -0.0005688357  -0.0001601001
       -0.0000972701  -0.0000560574   0.0025955106  -0.0016860169   0.0031452550
       -0.0001903833  -0.0001588894   0.0001712291   0.0024491637  -0.0024456010
       -0.0011293324   0.0186316583   0.0095399042  -0.0114344998   0.0489301957
        0.0672983575  -0.0824967162   0.0085950211   0.0179749554  -0.0104315762
       -0.0000099004   0.0001306650  -0.0000885114  -0.0000058591  -0.0000681826
       -0.0000109755  -0.0000463898   0.0001090801   0.0000708009   0.0007246108
        0.0004033492  -0.0005358733  -0.0001947371  -0.0001254505   0.0001108814
       -0.0657150462  -0.0805082370   0.0999990430  -0.0117962998  -0.0148227886
        0.0077487654   0.0005622190   0.0002056491  -0.0000233286   0.0005151916
       -0.0005593689   0.0006919628  -0.0024494444   0.0030265576  -0.0026418692
       -0.0009969349  -0.0002884253  -0.0000947621   0.0010757674   0.0001743031
        0.0008202595   0.0044437566   0.0204657245   0.0207209661  -0.0804084379
       -0.0569134876  -0.0633162477  -0.0089235496  -0.0077248307  -0.0149487035
       -0.0012597216  -0.0012381611   0.0006174614  -0.0003989025   0.0002973905
       -0.0000786314   0.0003690283   0.0001673190   0.0000527236  -0.0000461246
       -0.0001251150  -0.0001947753  -0.0001902867  -0.0000094852  -0.0000882010
       -0.0089292118  -0.0136688258  -0.0117962998   0.0965399056   0.0569510949
        0.0704383588  -0.0019017785   0.0025200569  -0.0027887230  -0.0001562108
       -0.0001826573  -0.0001056560   0.0007827008  -0.0004249010   0.0007622306
       -0.0004468686   0.0007257283   0.0004240008  -0.0004328763   0.0010207254
        0.0011010538   0.0067980820  -0.0205004988  -0.0220784146  -0.0570441008
       -0.1104392631  -0.0821308571   0.0063187403   0.0074601800   0.0107989998
       -0.0009401366   0.0000688422   0.0003416450   0.0003297870  -0.0001513070
        0.0000220099   0.0001904810  -0.0000921608   0.0001893614  -0.0002689104
       -0.0000071725   0.0001253751   0.0000095246  -0.0000856369   0.0000585826
       -0.0140089482  -0.0167512245  -0.0148227886   0.0569510949   0.1386017942
        0.1027292332   0.0022939507  -0.0007644332   0.0027109486  -0.0002576030
        0.0001660768   0.0001244684   0.0005077834   0.0007483499   0.0004063818
        0.0000616033   0.0001405197   0.0005936359  -0.0016008861  -0.0007741619
        0.0006551773   0.0077775374  -0.0227013412  -0.0193348021  -0.0642523566
       -0.0787098687  -0.1407352861  -0.0138768675  -0.0095063486  -0.0179463658
        0.0007006593   0.0008959484   0.0002307054   0.0000184123  -0.0000400375
        0.0000294345  -0.0001665008   0.0001120636   0.0001107900  -0.0002429023
        0.0002387585   0.0001110917  -0.0000882185  -0.0000585287  -0.0003009145
        0.0043202502   0.0060582986   0.0077487654   0.0704383588   0.1027292332
        0.1714247734  -0.0034779737   0.0025520844  -0.0030472022  -0.0000108611
       -0.0001292030   0.0001747512   0.0003997454  -0.0008074168   0.0002854460
       -0.0000337255  -0.0000129235   0.0001751847  -0.0003117920   0.0001685484
       -0.0004053979   0.0015928743  -0.0012966573   0.0009423559  -0.0083640343
       -0.0084156555  -0.0168149812  -0.0689527906  -0.0464834229  -0.0572454494
        0.0000766562   0.0000776821   0.0000281447   0.0001080314  -0.0000041666
        0.0000781596   0.0000261579   0.0000265688   0.0000385613  -0.0000007455
       -0.0000220129  -0.0000058054  -0.0003989739  -0.0003298085   0.0000182756
        0.0003735052  -0.0003527979   0.0005622190  -0.0019017785   0.0022939507
       -0.0034779737   0.0775821305   0.0532582555   0.0698256217   0.0071189723
        0.0149005234   0.0194453432  -0.0069144874  -0.0138080838  -0.0131642581
        0.0000660397  -0.0000478258   0.0000161773   0.0001419573   0.0002029169
       -0.0002802225  -0.0015399118   0.0010841286  -0.0000813342   0.0049239298
        0.0091469232   0.0113824714  -0.0464634296  -0.1256938894  -0.1051671711
        0.0001031245  -0.0000503557   0.0000677706   0.0000041876   0.0000729532
        0.0000461178  -0.0000102814  -0.0000105031  -0.0000080398   0.0000252373
       -0.0000285414   0.0000681193  -0.0002973181  -0.0001512025   0.0000399689
        0.0003041137   0.0006293853   0.0002056491   0.0025200569  -0.0007644332
        0.0025520844   0.0532582555   0.1420301538   0.1207765138  -0.0026596532
       -0.0079536373  -0.0108163757  -0.0103763081  -0.0184660724  -0.0188017294
       -0.0000512930  -0.0000161514   0.0001528594   0.0000530672   0.0001205869
       -0.0002544053   0.0011308172  -0.0004140112   0.0017385084  -0.0100041737
       -0.0099304498  -0.0186152203  -0.0577313044  -0.1046154434  -0.1785090574
        0.0000030740   0.0000803628  -0.0000895087   0.0000781396  -0.0000460952
       -0.0000296443  -0.0000053244   0.0000099315   0.0000566283   0.0000431609
       -0.0000102582  -0.0000109679  -0.0000787724  -0.0000221391   0.0000294259
        0.0001371342  -0.0005688357  -0.0000233286  -0.0027887230   0.0027109486
       -0.0030472022   0.0698256217   0.1207765138   0.2068499251  -0.0036257165
       -0.0131039065  -0.0158257527   0.0030142927   0.0050289469   0.0075777403
       -0.0000962719  -0.0000126110  -0.0000129369   0.0002045364   0.0006577435
       -0.0004023212  -0.0043135932   0.0035837112  -0.0023098053  -0.0154754346
        0.0077167172   0.0086803370  -0.1921415030   0.0654681354   0.1001480393
       -0.0000542265   0.0000338177   0.0000727948   0.0000261649   0.0000102840
       -0.0000053245   0.0000474623  -0.0000073950  -0.0000101362   0.0000634691
       -0.0000547386  -0.0000464403   0.0003689994  -0.0001904142  -0.0001666109
        0.0005847102  -0.0001601001   0.0005151916  -0.0001562108  -0.0002576030
       -0.0000108611   0.0071189723  -0.0026596532  -0.0036257165   0.2212362260
       -0.0781683151  -0.1155555898  -0.0174133004   0.0040404213   0.0127293800
        0.0000428950   0.0001339111  -0.0000359232  -0.0002632913  -0.0000843045
        0.0004451053   0.0043863788  -0.0035392154   0.0020472950   0.0135377414
       -0.0065622463  -0.0071826063   0.0655934658  -0.0713802972  -0.0449941687
        0.0000263079   0.0000115395   0.0000620291  -0.0000265783  -0.0000104457
       -0.0000099311   0.0000074009   0.0000149286  -0.0000054510  -0.0000510168
        0.0001127829  -0.0001090198  -0.0001673662  -0.0000920058  -0.0001121721
        0.0004752926  -0.0000972701  -0.0005593689  -0.0001826573   0.0001660768
       -0.0001292030   0.0149005234  -0.0079536373  -0.0131039065  -0.0781683151
        0.0820330890   0.0502892535  -0.0201107807   0.0072470945   0.0133980678
       -0.0000184362  -0.0000820276   0.0001337604  -0.0001750446  -0.0000482831
       -0.0002476108  -0.0034173840   0.0035153533  -0.0008271165  -0.0122422278
        0.0058345235   0.0074617070   0.1006608377  -0.0454474052  -0.1082655658
        0.0000058631   0.0000125842  -0.0000434759   0.0000385669   0.0000080119
        0.0000566038  -0.0000101374   0.0000054739   0.0000043076  -0.0000088236
       -0.0000712791   0.0000706663   0.0000526223  -0.0001894619   0.0001107020
       -0.0005018220  -0.0000560574   0.0006919628  -0.0001056560   0.0001244684
        0.0001747512   0.0194453432  -0.0108163757  -0.0158257527  -0.1155555898
        0.0502892535   0.1240313719   0.0118318880  -0.0030787785  -0.0075263110
       -0.0001131563   0.0001435115  -0.0000332574  -0.0008565002   0.0004397188
        0.0001643000   0.0004961503  -0.0008445206   0.0002145028   0.0094168274
        0.0122758434  -0.0062678618  -0.1082929891  -0.0973652268   0.0461490829
       -0.0000712276  -0.0001221624  -0.0002551824   0.0000766615  -0.0001030122
        0.0000030402  -0.0000542492  -0.0000262555   0.0000058321   0.0001392895
       -0.0000647138  -0.0000098884  -0.0012596390   0.0009399320   0.0007010084
       -0.0009659441   0.0025955106  -0.0024494444   0.0007827008   0.0005077834
        0.0003997454  -0.0069144874  -0.0103763081   0.0030142927  -0.0174133004
       -0.0201107807   0.0118318880   0.1250298636   0.1121106805  -0.0534680581
       -0.0000362760   0.0002388395  -0.0000673967   0.0000632075  -0.0001268512
        0.0004640519  -0.0003759168   0.0001572420  -0.0004533676  -0.0070575261
       -0.0159226203   0.0100830640  -0.0979148420  -0.1869311521   0.0676225751
        0.0001217771   0.0001145901   0.0001316859  -0.0000776666  -0.0000502127
       -0.0000803546  -0.0000338578   0.0000115839  -0.0000125624  -0.0001870211
        0.0001549296  -0.0001305545   0.0012380358   0.0000693189  -0.0008959773
        0.0023419691  -0.0016860169   0.0030265576  -0.0004249010   0.0007483499
       -0.0008074168  -0.0138080838  -0.0184660724   0.0050289469   0.0040404213
        0.0072470945  -0.0030787785   0.1121106805   0.2144409771  -0.0808304730
       -0.0000596266   0.0001526316   0.0000535012   0.0003544425  -0.0004426090
        0.0005323485   0.0005358603  -0.0004523414   0.0001034512   0.0083596604
        0.0172133599  -0.0094793234   0.0460597799   0.0668494739  -0.0761981482
       -0.0002550939  -0.0001317584  -0.0002382461   0.0000281345  -0.0000676721
       -0.0000895861   0.0000727617  -0.0000619859  -0.0000435203  -0.0000171061
       -0.0000348946  -0.0000885842   0.0006180351  -0.0003417063   0.0002300232
       -0.0025561421   0.0031452550  -0.0026418692   0.0007622306   0.0004063818
        0.0002854460  -0.0131642581  -0.0188017294   0.0075777403   0.0127293800
        0.0133980678  -0.0075263110  -0.0534680581  -0.0808304730   0.0875230780
