           1           2   1.01061391734461     
           2           3  0.972748863852514     
           3           4  0.972748953374708     
           4           5   1.01061387023869     
           1           6  0.984946723392772     
           1           7  0.986508091773644     
           1           8  0.983922427619041     
           2           9  0.971029356460595     
           2          10  0.968715148393551     
           4          11  0.971029368575783     
           4          12  0.968715150914944     
           5          13  0.986508016261293     
           5          14  0.983922429557103     
           5          15  0.984946842158176     
