$hessian                                                                        
        0.4694159056   0.0222135565  -0.0102278419  -0.1796308512   0.0487987411
       -0.0214191200  -0.0249110231   0.0063704935   0.0023859660  -0.0023366332
       -0.0009482307   0.0030401154   0.0002464651  -0.0000378889   0.0000756457
       -0.0737896960  -0.0291686699  -0.0749777242  -0.0430351907  -0.0126229028
        0.0003006923  -0.1281151130  -0.0438048032   0.1076348681  -0.0027548518
        0.0033592327  -0.0003328799  -0.0156665695   0.0050543838  -0.0050912344
        0.0005731270   0.0005767101  -0.0006940404   0.0010534432   0.0001182318
       -0.0007572840  -0.0011639392   0.0003559116  -0.0000128327   0.0000038766
       -0.0003047338   0.0000928931   0.0001110502   0.0000399681  -0.0000172232
        0.0222135565   0.5127331775   0.0026267090   0.0482136605  -0.0880461441
        0.0073533215  -0.0048398479   0.0022942022  -0.0012628549  -0.0009703641
       -0.0002341206   0.0009423323   0.0001020518   0.0001140730   0.0000822062
       -0.0289586195  -0.0700713853  -0.0675893011  -0.0127852170  -0.2817729155
        0.0019359382  -0.0436101395  -0.0649275265   0.0523433899   0.0293252630
       -0.0157255524   0.0047999628  -0.0070153100   0.0038348301  -0.0014424601
       -0.0010785651   0.0010877334   0.0001175038   0.0000297130   0.0001640169
        0.0000530236  -0.0004173803   0.0003204999   0.0000083286  -0.0001737564
        0.0002780273   0.0000232132  -0.0000350451  -0.0000489159   0.0000086871
       -0.0102278419   0.0026267090   0.5212821679  -0.0207647668   0.0073513367
       -0.0687967511   0.0196998240  -0.0066723204   0.0008870130   0.0027373089
        0.0010209115  -0.0033077102   0.0000147774  -0.0001455020   0.0004044726
       -0.0751189319  -0.0676089924  -0.2250000380   0.0000820870   0.0020890580
       -0.0450668548   0.1073714114   0.0524354287  -0.1769966649  -0.0008832804
        0.0005770455   0.0007417559  -0.0255794900   0.0093174146  -0.0056457855
        0.0001621662  -0.0005998719   0.0004462013   0.0011060057  -0.0001322315
        0.0010829361   0.0013869934  -0.0003701500   0.0000130622   0.0000432505
       -0.0000108957  -0.0000543154  -0.0000295134   0.0001220599   0.0000105109
       -0.1796308512   0.0482136605  -0.0207647668   0.4698132644   0.0084847753
        0.0252426830  -0.1079659877  -0.0251519983   0.0572176771  -0.0262758411
       -0.0045038718   0.0186517807  -0.0000339031  -0.0001853490   0.0012597050
       -0.0155746127   0.0045171134  -0.0062281017  -0.0017806487   0.0042047936
       -0.0003375841  -0.0218666490   0.0073789429  -0.0006374642  -0.0425479811
       -0.0136990402  -0.0013758053  -0.0719614819  -0.0285098953  -0.0737372832
       -0.0032443087  -0.0034976658   0.0039409361   0.0046540222   0.0022772529
       -0.0042439409  -0.0054425371   0.0016584070   0.0001420764   0.0011793959
       -0.0011571291   0.0006128474   0.0006781198  -0.0000299960   0.0002572404
        0.0487987411  -0.0880461441   0.0073513367   0.0084847753   0.5239310527
        0.0179821574  -0.0251004529  -0.0798134201   0.0278219539   0.0052174122
        0.0021120279  -0.0067782875   0.0000245402   0.0005856276  -0.0000010953
       -0.0076469760   0.0039904394  -0.0008051892   0.0291935869  -0.0161826479
        0.0050374710  -0.0067777335   0.0030821225  -0.0009699247  -0.0143529791
       -0.2687651788   0.0015031869  -0.0285093750  -0.0721036887  -0.0662746072
       -0.0191156859  -0.0129135696   0.0231911845   0.0055338322   0.0033176794
       -0.0070252333   0.0031376251  -0.0000700613  -0.0001885025   0.0013171739
        0.0009995763  -0.0008996072  -0.0002044844  -0.0001238154   0.0000551565
       -0.0214191200   0.0073533215  -0.0687967511   0.0252426830   0.0179821574
        0.5011920000   0.0565225148   0.0273926642  -0.1401436401   0.0038509116
       -0.0018565639   0.0024027954  -0.0005292552   0.0003020872   0.0002214739
       -0.0259691633   0.0095041608  -0.0064652930  -0.0004561613   0.0009588522
        0.0002868882   0.0208764394  -0.0076870302   0.0021950293  -0.0010491070
        0.0022926494  -0.0455952895  -0.0746064161  -0.0670580164  -0.2176618262
        0.0030800932   0.0036320750  -0.0023919280   0.0166134968   0.0070048448
       -0.0264762318  -0.0014613386   0.0004576670   0.0010719423  -0.0007970244
       -0.0000946581   0.0003155740   0.0001014470  -0.0001842108  -0.0001547433
       -0.0249110231  -0.0048398479   0.0196998240  -0.1079659877  -0.0251004529
        0.0565225148   0.4596088200   0.0134544602   0.0214744322  -0.1677648049
        0.0433082920  -0.0138024778  -0.0201028389   0.0019456001  -0.0135796054
        0.0008452254  -0.0002474717   0.0009892642   0.0009141075  -0.0007824800
        0.0002171289  -0.0057745647   0.0019006511   0.0000833077  -0.0036109971
       -0.0038188974   0.0044624630   0.0050266522   0.0025618420  -0.0041729988
       -0.0427083696  -0.0127260505  -0.0007384333  -0.0669946218  -0.0272295159
       -0.0688461783  -0.0224436506   0.0079486516   0.0004357975  -0.0030167934
        0.0044063745  -0.0009331017  -0.0011011531  -0.0007811551  -0.0018119370
        0.0063704935   0.0022942022  -0.0066723204  -0.0251519983  -0.0798134201
        0.0273926642   0.0134544602   0.5260657548   0.0219586531   0.0472092628
       -0.0875075271   0.0081831833  -0.0129552706   0.0072112337  -0.0033084123
       -0.0002274424   0.0001888300  -0.0000587597   0.0010465456   0.0009129203
       -0.0007694065   0.0028552335  -0.0001361972  -0.0002251952  -0.0195041302
       -0.0133267588   0.0239644964   0.0051793736   0.0032426729  -0.0070206656
       -0.0136376470  -0.2733280338   0.0032440214  -0.0264375694  -0.0722434324
       -0.0696040885  -0.0054459236   0.0028710682  -0.0000665765   0.0284679654
       -0.0158723727   0.0051990857  -0.0012233532  -0.0005589399  -0.0022166793
        0.0023859660  -0.0012628549   0.0008870130   0.0572176771   0.0278219539
       -0.1401436401   0.0214744322   0.0219586531   0.5062602461  -0.0125850408
        0.0066483772  -0.0654845536  -0.0307330636   0.0069586323  -0.0095890122
       -0.0011457954   0.0001140465   0.0011966332  -0.0005507112   0.0000184989
        0.0003236787  -0.0013721336   0.0002146346   0.0009606442   0.0030039896
        0.0034250461  -0.0025937390   0.0173067969   0.0070013394  -0.0269287531
       -0.0007756783   0.0035500263  -0.0444722414  -0.0676484870  -0.0702016269
       -0.2183911502   0.0211550042  -0.0077360361   0.0015147043  -0.0042880748
        0.0031473417   0.0003999491  -0.0034448815  -0.0016580323  -0.0039397790
       -0.0023366332  -0.0009703641   0.0027373089  -0.0262758411   0.0052174122
        0.0038509116  -0.1677648049   0.0472092628  -0.0125850408   0.4591731468
       -0.0021592225  -0.0307881707  -0.0799478255  -0.0074618407  -0.0326234224
        0.0001905711   0.0000079610   0.0003491093  -0.0001141801  -0.0003147069
        0.0001148570  -0.0010362392   0.0004842948  -0.0000935101   0.0004770533
        0.0004774971  -0.0004397074   0.0004794830   0.0001763890  -0.0006076078
       -0.0030083454   0.0039721117  -0.0008428038  -0.0115033102   0.0038276345
       -0.0037364164  -0.1123836680  -0.0287167401   0.0959850824  -0.0429312111
       -0.0060313251   0.0048972438  -0.0130181953  -0.0157183637  -0.0262178337
       -0.0009482307  -0.0002341206   0.0010209115  -0.0045038718   0.0021120279
       -0.0018565639   0.0433082920  -0.0875075271   0.0066483772  -0.0021592225
        0.4839267609  -0.0260134595  -0.0197011201  -0.0919147128  -0.0700796060
       -0.0000001296  -0.0000537949  -0.0001080678  -0.0000746964   0.0001965193
        0.0000242046  -0.0005369007   0.0003247479   0.0001420577  -0.0017467175
        0.0006313218   0.0002365628   0.0001226957   0.0004027667  -0.0002452529
        0.0302600419  -0.0168666972   0.0052278844  -0.0092414004   0.0033652202
       -0.0028956985  -0.0287585736  -0.0571394685   0.0416826755  -0.0066663807
       -0.2404762989   0.0365568825   0.0006462143   0.0032332554   0.0096590924
        0.0030401154   0.0009423323  -0.0033077102   0.0186517807  -0.0067782875
        0.0024027954  -0.0138024778   0.0081831833  -0.0654845536  -0.0307881707
       -0.0260134595   0.4448549923  -0.0463691963  -0.0606238048  -0.1582402773
       -0.0000675157  -0.0000002170  -0.0000595830  -0.0001178948   0.0000578471
        0.0000400194   0.0013668122  -0.0002786367   0.0000655612   0.0001649556
       -0.0002689761   0.0005070838   0.0005891813  -0.0006989568  -0.0000281766
       -0.0019814906   0.0012365737   0.0005862172  -0.0243111397   0.0079843939
       -0.0070948892   0.0946136903   0.0409597042  -0.1585246705   0.0046295732
        0.0369920285  -0.0459131549  -0.0056182233  -0.0016937244  -0.0098036540
        0.0002464651   0.0001020518   0.0000147774  -0.0000339031   0.0000245402
       -0.0005292552  -0.0201028389  -0.0129552706  -0.0307330636  -0.0799478255
       -0.0197011201  -0.0463691963   0.4582169075  -0.1286421829   0.1259609007
        0.0000560041  -0.0000064501  -0.0001297596   0.0000359517   0.0001016359
       -0.0000553308   0.0001980295  -0.0000919072   0.0001351547   0.0002938854
       -0.0002823644  -0.0002848641  -0.0003007677   0.0000009967   0.0001160498
        0.0019882748  -0.0003493165   0.0006092146  -0.0071760329   0.0021368984
       -0.0027332566   0.0081170380   0.0060093959   0.0042284676  -0.0019021673
       -0.0097634272  -0.0085090078  -0.3596890206   0.1634165201  -0.0417208308
       -0.0000378889   0.0001140730  -0.0001455020  -0.0001853490   0.0005856276
        0.0003020872   0.0019456001   0.0072112337   0.0069586323  -0.0074618407
       -0.0919147128  -0.0606238048  -0.1286421829   0.1867276018   0.0966547099
       -0.0000493414  -0.0000016920   0.0000001466  -0.0000495679   0.0000328612
       -0.0000038182   0.0000374667  -0.0000365172  -0.0000501344   0.0004839857
        0.0001451584  -0.0001318627   0.0001547819  -0.0004159949  -0.0001075926
       -0.0007046049   0.0009861571   0.0003017289   0.0027868037  -0.0001215892
        0.0011342994   0.0013852175   0.0031525925  -0.0077764123  -0.0157644027
       -0.0245795647  -0.0358717334   0.1461013229  -0.0818852345  -0.0006407437
        0.0000756457   0.0000822062   0.0004044726   0.0012597050  -0.0000010953
        0.0002214739  -0.0135796054  -0.0033084123  -0.0095890122  -0.0326234224
       -0.0700796060  -0.1582402773   0.1259609007   0.0966547099   0.2527800104
        0.0001952154   0.0000334781   0.0000110489   0.0001018352   0.0000043380
       -0.0001033726  -0.0000231248  -0.0000948853   0.0000936103   0.0000298775
       -0.0003701531  -0.0002695569  -0.0001482030   0.0004534281   0.0009111358
        0.0018628295  -0.0000279884   0.0004067781  -0.0019026328   0.0008820013
        0.0000010308  -0.0101699077  -0.0185494496  -0.0467718792  -0.0074458962
       -0.0172326075  -0.0089479112  -0.0635932166   0.0115540356  -0.0309075514
       -0.0737896960  -0.0289586195  -0.0751189319  -0.0155746127  -0.0076469760
       -0.0259691633   0.0008452254  -0.0002274424  -0.0011457954   0.0001905711
       -0.0000001296  -0.0000675157   0.0000560041  -0.0000493414   0.0001952154
        0.0879949254   0.0317887782   0.0895837575  -0.0005356382  -0.0027524554
       -0.0033121176   0.0064310890   0.0056365510   0.0169761260   0.0008360256
       -0.0005213650   0.0000005440  -0.0060675213   0.0025382644  -0.0017990872
       -0.0000627527  -0.0000956984  -0.0000319740  -0.0003841956   0.0002781451
        0.0006516434   0.0000406549  -0.0000450944   0.0000417095   0.0000560224
       -0.0000207994  -0.0000471762  -0.0000361014   0.0000761828   0.0000427653
       -0.0291686699  -0.0700713853  -0.0676089924   0.0045171134   0.0039904394
        0.0095041608  -0.0002474717   0.0001888300   0.0001140465   0.0000079610
       -0.0000537949  -0.0000002170  -0.0000064501  -0.0000016920   0.0000334781
        0.0317887782   0.0778813958   0.0786372378  -0.0122217352  -0.0156773721
       -0.0305654422   0.0026859643   0.0032881169   0.0084519941   0.0002388519
        0.0004870995   0.0007141135   0.0025663208   0.0000830602   0.0007553532
       -0.0000583455  -0.0002810504  -0.0001592046  -0.0001299153   0.0001816751
        0.0000571564  -0.0000398150   0.0000056119   0.0000311733   0.0000347019
       -0.0000191775   0.0000376337   0.0000327112  -0.0000017567  -0.0000024912
       -0.0749777242  -0.0675893011  -0.2250000380  -0.0062281017  -0.0008051892
       -0.0064652930   0.0009892642  -0.0000587597   0.0011966332   0.0003491093
       -0.0001080678  -0.0000595830  -0.0001297596   0.0000001466   0.0000110489
        0.0895837575   0.0786372378   0.2600982436  -0.0008258671  -0.0027900458
       -0.0022499780  -0.0070088074  -0.0085123620  -0.0279606734   0.0002762819
        0.0001485892   0.0000451628  -0.0017507521   0.0010880773   0.0002554598
       -0.0000879239  -0.0000686668  -0.0001537715  -0.0002056366  -0.0000099245
        0.0002690379   0.0000079876  -0.0000166529   0.0000422870  -0.0000126446
        0.0000620602  -0.0000372603   0.0000208169   0.0000228588   0.0000087241
       -0.0430351907  -0.0127852170   0.0000820870  -0.0017806487   0.0291935869
       -0.0004561613   0.0009141075   0.0010465456  -0.0005507112  -0.0001141801
       -0.0000746964  -0.0001178948   0.0000359517  -0.0000495679   0.0001018352
       -0.0005356382  -0.0122217352  -0.0008258671   0.0512320292   0.0120802097
        0.0004452350  -0.0018332969  -0.0205499803   0.0016454205  -0.0054127840
        0.0036504868  -0.0008202997   0.0008778236   0.0002889349   0.0002982458
       -0.0004643223  -0.0003003594   0.0001923622  -0.0000554071  -0.0000997894
       -0.0000308178   0.0000560923  -0.0000631513   0.0000022572   0.0000801714
       -0.0001210848   0.0000448419   0.0000352924   0.0000058177  -0.0000105329
       -0.0126229028  -0.2817729155   0.0020890580   0.0042047936  -0.0161826479
        0.0009588522  -0.0007824800   0.0009129203   0.0000184989  -0.0003147069
        0.0001965193   0.0000578471   0.0001016359   0.0000328612   0.0000043380
       -0.0027524554  -0.0156773721  -0.0027900458   0.0120802097   0.3273801524
       -0.0033200437  -0.0032498567  -0.0144679116   0.0023148991   0.0035955089
       -0.0010738386   0.0009205557  -0.0004878925   0.0005011219   0.0000953685
        0.0005176146   0.0003556952  -0.0001965754  -0.0000208726  -0.0002753096
       -0.0000793651  -0.0000107018   0.0000387764  -0.0000537177  -0.0001467982
       -0.0000029052  -0.0000157517  -0.0001110957   0.0000348538  -0.0000039181
        0.0003006923   0.0019359382  -0.0450668548  -0.0003375841   0.0050374710
        0.0002868882   0.0002171289  -0.0007694065   0.0003236787   0.0001148570
        0.0000242046   0.0000400194  -0.0000553308  -0.0000038182  -0.0001033726
       -0.0033121176  -0.0305654422  -0.0022499780   0.0004452350  -0.0033200437
        0.0481643255   0.0035551904   0.0261705526  -0.0018677331  -0.0011020502
        0.0007750534   0.0005807635  -0.0000080926   0.0007056686   0.0000178953
        0.0002886288   0.0001038323   0.0001206099  -0.0000910382  -0.0001371283
       -0.0001718601   0.0000248886  -0.0000132008  -0.0000239041  -0.0000178458
        0.0000603438  -0.0000612141  -0.0000225617  -0.0000040246   0.0000107363
       -0.1281151130  -0.0436101395   0.1073714114  -0.0218666490  -0.0067777335
        0.0208764394  -0.0057745647   0.0028552335  -0.0013721336  -0.0010362392
       -0.0005369007   0.0013668122   0.0001980295   0.0000374667  -0.0000231248
        0.0064310890   0.0026859643  -0.0070088074  -0.0018332969  -0.0032498567
        0.0035551904   0.1513898124   0.0488360705  -0.1250433161   0.0006156747
       -0.0001908792   0.0003060536   0.0003688336  -0.0004595269   0.0002999765
        0.0001591653   0.0001905546  -0.0001530606   0.0000539188   0.0000336086
       -0.0002196694  -0.0005562651   0.0001821177  -0.0000065308   0.0000373585
       -0.0000216648   0.0000252442  -0.0000717539   0.0000256855   0.0000255150
       -0.0438048032  -0.0649275265   0.0524354287   0.0073789429   0.0030821225
       -0.0076870302   0.0019006511  -0.0001361972   0.0002146346   0.0004842948
        0.0003247479  -0.0002786367  -0.0000919072  -0.0000365172  -0.0000948853
        0.0056365510   0.0032881169  -0.0085123620  -0.0205499803  -0.0144679116
        0.0261705526   0.0488360705   0.0725126101  -0.0616355967   0.0003410852
        0.0003179639  -0.0004381984  -0.0004022430   0.0000560285  -0.0001122070
        0.0001935067   0.0000709489  -0.0000298424  -0.0000271484  -0.0000821153
        0.0000002524   0.0001655033  -0.0000586211  -0.0000086389  -0.0000680940
        0.0000525887  -0.0000379926   0.0000075707   0.0000037615   0.0000145220
        0.1076348681   0.0523433899  -0.1769966649  -0.0006374642  -0.0009699247
        0.0021950293   0.0000833077  -0.0002251952   0.0009606442  -0.0000935101
        0.0001420577   0.0000655612   0.0001351547  -0.0000501344   0.0000936103
        0.0169761260   0.0084519941  -0.0279606734   0.0016454205   0.0023148991
       -0.0018677331  -0.1250433161  -0.0616355967   0.2027171916  -0.0000210410
       -0.0003177937   0.0000127086  -0.0003264097   0.0000620463   0.0005453158
       -0.0001720589  -0.0001692394  -0.0000031225  -0.0001951347   0.0001155583
        0.0002452718  -0.0000077309  -0.0000354155  -0.0000119374   0.0000411289
       -0.0000568698   0.0000097032  -0.0000193403   0.0000302242  -0.0000049048
       -0.0027548518   0.0293252630  -0.0008832804  -0.0425479811  -0.0143529791
       -0.0010491070  -0.0036109971  -0.0195041302   0.0030039896   0.0004770533
       -0.0017467175   0.0001649556   0.0002938854   0.0004839857   0.0000298775
        0.0008360256   0.0002388519   0.0002762819  -0.0054127840   0.0035955089
       -0.0011020502   0.0006156747   0.0003410852  -0.0000210410   0.0544192995
        0.0145888199  -0.0015566124  -0.0000231734  -0.0125173104  -0.0016016728
       -0.0022944463  -0.0014560954   0.0033310481   0.0005427101   0.0002792993
       -0.0006102778   0.0002124387   0.0002463931  -0.0001636765  -0.0005280713
        0.0005537707   0.0001321473  -0.0002247822  -0.0000757452   0.0000494181
        0.0033592327  -0.0157255524   0.0005770455  -0.0136990402  -0.2687651788
        0.0022926494  -0.0038188974  -0.0133267588   0.0034250461   0.0004774971
        0.0006313218  -0.0002689761  -0.0002823644   0.0001451584  -0.0003701531
       -0.0005213650   0.0004870995   0.0001485892   0.0036504868  -0.0010738386
        0.0007750534  -0.0001908792   0.0003179639  -0.0003177937   0.0145888199
        0.3133064427  -0.0053197114  -0.0023070246  -0.0162345716  -0.0034046575
       -0.0015475910  -0.0007039379   0.0026844327   0.0004292173   0.0004846852
       -0.0002380824   0.0002336388   0.0001809080  -0.0000264060  -0.0004263273
        0.0003729684  -0.0000594391   0.0000545964  -0.0000967098   0.0001024029
       -0.0003328799   0.0047999628   0.0007417559  -0.0013758053   0.0015031869
       -0.0455952895   0.0044624630   0.0239644964  -0.0025937390  -0.0004397074
        0.0002365628   0.0005070838  -0.0002848641  -0.0001318627  -0.0002695569
        0.0000005440   0.0007141135   0.0000451628  -0.0008202997   0.0009205557
        0.0005807635   0.0003060536  -0.0004381984   0.0000127086  -0.0015566124
       -0.0053197114   0.0512966678  -0.0029365664  -0.0293656752  -0.0022134423
        0.0033768024   0.0025826923  -0.0032770105  -0.0002268198   0.0007763433
        0.0005417149  -0.0002142181  -0.0000389923  -0.0000081689   0.0001372680
       -0.0001879225   0.0002180244  -0.0000953581  -0.0000155511   0.0000133255
       -0.0156665695  -0.0070153100  -0.0255794900  -0.0719614819  -0.0285093750
       -0.0746064161   0.0050266522   0.0051793736   0.0173067969   0.0004794830
        0.0001226957   0.0005891813  -0.0003007677   0.0001547819  -0.0001482030
       -0.0060675213   0.0025663208  -0.0017507521   0.0008778236  -0.0004878925
       -0.0000080926   0.0003688336  -0.0004022430  -0.0003264097  -0.0000231734
       -0.0023070246  -0.0029365664   0.0886881173   0.0314305351   0.0843153571
        0.0004902824   0.0003579225  -0.0002043842  -0.0019903358  -0.0008752862
        0.0036687338   0.0001808069  -0.0000792951  -0.0003386413  -0.0000085847
       -0.0000399016  -0.0000499128  -0.0000935646  -0.0000953017   0.0000687991
        0.0050543838   0.0038348301   0.0093174146  -0.0285098953  -0.0721036887
       -0.0670580164   0.0025618420   0.0032426729   0.0070013394   0.0001763890
        0.0004027667  -0.0006989568   0.0000009967  -0.0004159949   0.0004534281
        0.0025382644   0.0000830602   0.0010880773   0.0002889349   0.0005011219
        0.0007056686  -0.0004595269   0.0000560285   0.0000620463  -0.0125173104
       -0.0162345716  -0.0293656752   0.0314305351   0.0799304893   0.0760398355
        0.0002454337   0.0004036116   0.0007730147  -0.0008667234   0.0005856272
        0.0018387113  -0.0000469648  -0.0001765715   0.0000450175  -0.0000250143
       -0.0002735299  -0.0001320996   0.0001286556   0.0001641482  -0.0000698054
       -0.0050912344  -0.0014424601  -0.0056457855  -0.0737372832  -0.0662746072
       -0.2176618262  -0.0041729988  -0.0070206656  -0.0269287531  -0.0006076078
       -0.0002452529  -0.0000281766   0.0001160498  -0.0001075926   0.0009111358
       -0.0017990872   0.0007553532   0.0002554598   0.0002982458   0.0000953685
        0.0000178953   0.0002999765  -0.0001122070   0.0005453158  -0.0016016728
       -0.0034046575  -0.0022134423   0.0843153571   0.0760398355   0.2550337816
       -0.0005978899  -0.0002337257   0.0004390791   0.0033635122   0.0017550766
       -0.0047354089  -0.0003709635  -0.0001280706   0.0001302605   0.0000130574
       -0.0000773269  -0.0001690004  -0.0004274612   0.0004009323   0.0000494650
        0.0005731270  -0.0010785651   0.0001621662  -0.0032443087  -0.0191156859
        0.0030800932  -0.0427083696  -0.0136376470  -0.0007756783  -0.0030083454
        0.0302600419  -0.0019814906   0.0019882748  -0.0007046049   0.0018628295
       -0.0000627527  -0.0000583455  -0.0000879239  -0.0004643223   0.0005176146
        0.0002886288   0.0001591653   0.0001935067  -0.0001720589  -0.0022944463
       -0.0015475910   0.0033768024   0.0004902824   0.0002454337  -0.0005978899
        0.0528735059   0.0131940335  -0.0025164136   0.0001160478  -0.0118215802
       -0.0013626756   0.0006855833   0.0003827620  -0.0000998953  -0.0054344314
        0.0030907254  -0.0012850841   0.0003309898   0.0000799018   0.0001085901
        0.0005767101   0.0010877334  -0.0005998719  -0.0034976658  -0.0129135696
        0.0036320750  -0.0127260505  -0.2733280338   0.0035500263   0.0039721117
       -0.0168666972   0.0012365737  -0.0003493165   0.0009861571  -0.0000279884
       -0.0000956984  -0.0002810504  -0.0000686668  -0.0003003594   0.0003556952
        0.0001038323   0.0001905546   0.0000709489  -0.0001692394  -0.0014560954
       -0.0007039379   0.0025826923   0.0003579225   0.0004036116  -0.0002337257
        0.0131940335   0.3176110882  -0.0066657437  -0.0019310280  -0.0157762391
       -0.0030868445  -0.0003095371   0.0001011122  -0.0003108055   0.0032847880
       -0.0010368945   0.0002259312  -0.0009103693   0.0002900760  -0.0001682448
       -0.0006940404   0.0001175038   0.0004462013   0.0039409361   0.0231911845
       -0.0023919280  -0.0007384333   0.0032440214  -0.0444722414  -0.0008428038
        0.0052278844   0.0005862172   0.0006092146   0.0003017289   0.0004067781
       -0.0000319740  -0.0001592046  -0.0001537715   0.0001923622  -0.0001965754
        0.0001206099  -0.0001530606  -0.0000298424  -0.0000031225   0.0033310481
        0.0026844327  -0.0032770105  -0.0002043842   0.0007730147   0.0004390791
       -0.0025164136  -0.0066657437   0.0499846912  -0.0024044225  -0.0289696404
       -0.0019247500   0.0003157774  -0.0003569978  -0.0001007185  -0.0009851487
        0.0009341661   0.0003437909   0.0001813428  -0.0000959321  -0.0000038252
        0.0010534432   0.0000297130   0.0011060057   0.0046540222   0.0055338322
        0.0166134968  -0.0669946218  -0.0264375694  -0.0676484870  -0.0115033102
       -0.0092414004  -0.0243111397  -0.0071760329   0.0027868037  -0.0019026328
       -0.0003841956  -0.0001299153  -0.0002056366  -0.0000554071  -0.0000208726
       -0.0000910382   0.0000539188  -0.0000271484  -0.0001951347   0.0005427101
        0.0004292173  -0.0002268198  -0.0019903358  -0.0008667234   0.0033635122
        0.0001160478  -0.0019310280  -0.0024044225   0.0820723494   0.0311473295
        0.0777839270   0.0000077512  -0.0005485912  -0.0005154944   0.0003471907
       -0.0001963912  -0.0000033910  -0.0007435300  -0.0005272558  -0.0013627448
        0.0001182318   0.0001640169  -0.0001322315   0.0022772529   0.0033176794
        0.0070048448  -0.0272295159  -0.0722434324  -0.0702016269   0.0038276345
        0.0033652202   0.0079843939   0.0021368984  -0.0001215892   0.0008820013
        0.0002781451   0.0001816751  -0.0000099245  -0.0000997894  -0.0002753096
       -0.0001371283   0.0000336086  -0.0000821153   0.0001155583   0.0002792993
        0.0004846852   0.0007763433  -0.0008752862   0.0005856272   0.0017550766
       -0.0118215802  -0.0157762391  -0.0289696404   0.0311473295   0.0797775609
        0.0800859385  -0.0004099345   0.0001731892   0.0002254433   0.0001243586
        0.0000941859   0.0002813201   0.0002133473   0.0003548455   0.0003396314
       -0.0007572840   0.0000530236   0.0010829361  -0.0042439409  -0.0070252333
       -0.0264762318  -0.0688461783  -0.0696040885  -0.2183911502  -0.0037364164
       -0.0028956985  -0.0070948892  -0.0027332566   0.0011342994   0.0000010308
        0.0006516434   0.0000571564   0.0002690379  -0.0000308178  -0.0000793651
       -0.0001718601  -0.0002196694   0.0000002524   0.0002452718  -0.0006102778
       -0.0002380824   0.0005417149   0.0036687338   0.0018387113  -0.0047354089
       -0.0013626756  -0.0030868445  -0.0019247500   0.0777839270   0.0800859385
        0.2564304621   0.0002713369  -0.0001642278   0.0006127834   0.0001322002
        0.0002139769  -0.0001214909   0.0000326754  -0.0002898186  -0.0002674558
       -0.0011639392  -0.0004173803   0.0013869934  -0.0054425371   0.0031376251
       -0.0014613386  -0.0224436506  -0.0054459236   0.0211550042  -0.1123836680
       -0.0287585736   0.0946136903   0.0081170380   0.0013852175  -0.0101699077
        0.0000406549  -0.0000398150   0.0000079876   0.0000560923  -0.0000107018
        0.0000248886  -0.0005562651   0.0001655033  -0.0000077309   0.0002124387
        0.0002336388  -0.0002142181   0.0001808069  -0.0000469648  -0.0003709635
        0.0006855833  -0.0003095371   0.0003157774   0.0000077512  -0.0004099345
        0.0002713369   0.1330687770   0.0322721032  -0.1068549593  -0.0013327376
       -0.0022807936   0.0034639824   0.0009536553   0.0005255363  -0.0021605428
        0.0003559116   0.0003204999  -0.0003701500   0.0016584070  -0.0000700613
        0.0004576670   0.0079486516   0.0028710682  -0.0077360361  -0.0287167401
       -0.0571394685   0.0409597042   0.0060093959   0.0031525925  -0.0185494496
       -0.0000450944   0.0000056119  -0.0000166529  -0.0000631513   0.0000387764
       -0.0000132008   0.0001821177  -0.0000586211  -0.0000354155   0.0002463931
        0.0001809080  -0.0000389923  -0.0000792951  -0.0001765715  -0.0001280706
        0.0003827620   0.0001011122  -0.0003569978  -0.0005485912   0.0001731892
       -0.0001642278   0.0322721032   0.0629379327  -0.0400385469  -0.0195275170
       -0.0130455422   0.0256084267  -0.0000753531   0.0007085736   0.0004219426
       -0.0000128327   0.0000083286   0.0000130622   0.0001420764  -0.0001885025
        0.0010719423   0.0004357975  -0.0000665765   0.0015147043   0.0959850824
        0.0416826755  -0.1585246705   0.0042284676  -0.0077764123  -0.0467718792
        0.0000417095   0.0000311733   0.0000422870   0.0000022572  -0.0000537177
       -0.0000239041  -0.0000065308  -0.0000086389  -0.0000119374  -0.0001636765
       -0.0000264060  -0.0000081689  -0.0003386413   0.0000450175   0.0001302605
       -0.0000998953  -0.0003108055  -0.0001007185  -0.0005154944   0.0002254433
        0.0006127834  -0.1068549593  -0.0400385469   0.2079026772   0.0070675189
        0.0065970422  -0.0063408465   0.0000891208  -0.0001200740   0.0004944083
        0.0000038766  -0.0001737564   0.0000432505   0.0011793959   0.0013171739
       -0.0007970244  -0.0030167934   0.0284679654  -0.0042880748  -0.0429312111
       -0.0066663807   0.0046295732  -0.0019021673  -0.0157644027  -0.0074458962
        0.0000560224   0.0000347019  -0.0000126446   0.0000801714  -0.0001467982
       -0.0000178458   0.0000373585  -0.0000680940   0.0000411289  -0.0005280713
       -0.0004263273   0.0001372680  -0.0000085847  -0.0000250143   0.0000130574
       -0.0054344314   0.0032847880  -0.0009851487   0.0003471907   0.0001243586
        0.0001322002  -0.0013327376  -0.0195275170   0.0070675189   0.0534318627
        0.0113410534   0.0018068162   0.0000181187  -0.0017717506  -0.0003241789
       -0.0003047338   0.0002780273  -0.0000108957  -0.0011571291   0.0009995763
       -0.0000946581   0.0044063745  -0.0158723727   0.0031473417  -0.0060313251
       -0.2404762989   0.0369920285  -0.0097634272  -0.0245795647  -0.0172326075
       -0.0000207994  -0.0000191775   0.0000620602  -0.0001210848  -0.0000029052
        0.0000603438  -0.0000216648   0.0000525887  -0.0000568698   0.0005537707
        0.0003729684  -0.0001879225  -0.0000399016  -0.0002735299  -0.0000773269
        0.0030907254  -0.0010368945   0.0009341661  -0.0001963912   0.0000941859
        0.0002139769  -0.0022807936  -0.0130455422   0.0065970422   0.0113410534
        0.2918259588  -0.0302492428   0.0005453265   0.0016829802  -0.0000974361
        0.0000928931   0.0000232132  -0.0000543154   0.0006128474  -0.0008996072
        0.0003155740  -0.0009331017   0.0051990857   0.0003999491   0.0048972438
        0.0365568825  -0.0459131549  -0.0085090078  -0.0358717334  -0.0089479112
       -0.0000471762   0.0000376337  -0.0000372603   0.0000448419  -0.0000157517
       -0.0000612141   0.0000252442  -0.0000379926   0.0000097032   0.0001321473
       -0.0000594391   0.0002180244  -0.0000499128  -0.0001320996  -0.0001690004
       -0.0012850841   0.0002259312   0.0003437909  -0.0000033910   0.0002813201
       -0.0001214909   0.0034639824   0.0256084267  -0.0063408465   0.0018068162
       -0.0302492428   0.0596430298  -0.0002483428  -0.0006666267   0.0007151221
        0.0001110502  -0.0000350451  -0.0000295134   0.0006781198  -0.0002044844
        0.0001014470  -0.0011011531  -0.0012233532  -0.0034448815  -0.0130181953
        0.0006462143  -0.0056182233  -0.3596890206   0.1461013229  -0.0635932166
       -0.0000361014   0.0000327112   0.0000208169   0.0000352924  -0.0001110957
       -0.0000225617  -0.0000717539   0.0000075707  -0.0000193403  -0.0002247822
        0.0000545964  -0.0000953581  -0.0000935646   0.0001286556  -0.0004274612
        0.0003309898  -0.0009103693   0.0001813428  -0.0007435300   0.0002133473
        0.0000326754   0.0009536553  -0.0000753531   0.0000891208   0.0000181187
        0.0005453265  -0.0002483428   0.3728508750  -0.1451700440   0.0730734962
        0.0000399681  -0.0000489159   0.0001220599  -0.0000299960  -0.0001238154
       -0.0001842108  -0.0007811551  -0.0005589399  -0.0016580323  -0.0157183637
        0.0032332554  -0.0016937244   0.1634165201  -0.0818852345   0.0115540356
        0.0000761828  -0.0000017567   0.0000228588   0.0000058177   0.0000348538
       -0.0000040246   0.0000256855   0.0000037615   0.0000302242  -0.0000757452
       -0.0000967098  -0.0000155511  -0.0000953017   0.0001641482   0.0004009323
        0.0000799018   0.0002900760  -0.0000959321  -0.0005272558   0.0003548455
       -0.0002898186   0.0005255363   0.0007085736  -0.0001200740  -0.0017717506
        0.0016829802  -0.0006666267  -0.1451700440   0.0762428780  -0.0074021161
       -0.0000172232   0.0000086871   0.0000105109   0.0002572404   0.0000551565
       -0.0001547433  -0.0018119370  -0.0022166793  -0.0039397790  -0.0262178337
        0.0096590924  -0.0098036540  -0.0417208308  -0.0006407437  -0.0309075514
        0.0000427653  -0.0000024912   0.0000087241  -0.0000105329  -0.0000039181
        0.0000107363   0.0000255150   0.0000145220  -0.0000049048   0.0000494181
        0.0001024029   0.0000133255   0.0000687991  -0.0000698054   0.0000494650
        0.0001085901  -0.0001682448  -0.0000038252  -0.0013627448   0.0003396314
       -0.0002674558  -0.0021605428   0.0004219426   0.0004944083  -0.0003241789
       -0.0000974361   0.0007151221   0.0730734962  -0.0074021161   0.0437796212
