           1           2   1.01955396366870     
           2           3   1.00867774438645     
           3           4   1.00510098819984     
           4           5  0.990801198682720     
           1           6  0.987546548178155     
           1           7  0.987789376561696     
           1           8  0.987076905243133     
           2           9  0.978206777619730     
           2          10  0.977696178508685     
           3          11  0.975772975225058     
           3          12  0.975864002743868     
           4          13  0.971924932287919     
           4          14  0.971663038948930     
           5          15  0.858211524852051     
