$hessian                                                                        
        0.5039736299   0.0166593389   0.0253580510  -0.0973888142   0.0318952616
        0.0492275417  -0.0195781373   0.0098055826   0.0215344795   0.0006349956
       -0.0000612267  -0.0002612548  -0.0004906479  -0.0000065091   0.0003486901
       -0.0438347756   0.0024594787  -0.0017513911  -0.0872074088   0.0195745705
       -0.0916512347  -0.2548588834  -0.0785223531  -0.0000031548   0.0058587199
       -0.0053094200  -0.0082324015  -0.0017562591   0.0036707232   0.0034368174
        0.0009786283   0.0010783546  -0.0001624387  -0.0053793973  -0.0014917069
        0.0014848927  -0.0001713836   0.0001863530   0.0001258034  -0.0008794634
        0.0000536882   0.0006371583   0.0000991970   0.0000078645  -0.0000915583
        0.0166593389   0.5098416915  -0.0217013208   0.0311743751  -0.0963048915
       -0.0457187380  -0.0029513435   0.0038875513   0.0059048819   0.0002453893
       -0.0001736005   0.0001273229  -0.0002124335   0.0001616176   0.0001042215
        0.0023016001  -0.2767658364   0.0378513383   0.0195233322  -0.0538482418
        0.0423833202  -0.0783211998  -0.0725477023   0.0016006545  -0.0009062341
        0.0020277224   0.0008610717   0.0159881563  -0.0180484774  -0.0231500614
       -0.0009292391   0.0013396986   0.0007747343  -0.0025876367   0.0000869568
        0.0009282452  -0.0000976409   0.0001715353  -0.0001148300   0.0000806252
        0.0002590255   0.0002002164   0.0000329106  -0.0000870492  -0.0000510566
        0.0253580510  -0.0217013208   0.4914131152   0.0475436994  -0.0458953648
       -0.1419718705   0.0074091991  -0.0006083869  -0.0041604304   0.0004700891
        0.0000379765  -0.0000996315  -0.0002330289  -0.0000179751   0.0000692679
       -0.0016878570   0.0377465248  -0.0497361036  -0.0919051127   0.0428564203
       -0.2301097135   0.0004183590   0.0017786788  -0.0425564718   0.0128977218
       -0.0135208528  -0.0264610574  -0.0003263826  -0.0004883713   0.0019369592
       -0.0004034123  -0.0003227485   0.0002977362   0.0008520820   0.0002370633
        0.0009104585  -0.0000188241   0.0001154142   0.0001485070  -0.0004296471
       -0.0002073106   0.0003903729   0.0000550631  -0.0000097470  -0.0000711381
       -0.0973888142   0.0311743751   0.0475436994   0.4673483714  -0.0115908707
        0.0245055093  -0.1730282395  -0.0453222646   0.0146601739  -0.0225587534
       -0.0058402515  -0.0025713919  -0.0023563266   0.0007322417  -0.0036250629
       -0.0014014244   0.0032857626   0.0019512486   0.0065550852  -0.0052704308
       -0.0078003697  -0.0185063021   0.0124858565   0.0224010734  -0.0968186994
        0.0167171165  -0.0986740580  -0.0431784559   0.0132975346  -0.0045248125
       -0.0025101656  -0.0036667082   0.0005942046  -0.0167479240  -0.0051463717
        0.0043479612   0.0008152524  -0.0004933775   0.0007055182   0.0005088161
       -0.0001004959   0.0001685145  -0.0007324200  -0.0002621164   0.0003177917
        0.0318952616  -0.0963048915  -0.0458953648  -0.0115908707   0.5146348658
       -0.0197277027  -0.0454683982  -0.0854594528   0.0067407284   0.0009369464
        0.0009845092  -0.0018852666   0.0024061959   0.0003594236   0.0008800837
        0.0162562060  -0.0188023576  -0.0229852689  -0.0025844013   0.0023978383
        0.0019023871  -0.0046672972   0.0042569645   0.0062384750   0.0164441119
       -0.0504103114   0.0291574299   0.0128663100  -0.2615161433   0.0435754295
       -0.0283312760  -0.0153902597   0.0040312645   0.0099165707   0.0041373986
       -0.0023149391   0.0015118336   0.0008529901   0.0003179506   0.0000632438
        0.0001132977  -0.0000251716   0.0003455636   0.0001461286  -0.0000100350
        0.0492275417  -0.0457187380  -0.1419718705   0.0245055093  -0.0197277027
        0.5034494565   0.0112375818   0.0059759597  -0.0660961803  -0.0188825708
       -0.0070316013   0.0025482749  -0.0045505724   0.0004810940  -0.0037608066
       -0.0005833811  -0.0013814074   0.0021821706   0.0130581694  -0.0128475579
       -0.0258858677   0.0033160798  -0.0011584260  -0.0025811167  -0.0986891213
        0.0292347363  -0.2115631900  -0.0041673241   0.0431505475  -0.0526227313
        0.0041351134   0.0021843083   0.0000996828   0.0231071308   0.0078920863
       -0.0046546871  -0.0004444915  -0.0005865740   0.0005344585  -0.0000068257
       -0.0002374680   0.0001965890  -0.0012628393  -0.0002292570   0.0001258178
       -0.0195781373  -0.0029513435   0.0074091991  -0.1730282395  -0.0454683982
        0.0112375818   0.4744803318  -0.0107542751  -0.0208031726  -0.0975130207
        0.0169808335  -0.0506883513  -0.0344946446   0.0028038741  -0.0256194423
        0.0007085931  -0.0006016713  -0.0005933358   0.0005533328  -0.0001357721
       -0.0003906416  -0.0013666113   0.0013097659   0.0027860968  -0.0210393903
       -0.0075890593  -0.0011019589  -0.0027764741  -0.0040773828   0.0010204468
       -0.0424674196   0.0095541455   0.0002167127  -0.0802078567   0.0400605875
        0.0775810789  -0.0022528903   0.0033563837  -0.0043504705   0.0046130124
       -0.0013269052   0.0033790804  -0.0056305856  -0.0011607825  -0.0000828235
        0.0098055826   0.0038875513  -0.0006083869  -0.0453222646  -0.0854594528
        0.0059759597  -0.0107542751   0.5284508557   0.0146315230   0.0204395929
       -0.0757878938   0.0232271580  -0.0084512711   0.0043711722  -0.0071226158
        0.0013595305   0.0011220555  -0.0003725199  -0.0000694686   0.0002934046
        0.0002200656   0.0023920844  -0.0005104710  -0.0023206639   0.0023994789
        0.0017356832  -0.0000424126  -0.0286059578  -0.0158260183   0.0041712109
        0.0089143521  -0.2703971045   0.0247371723   0.0401340279  -0.0845587588
       -0.0756321802   0.0174166110  -0.0105598887   0.0249447577  -0.0077003458
        0.0032213110  -0.0120564011  -0.0019576773   0.0000175541   0.0002473333
        0.0215344795   0.0059048819  -0.0041604304   0.0146601739   0.0067407284
       -0.0660961803  -0.0208031726   0.0146315230   0.4883883744  -0.0588385008
        0.0217750961  -0.1489895920  -0.0001763685  -0.0017658730   0.0067539435
       -0.0002788662   0.0006271486   0.0006263502   0.0000893967   0.0004395460
        0.0004746399   0.0031407298  -0.0016579601  -0.0030434354  -0.0237270115
       -0.0091647125   0.0003898231   0.0053104338   0.0034094503  -0.0001312923
       -0.0001868012   0.0260544327  -0.0476732489   0.0780173533  -0.0760852736
       -0.1948949940  -0.0051660126   0.0048620671  -0.0063071692  -0.0148314295
        0.0037053483  -0.0251465055   0.0012555959   0.0005235966  -0.0001902831
        0.0006349956   0.0002453893   0.0004700891  -0.0225587534   0.0009369464
       -0.0188825708  -0.0975130207   0.0204395929  -0.0588385008   0.4186276944
       -0.0159844564  -0.0017871195  -0.1818340294  -0.0407442933   0.0302825935
       -0.0003641561  -0.0000462962   0.0000018843  -0.0011908935  -0.0000993364
       -0.0001043483   0.0001304805   0.0001500001  -0.0002362427  -0.0043646598
       -0.0015441731   0.0001113525   0.0005416212   0.0009739608  -0.0004186430
       -0.0024005560   0.0028061408  -0.0044080375   0.0051916119  -0.0022049200
        0.0065147632  -0.0375662298   0.0103155586  -0.0018100650  -0.0521171863
        0.0313234330   0.0442110904  -0.0252169185  -0.0065675464   0.0048937547
       -0.0000612267  -0.0001736005   0.0000379765  -0.0058402515   0.0009845092
       -0.0070316013   0.0169808335  -0.0757878938   0.0217750961  -0.0159844564
        0.4926379148   0.0126991417  -0.0481239306  -0.0659569803   0.0206344907
       -0.0000086685  -0.0000594786   0.0001081037   0.0002452773   0.0003688457
       -0.0001582276  -0.0001755666   0.0000556544  -0.0000382204  -0.0026718095
       -0.0002364087  -0.0002059171  -0.0014662556   0.0005548124  -0.0010189796
        0.0186183298  -0.0107920958   0.0260471380  -0.0062759087   0.0033155116
       -0.0109467593   0.0089169243  -0.2410481315   0.0293317700   0.0317594931
       -0.1023445509  -0.0876306948   0.0040872159  -0.0015181079  -0.0036033167
       -0.0002612548   0.0001273229  -0.0000996315  -0.0025713919  -0.0018852666
        0.0025482749  -0.0506883513   0.0232271580  -0.1489895920  -0.0017871195
        0.0126991417   0.4843254353   0.0500320789   0.0249964533  -0.0825862371
        0.0001201101  -0.0001555613   0.0001489143   0.0006510887   0.0003909609
        0.0000234171   0.0002975991  -0.0001579029  -0.0001388008   0.0013084875
        0.0005735996   0.0012025760   0.0008729897  -0.0000694097   0.0006173345
       -0.0051832384   0.0044246845  -0.0060884055  -0.0153564555   0.0039013818
       -0.0289505927  -0.0017276119   0.0292009589  -0.0503762872   0.0453498297
       -0.0882405882  -0.1790394073  -0.0210567603  -0.0090329329   0.0074030021
       -0.0004906479  -0.0002124335  -0.0002330289  -0.0023563266   0.0024061959
       -0.0045505724  -0.0344946446  -0.0084512711  -0.0001763685  -0.1818340294
       -0.0481239306   0.0500320789   0.4326070166   0.0324288880   0.1253317780
        0.0001926058   0.0000487361  -0.0000206259   0.0006200496   0.0000632523
       -0.0002667449  -0.0001176165  -0.0001224592  -0.0001445731  -0.0017985449
       -0.0003799811  -0.0005197973   0.0006038969   0.0001368027   0.0001652310
        0.0013428220   0.0005310171   0.0013362016   0.0021001251  -0.0007707083
        0.0007406023  -0.0185138133  -0.0192275434   0.0072463074  -0.0317073376
       -0.0037560604   0.0182080149  -0.1661535551   0.0454294955  -0.1971485030
       -0.0000065091   0.0001616176  -0.0000179751   0.0007322417   0.0003594236
        0.0004810940   0.0028038741   0.0043711722  -0.0017658730  -0.0407442933
       -0.0659569803   0.0249964533   0.0324288880   0.0911219251  -0.1076539263
       -0.0001049425   0.0001385484  -0.0000464597   0.0000367567  -0.0001902549
       -0.0000142934   0.0000530065  -0.0000020240   0.0000321050   0.0000592495
        0.0002080161  -0.0000842507   0.0003866734   0.0002584571   0.0001178854
       -0.0006110302   0.0007010629  -0.0005245966   0.0004504810  -0.0003193179
        0.0005241748  -0.0371944656  -0.0148915695   0.0125609382   0.0074480640
        0.0077052408  -0.0007953584   0.0342620059  -0.0236653172   0.0721900825
        0.0003486901   0.0001042215   0.0000692679  -0.0036250629   0.0008800837
       -0.0037608066  -0.0256194423  -0.0071226158   0.0067539435   0.0302825935
        0.0206344907  -0.0825862371   0.1253317780  -0.1076539263   0.3709335792
       -0.0000704651   0.0000975660  -0.0000561636  -0.0002305256  -0.0001492791
        0.0002586722   0.0000613636   0.0000620263   0.0001486111  -0.0012680655
       -0.0005078137  -0.0001470372   0.0000538364   0.0000833367  -0.0002889791
        0.0004491272  -0.0000239879   0.0002815175   0.0006770966  -0.0001888973
        0.0014904481   0.0111073831   0.0074008451  -0.0008867219   0.0321857315
        0.0083417454  -0.0105361949  -0.1696840385   0.0780422046  -0.2816738992
       -0.0438347756   0.0023016001  -0.0016878570  -0.0014014244   0.0162562060
       -0.0005833811   0.0007085931   0.0013595305  -0.0002788662  -0.0003641561
       -0.0000086685   0.0001201101   0.0001926058  -0.0001049425  -0.0000704651
        0.0486129978  -0.0042887134  -0.0006912228  -0.0002228246   0.0152773077
       -0.0045192048  -0.0024926733  -0.0321655886   0.0053013638   0.0002059246
       -0.0004175099  -0.0004380252  -0.0012321615   0.0022866434   0.0027645874
       -0.0003174711  -0.0003033405   0.0003838037   0.0001031193  -0.0001584513
       -0.0001058971   0.0001624362  -0.0001946460  -0.0000097133  -0.0000891068
        0.0001156471  -0.0001849299  -0.0000310833   0.0000449260  -0.0000003025
        0.0024594787  -0.2767658364   0.0377465248   0.0032857626  -0.0188023576
       -0.0013814074  -0.0006016713   0.0011220555   0.0006271486  -0.0000462962
       -0.0000594786  -0.0001555613   0.0000487361   0.0001385484   0.0000975660
       -0.0042887134   0.3218707964  -0.0416304420   0.0008312943  -0.0104311796
        0.0046451576  -0.0032829829  -0.0160673010   0.0031087212  -0.0003634602
        0.0002749984   0.0002300304   0.0018561199  -0.0017277440  -0.0034609584
        0.0004728260   0.0003976830  -0.0001222877  -0.0003398198   0.0000950734
        0.0001147697  -0.0002144556   0.0000543078   0.0000298625   0.0002492903
       -0.0000886135   0.0002052433  -0.0000661085  -0.0000109523  -0.0000543675
       -0.0017513911   0.0378513383  -0.0497361036   0.0019512486  -0.0229852689
        0.0021821706  -0.0005933358  -0.0003725199   0.0006263502   0.0000018843
        0.0001081037   0.0001489143  -0.0000206259  -0.0000464597  -0.0000561636
       -0.0006912228  -0.0416304420   0.0565048949  -0.0013498604   0.0302023415
       -0.0076023810  -0.0001216045   0.0002929179   0.0005824459  -0.0000885118
       -0.0005242800   0.0005310514   0.0027806475  -0.0032516095  -0.0030120030
        0.0002227783   0.0002182175   0.0000586056  -0.0002138547   0.0000150780
        0.0000324423   0.0000106936  -0.0000732301  -0.0001693573  -0.0001137766
        0.0001706302  -0.0001060523  -0.0000230687   0.0000251830   0.0000151856
       -0.0872074088   0.0195233322  -0.0919051127   0.0065550852  -0.0025844013
        0.0130581694   0.0005533328  -0.0000694686   0.0000893967  -0.0011908935
        0.0002452773   0.0006510887   0.0006200496   0.0000367567  -0.0002305256
       -0.0002228246   0.0008312943  -0.0013498604   0.1013161771  -0.0238701112
        0.1059849373  -0.0183773066   0.0054325063  -0.0289927705  -0.0005100233
        0.0012784187   0.0030681249   0.0004193396  -0.0005030851  -0.0001148574
       -0.0000557026  -0.0000262844  -0.0000218202  -0.0000617417   0.0000309381
       -0.0001987566   0.0000008208   0.0001508181   0.0000002931  -0.0017258737
       -0.0004776055  -0.0000318606  -0.0001130303   0.0000016145  -0.0000064461
        0.0195745705  -0.0538482418   0.0428564203  -0.0052704308   0.0023978383
       -0.0128475579  -0.0001357721   0.0002934046   0.0004395460  -0.0000993364
        0.0003688457   0.0003909609   0.0000632523  -0.0001902549  -0.0001492791
        0.0152773077  -0.0104311796   0.0302023415  -0.0238701112   0.0592013764
       -0.0470301736  -0.0062724452   0.0025260026  -0.0098221217   0.0014099767
       -0.0005758461  -0.0031623933  -0.0004801329   0.0004747388  -0.0006756740
        0.0000890096  -0.0001979692   0.0001211972  -0.0000285290  -0.0000765806
       -0.0000104451   0.0001786139  -0.0003187479  -0.0001691763  -0.0004088093
        0.0003147013  -0.0001636543  -0.0000271638   0.0000619125   0.0000200093
       -0.0916512347   0.0423833202  -0.2301097135  -0.0078003697   0.0019023871
       -0.0258858677  -0.0003906416   0.0002200656   0.0004746399  -0.0001043483
       -0.0001582276   0.0000234171  -0.0002667449  -0.0000142934   0.0002586722
       -0.0045192048   0.0046451576  -0.0076023810   0.1059849373  -0.0470301736
        0.2685575490  -0.0039141653   0.0003945372  -0.0025694257   0.0028910681
       -0.0029599155  -0.0046322326  -0.0004428965   0.0003641290   0.0008121476
       -0.0001056841   0.0000672721  -0.0002249175  -0.0002401992   0.0000957196
        0.0001122052   0.0001291994  -0.0002144320   0.0000240585   0.0004265782
        0.0003291402   0.0007374235   0.0000037063  -0.0000246866   0.0000244250
       -0.2548588834  -0.0783211998   0.0004183590  -0.0185063021  -0.0046672972
        0.0033160798  -0.0013666113   0.0023920844   0.0031407298   0.0001304805
       -0.0001755666   0.0002975991  -0.0001176165   0.0000530065   0.0000613636
       -0.0024926733  -0.0032829829  -0.0001216045  -0.0183773066  -0.0062724452
       -0.0039141653   0.2956682432   0.0904644153  -0.0029310118   0.0006780310
       -0.0004163620  -0.0002280874  -0.0000370631   0.0000938427  -0.0003824980
        0.0002313930   0.0002830948  -0.0001018109  -0.0011063637  -0.0002313148
        0.0003286442  -0.0000209055   0.0000041529   0.0000358953   0.0001302619
        0.0000847032   0.0001644162   0.0000453159  -0.0000081314  -0.0000839091
       -0.0785223531  -0.0725477023   0.0017786788   0.0124858565   0.0042569645
       -0.0011584260   0.0013097659  -0.0005104710  -0.0016579601   0.0001500001
        0.0000556544  -0.0001579029  -0.0001224592  -0.0000020240   0.0000620263
       -0.0321655886  -0.0160673010   0.0002929179   0.0054325063   0.0025260026
        0.0003945372   0.0904644153   0.0814435058   0.0001900845  -0.0000559311
        0.0002627034   0.0004449898   0.0003927924   0.0002568687   0.0000061879
        0.0000914454   0.0000349731  -0.0001280246   0.0005505105   0.0003221057
       -0.0001781131  -0.0000398156   0.0000344734   0.0000136575   0.0000006068
       -0.0000659326   0.0001027784   0.0000282486   0.0000001793  -0.0000054318
       -0.0000031548   0.0016006545  -0.0425564718   0.0224010734   0.0062384750
       -0.0025811167   0.0027860968  -0.0023206639  -0.0030434354  -0.0002362427
       -0.0000382204  -0.0001388008  -0.0001445731   0.0000321050   0.0001486111
        0.0053013638   0.0031087212   0.0005824459  -0.0289927705  -0.0098221217
       -0.0025694257  -0.0029310118   0.0001900845   0.0498652522   0.0006902864
        0.0004560528   0.0003683863  -0.0001687595   0.0002829224   0.0003225109
       -0.0001854763  -0.0001446209  -0.0000770453   0.0012537038   0.0002901817
       -0.0003828843  -0.0000038983  -0.0000184206  -0.0000373486   0.0001737439
        0.0001718912   0.0000224385   0.0000596189  -0.0000270407   0.0000768837
        0.0058587199  -0.0009062341   0.0128977218  -0.0968186994   0.0164441119
       -0.0986891213  -0.0210393903   0.0023994789  -0.0237270115  -0.0043646598
       -0.0026718095   0.0013084875  -0.0017985449   0.0000592495  -0.0012680655
        0.0002059246  -0.0003634602  -0.0000885118  -0.0005100233   0.0014099767
        0.0028910681   0.0006780310  -0.0000559311   0.0006902864   0.1185885507
       -0.0188220412   0.1105045059  -0.0010252664   0.0021092166  -0.0040247478
        0.0004923756   0.0001216930  -0.0002343794   0.0001017004   0.0004590339
       -0.0005548793   0.0000895459  -0.0002175193   0.0002275494  -0.0000347031
        0.0001061361   0.0000893337  -0.0004235610  -0.0000719012  -0.0000222363
       -0.0053094200   0.0020277224  -0.0135208528   0.0167171165  -0.0504103114
        0.0292347363  -0.0075890593   0.0017356832  -0.0091647125  -0.0015441731
       -0.0002364087   0.0005735996  -0.0003799811   0.0002080161  -0.0005078137
       -0.0004175099   0.0002749984  -0.0005242800   0.0012784187  -0.0005758461
       -0.0029599155  -0.0004163620   0.0002627034   0.0004560528  -0.0188220412
        0.0553671239  -0.0318246720   0.0164315045  -0.0089757297   0.0288584556
       -0.0002160155   0.0000689124  -0.0004180548   0.0005797455   0.0002484579
       -0.0000642634  -0.0001562529   0.0000660519  -0.0000501959   0.0000658854
       -0.0000532502  -0.0000676969  -0.0002218554  -0.0000081235  -0.0000203867
       -0.0082324015   0.0008610717  -0.0264610574  -0.0986740580   0.0291574299
       -0.2115631900  -0.0011019589  -0.0000424126   0.0003898231   0.0001113525
       -0.0002059171   0.0012025760  -0.0005197973  -0.0000842507  -0.0001470372
       -0.0004380252   0.0002300304   0.0005310514   0.0030681249  -0.0031623933
       -0.0046322326  -0.0002280874   0.0004449898   0.0003683863   0.1105045059
       -0.0318246720   0.2479802013  -0.0055295735   0.0046835556  -0.0086407200
        0.0000920703  -0.0002301131  -0.0000214768   0.0004670531   0.0002223270
        0.0007944286   0.0001587282  -0.0001176501   0.0000152649   0.0001972596
        0.0000945093   0.0000725523   0.0001248073  -0.0000265049   0.0001114300
       -0.0017562591   0.0159881563  -0.0003263826  -0.0431784559   0.0128663100
       -0.0041673241  -0.0027764741  -0.0286059578   0.0053104338   0.0005416212
       -0.0014662556   0.0008729897   0.0006038969   0.0003866734   0.0000538364
       -0.0012321615   0.0018561199   0.0027806475   0.0004193396  -0.0004801329
       -0.0004428965  -0.0000370631   0.0003927924  -0.0001687595  -0.0010252664
        0.0164315045  -0.0055295735   0.0536629353  -0.0145376563   0.0013251001
       -0.0052825935  -0.0032156146   0.0007082912   0.0005065465  -0.0002048968
       -0.0000887970  -0.0004715269   0.0004201265  -0.0003057372   0.0000133078
        0.0001773882   0.0000901166   0.0000121532  -0.0000085571  -0.0001119447
        0.0036707232  -0.0180484774  -0.0004883713   0.0132975346  -0.2615161433
        0.0431505475  -0.0040773828  -0.0158260183   0.0034094503   0.0009739608
        0.0005548124  -0.0000694097   0.0001368027   0.0002584571   0.0000833367
        0.0022866434  -0.0017277440  -0.0032516095  -0.0005030851   0.0004747388
        0.0003641290   0.0000938427   0.0002568687   0.0002829224   0.0021092166
       -0.0089757297   0.0046835556  -0.0145376563   0.3052966984  -0.0487755840
       -0.0032656218  -0.0012024508   0.0008328136   0.0002273273   0.0002481930
        0.0001471957  -0.0005579103   0.0003851737  -0.0003014886   0.0000568104
       -0.0001858678  -0.0000666954   0.0000887945   0.0000074893  -0.0000007924
        0.0034368174  -0.0231500614   0.0019369592  -0.0045248125   0.0435754295
       -0.0526227313   0.0010204468   0.0041712109  -0.0001312923  -0.0004186430
       -0.0010189796   0.0006173345   0.0001652310   0.0001178854  -0.0002889791
        0.0027645874  -0.0034609584  -0.0030120030  -0.0001148574  -0.0006756740
        0.0008121476  -0.0003824980   0.0000061879   0.0003225109  -0.0040247478
        0.0288584556  -0.0086407200   0.0013251001  -0.0487755840   0.0607622398
        0.0009324405   0.0001151927   0.0004425357   0.0000914034   0.0003445158
       -0.0002119898  -0.0002054000   0.0000136921   0.0001303935  -0.0000087572
       -0.0001044384  -0.0001815963  -0.0000563107  -0.0000168740   0.0000651906
        0.0009786283  -0.0009292391  -0.0004034123  -0.0025101656  -0.0283312760
        0.0041351134  -0.0424674196   0.0089143521  -0.0001868012  -0.0024005560
        0.0186183298  -0.0051832384   0.0013428220  -0.0006110302   0.0004491272
       -0.0003174711   0.0004728260   0.0002227783  -0.0000557026   0.0000890096
       -0.0001056841   0.0002313930   0.0000914454  -0.0001854763   0.0004923756
       -0.0002160155   0.0000920703  -0.0052825935  -0.0032656218   0.0009324405
        0.0514404567  -0.0100153825   0.0022390647  -0.0001185766   0.0142587618
        0.0002866788  -0.0020737410   0.0009038805  -0.0031989832   0.0006178449
       -0.0000644670   0.0007678479   0.0001227053   0.0000844269   0.0001384746
        0.0010783546   0.0013396986  -0.0003227485  -0.0036667082  -0.0153902597
        0.0021843083   0.0095541455  -0.2703971045   0.0260544327   0.0028061408
       -0.0107920958   0.0044246845   0.0005310171   0.0007010629  -0.0000239879
       -0.0003033405   0.0003976830   0.0002182175  -0.0000262844  -0.0001979692
        0.0000672721   0.0002830948   0.0000349731  -0.0001446209   0.0001216930
        0.0000689124  -0.0002301131  -0.0032156146  -0.0012024508   0.0001151927
       -0.0100153825   0.3137488488  -0.0317741747   0.0026835736  -0.0190342834
       -0.0017153263   0.0010850770  -0.0000299252   0.0022256098  -0.0004926742
        0.0006554512  -0.0004160866  -0.0004230921   0.0000974585  -0.0006626596
       -0.0001624387   0.0007747343   0.0002977362   0.0005942046   0.0040312645
        0.0000996828   0.0002167127   0.0247371723  -0.0476732489  -0.0044080375
        0.0260471380  -0.0060884055   0.0013362016  -0.0005245966   0.0002815175
        0.0003838037  -0.0001222877   0.0000586056  -0.0000218202   0.0001211972
       -0.0002249175  -0.0001018109  -0.0001280246  -0.0000770453  -0.0002343794
       -0.0004180548  -0.0000214768   0.0007082912   0.0008328136   0.0004425357
        0.0022390647  -0.0317741747   0.0553444972   0.0025991395  -0.0270411191
        0.0008573859  -0.0036707937   0.0024567383  -0.0041374553   0.0003661494
        0.0010597384   0.0006573603   0.0001557131  -0.0000525393   0.0001832282
       -0.0053793973  -0.0025876367   0.0008520820  -0.0167479240   0.0099165707
        0.0231071308  -0.0802078567   0.0401340279   0.0780173533   0.0051916119
       -0.0062759087  -0.0153564555   0.0021001251   0.0004504810   0.0006770966
        0.0001031193  -0.0003398198  -0.0002138547  -0.0000617417  -0.0000285290
       -0.0002401992  -0.0011063637   0.0005505105   0.0012537038   0.0001017004
        0.0005797455   0.0004670531   0.0005065465   0.0002273273   0.0000914034
       -0.0001185766   0.0026835736   0.0025991395   0.0971647249  -0.0451478450
       -0.0881520773   0.0004058826  -0.0004927496   0.0002550135  -0.0019846661
        0.0003942482  -0.0031551561   0.0000328154  -0.0000639959  -0.0002022332
       -0.0014917069   0.0000869568   0.0002370633  -0.0051463717   0.0041373986
        0.0078920863   0.0400605875  -0.0845587588  -0.0760852736  -0.0022049200
        0.0033155116   0.0039013818  -0.0007707083  -0.0003193179  -0.0001888973
       -0.0001584513   0.0000950734   0.0000150780   0.0000309381  -0.0000765806
        0.0000957196  -0.0002313148   0.0003221057   0.0002901817   0.0004590339
        0.0002484579   0.0002223270  -0.0002048968   0.0002481930   0.0003445158
        0.0142587618  -0.0190342834  -0.0270411191  -0.0451478450   0.0942943208
        0.0882967833  -0.0001457953   0.0004269916   0.0006448434   0.0005530348
        0.0008996900   0.0010963822   0.0001396540  -0.0000857586   0.0002789275
        0.0014848927   0.0009282452   0.0009104585   0.0043479612  -0.0023149391
       -0.0046546871   0.0775810789  -0.0756321802  -0.1948949940   0.0065147632
       -0.0109467593  -0.0289505927   0.0007406023   0.0005241748   0.0014904481
       -0.0001058971   0.0001147697   0.0000324423  -0.0001987566  -0.0000104451
        0.0001122052   0.0003286442  -0.0001781131  -0.0003828843  -0.0005548793
       -0.0000642634   0.0007944286  -0.0000887970   0.0001471957  -0.0002119898
        0.0002866788  -0.0017153263   0.0008573859  -0.0881520773   0.0882967833
        0.2289461486   0.0007782400  -0.0003730201   0.0003800740  -0.0036694464
        0.0014733348  -0.0051676994   0.0007069925  -0.0002494569   0.0007392561
       -0.0001713836  -0.0000976409  -0.0000188241   0.0008152524   0.0015118336
       -0.0004444915  -0.0022528903   0.0174166110  -0.0051660126  -0.0375662298
        0.0089169243  -0.0017276119  -0.0185138133  -0.0371944656   0.0111073831
        0.0001624362  -0.0002144556   0.0000106936   0.0000008208   0.0001786139
        0.0001291994  -0.0000209055  -0.0000398156  -0.0000038983   0.0000895459
       -0.0001562529   0.0001587282  -0.0004715269  -0.0005579103  -0.0002054000
       -0.0020737410   0.0010850770  -0.0036707937   0.0004058826  -0.0001457953
        0.0007782400   0.0580881784   0.0016790835  -0.0003403461   0.0014900522
        0.0090349410  -0.0005620936   0.0000183220  -0.0014167482  -0.0000447726
        0.0001863530   0.0001715353   0.0001154142  -0.0004933775   0.0008529901
       -0.0005865740   0.0033563837  -0.0105598887   0.0048620671   0.0103155586
       -0.2410481315   0.0292009589  -0.0192275434  -0.0148915695   0.0074008451
       -0.0001946460   0.0000543078  -0.0000732301   0.0001508181  -0.0003187479
       -0.0002144320   0.0000041529   0.0000344734  -0.0000184206  -0.0002175193
        0.0000660519  -0.0001176501   0.0004201265   0.0003851737   0.0000136921
        0.0009038805  -0.0000299252   0.0024567383  -0.0004927496   0.0004269916
       -0.0003730201   0.0016790835   0.2871523082  -0.0417275127   0.0033533605
       -0.0236633161  -0.0011621616   0.0002561185   0.0013677468   0.0002232856
        0.0001258034  -0.0001148300   0.0001485070   0.0007055182   0.0003179506
        0.0005344585  -0.0043504705   0.0249447577  -0.0063071692  -0.0018100650
        0.0293317700  -0.0503762872   0.0072463074   0.0125609382  -0.0008867219
       -0.0000097133   0.0000298625  -0.0001693573   0.0000002931  -0.0001691763
        0.0000240585   0.0000358953   0.0000136575  -0.0000373486   0.0002275494
       -0.0000501959   0.0000152649  -0.0003057372  -0.0003014886   0.0001303935
       -0.0031989832   0.0022256098  -0.0041374553   0.0002550135   0.0006448434
        0.0003800740  -0.0003403461  -0.0417275127   0.0584423335   0.0020353407
       -0.0263457595   0.0015556865  -0.0006164057  -0.0013604265   0.0006835630
       -0.0008794634   0.0000806252  -0.0004296471   0.0005088161   0.0000632438
       -0.0000068257   0.0046130124  -0.0077003458  -0.0148314295  -0.0521171863
        0.0317594931   0.0453498297  -0.0317073376   0.0074480640   0.0321857315
       -0.0000891068   0.0002492903  -0.0001137766  -0.0017258737  -0.0004088093
        0.0004265782   0.0001302619   0.0000006068   0.0001737439  -0.0000347031
        0.0000658854   0.0001972596   0.0000133078   0.0000568104  -0.0000087572
        0.0006178449  -0.0004926742   0.0003661494  -0.0019846661   0.0005530348
       -0.0036694464   0.0014900522   0.0033533605   0.0020353407   0.0814994112
       -0.0356411854  -0.0626105132  -0.0003343694   0.0006126005   0.0009357626
        0.0000536882   0.0002590255  -0.0002073106  -0.0001004959   0.0001132977
       -0.0002374680  -0.0013269052   0.0032213110   0.0037053483   0.0313234330
       -0.1023445509  -0.0882405882  -0.0037560604   0.0077052408   0.0083417454
        0.0001156471  -0.0000886135   0.0001706302  -0.0004776055   0.0003147013
        0.0003291402   0.0000847032  -0.0000659326   0.0001718912   0.0001061361
       -0.0000532502   0.0000945093   0.0001773882  -0.0001858678  -0.0001044384
       -0.0000644670   0.0006554512   0.0010597384   0.0003942482   0.0008996900
        0.0014733348   0.0090349410  -0.0236633161  -0.0263457595  -0.0356411854
        0.1123696804   0.0998356273   0.0000765345   0.0008631332  -0.0000464005
        0.0006371583   0.0002002164   0.0003903729   0.0001685145  -0.0000251716
        0.0001965890   0.0033790804  -0.0120564011  -0.0251465055   0.0442110904
       -0.0876306948  -0.1790394073   0.0182080149  -0.0007953584  -0.0105361949
       -0.0001849299   0.0002052433  -0.0001060523  -0.0000318606  -0.0001636543
        0.0007374235   0.0001644162   0.0001027784   0.0000224385   0.0000893337
       -0.0000676969   0.0000725523   0.0000901166  -0.0000666954  -0.0001815963
        0.0007678479  -0.0004160866   0.0006573603  -0.0031551561   0.0010963822
       -0.0051676994  -0.0005620936  -0.0011621616   0.0015556865  -0.0626105132
        0.0998356273   0.2148129732  -0.0011710197   0.0009436731   0.0017320593
        0.0000991970   0.0000329106   0.0000550631  -0.0007324200   0.0003455636
       -0.0012628393  -0.0056305856  -0.0019576773   0.0012555959  -0.0252169185
        0.0040872159  -0.0210567603  -0.1661535551   0.0342620059  -0.1696840385
       -0.0000310833  -0.0000661085  -0.0000230687  -0.0001130303  -0.0000271638
        0.0000037063   0.0000453159   0.0000282486   0.0000596189  -0.0004235610
       -0.0002218554   0.0001248073   0.0000121532   0.0000887945  -0.0000563107
        0.0001227053  -0.0004230921   0.0001557131   0.0000328154   0.0001396540
        0.0007069925   0.0000183220   0.0002561185  -0.0006164057  -0.0003343694
        0.0000765345  -0.0011710197   0.1983050143  -0.0366211490   0.1915089458
        0.0000078645  -0.0000870492  -0.0000097470  -0.0002621164   0.0001461286
       -0.0002292570  -0.0011607825   0.0000175541   0.0005235966  -0.0065675464
       -0.0015181079  -0.0090329329   0.0454294955  -0.0236653172   0.0780422046
        0.0000449260  -0.0000109523   0.0000251830   0.0000016145   0.0000619125
       -0.0000246866  -0.0000081314   0.0000001793  -0.0000270407  -0.0000719012
       -0.0000081235  -0.0000265049  -0.0000085571   0.0000074893  -0.0000168740
        0.0000844269   0.0000974585  -0.0000525393  -0.0000639959  -0.0000857586
       -0.0002494569  -0.0014167482   0.0013677468  -0.0013604265   0.0006126005
        0.0008631332   0.0009436731  -0.0366211490   0.0228137063  -0.0685051915
       -0.0000915583  -0.0000510566  -0.0000711381   0.0003177917  -0.0000100350
        0.0001258178  -0.0000828235   0.0002473333  -0.0001902831   0.0048937547
       -0.0036033167   0.0074030021  -0.1971485030   0.0721900825  -0.2816738992
       -0.0000003025  -0.0000543675   0.0000151856  -0.0000064461   0.0000200093
        0.0000244250  -0.0000839091  -0.0000054318   0.0000768837  -0.0000222363
       -0.0000203867   0.0001114300  -0.0001119447  -0.0000007924   0.0000651906
        0.0001384746  -0.0006626596   0.0001832282  -0.0002022332   0.0002789275
        0.0007392561  -0.0000447726   0.0002232856   0.0006835630   0.0009357626
       -0.0000464005   0.0017320593   0.1915089458  -0.0685051915   0.2707752790
