           1           2   1.02000512443259     
           2           3   1.00740837643166     
           3           4   1.00515570792007     
           4           5  0.988230296640694     
           1           6  0.987190296423396     
           1           7  0.986834778020776     
           1           8  0.986763372891777     
           2           9  0.977840015885842     
           2          10  0.977719315086101     
           3          11  0.976434441280512     
           3          12  0.975832932605177     
           4          13  0.971779213282518     
           4          14  0.971702287270795     
           5          15  0.857074136554373     
