           1           2   1.02006611379891     
           2           3   1.00889805471357     
           3           4  0.996458483603693     
           4           5  0.992403326532685     
           1           6  0.986088437349467     
           1           7  0.986599276611509     
           1           8  0.983731954582828     
           2           9  0.977751010200292     
           2          10  0.977762389034613     
           3          11  0.974431981571471     
           3          12  0.976890289142738     
           4          13  0.975816031525823     
           4          14  0.969731241198173     
           5          15  0.865168945631522     
