           1           2   1.02052716686884     
           2           3   1.00845249687972     
           3           4  0.998183180015973     
           4           5  0.993825707796057     
           1           6  0.984507857954182     
           1           7  0.987503695121592     
           1           8  0.987913427736516     
           2           9  0.978113478358228     
           2          10  0.977809295491167     
           3          11  0.973899287919799     
           3          12  0.976012320401105     
           4          13  0.971840178940680     
           4          14  0.972454012436693     
           5          15  0.863979578382898     
