           1           2   1.01890185065472     
           2           3   1.00882945921265     
           3           4  0.997562796410218     
           4           5  0.992673554349534     
           1           6  0.986964772641049     
           1           7  0.987511519710209     
           1           8  0.987694163809481     
           2           9  0.977823740864727     
           2          10  0.976358041140555     
           3          11  0.975944233794059     
           3          12  0.974999999350656     
           4          13  0.974094720604886     
           4          14  0.970560761330686     
           5          15  0.865298365330799     
