           1           2   1.00962165417495     
           2           3  0.976074819697370     
           3           4  0.971390602349044     
           4           5   1.01578554097672     
           1           6  0.984099986094815     
           1           7  0.985705930482434     
           1           8  0.986287143404040     
           2           9  0.970636213151190     
           2          10  0.968261922610552     
           4          11  0.969538759910972     
           4          12  0.968979650003843     
           5          13  0.985965342349898     
           5          14  0.985569532633462     
           5          15  0.983888002550673     
