$hessian                                                                        
        0.4936867490   0.0110848275   0.0307494475  -0.1180247563   0.0214592863
        0.0625757876  -0.0174199213   0.0108791571   0.0140452660   0.0001970726
       -0.0001225034  -0.0003470158  -0.0003116680  -0.0002426706   0.0002942685
       -0.0925942156  -0.0870832295   0.0401492051  -0.1561539652   0.1004714253
       -0.0654214831  -0.1031059072  -0.0586627076  -0.0871471467  -0.0115293330
        0.0027974968   0.0141535340   0.0077748555  -0.0030170629  -0.0090581013
       -0.0028193285   0.0027736386  -0.0007383193   0.0011787271  -0.0011397155
        0.0003384295  -0.0000039210   0.0001749269   0.0001404800  -0.0009405771
        0.0005479037   0.0002871091   0.0000661890   0.0000792274  -0.0000214612
        0.0110848275   0.5181588115  -0.0118191847   0.0206881398  -0.0767440073
       -0.0284114955   0.0149164738  -0.0091120987  -0.0119909708  -0.0001444907
       -0.0003796828  -0.0000067182   0.0001763981   0.0004333347  -0.0002272908
       -0.0871240629  -0.1969855874   0.0736024718   0.1004508030  -0.1349492202
        0.0581893686  -0.0586426091  -0.1001441993  -0.0820575344  -0.0140016795
        0.0056917984   0.0171372087   0.0084723688  -0.0046255625  -0.0135279881
        0.0037425870  -0.0024549476   0.0007438491   0.0007693902   0.0009848082
       -0.0013361317   0.0000098076   0.0000530886  -0.0000471203  -0.0003904385
        0.0001622172  -0.0001521961  -0.0000075152  -0.0000887529  -0.0000962676
        0.0307494475  -0.0118191847   0.4906925724   0.0608121098  -0.0281744234
       -0.1413323105  -0.0013656612   0.0000657768   0.0060431405   0.0005857031
        0.0001432217  -0.0004772177  -0.0001527665  -0.0002795292   0.0003503165
        0.0402253089   0.0735935772  -0.0789045260  -0.0650789850   0.0578964669
       -0.0785285822  -0.0871555697  -0.0823030812  -0.1666452748   0.0107650095
       -0.0022154737  -0.0113412346   0.0142477463  -0.0094260570  -0.0218319314
       -0.0015974980   0.0018157933   0.0007102839  -0.0010051140   0.0001633806
        0.0008962543  -0.0002159581   0.0000753631   0.0001401936  -0.0008458879
        0.0004620238   0.0003647474   0.0000321155   0.0000021458  -0.0001364314
       -0.1180247563   0.0206881398   0.0608121098   0.4889568215   0.0424435506
        0.0073035663  -0.1225374771   0.0563205497  -0.0262096873  -0.0209067543
        0.0100169834  -0.0116062700   0.0000790297   0.0009483764  -0.0004986663
       -0.0122265389   0.0019417808   0.0140844444  -0.0164152587   0.0087032169
        0.0158498725   0.0094522124  -0.0032415925  -0.0088111187  -0.0940608319
       -0.0884835590   0.0390992634  -0.1068807834  -0.0563365134  -0.0879070336
       -0.0130358704   0.0128216138  -0.0033243729   0.0072732008  -0.0055355977
        0.0029367235  -0.0028395796  -0.0013388549  -0.0026915765   0.0007340413
        0.0006883881   0.0007944334   0.0004325449   0.0003635178   0.0001683119
        0.0214592863  -0.0767440073  -0.0281744234   0.0424435506   0.5050932842
        0.0035677681   0.0539338747  -0.1230938903   0.0270114261  -0.0038833644
        0.0088603020  -0.0005200424  -0.0000060509   0.0003237258  -0.0002729010
       -0.0149074257   0.0058180840   0.0176341592   0.0140344971  -0.0067427513
       -0.0135080430   0.0085964012  -0.0050536833  -0.0130669019  -0.0892001035
       -0.1911787102   0.0675568176  -0.0560431596  -0.0885078617  -0.0716295953
        0.0114506564  -0.0099685390   0.0029205545   0.0150876664  -0.0193582255
        0.0105343425  -0.0027461923  -0.0000731519  -0.0021810583  -0.0001305879
        0.0006714861  -0.0000048926  -0.0000890483  -0.0000460617   0.0001327901
        0.0625757876  -0.0284114955  -0.1413323105   0.0073035663   0.0035677681
        0.4953711311  -0.0278694507   0.0291137876  -0.0794055040  -0.0157861290
        0.0088271181  -0.0082556061   0.0008818894   0.0009876261   0.0006995110
        0.0112103711  -0.0010378594  -0.0120447403  -0.0052229251   0.0022210455
        0.0064631285   0.0132433891  -0.0091591123  -0.0209010438   0.0399268680
        0.0686662789  -0.0762817673  -0.0880268557  -0.0722710329  -0.1621051557
        0.0148284142  -0.0154157133   0.0053110273  -0.0100813534   0.0134572105
       -0.0060529962  -0.0032567771  -0.0013040829  -0.0016745788   0.0001579348
        0.0007819641   0.0004546222   0.0001152705  -0.0000235026  -0.0002457176
       -0.0174199213   0.0149164738  -0.0013656612  -0.1225374771   0.0539338747
       -0.0278694507   0.4794883640   0.0118270877  -0.0433209475  -0.1233624782
       -0.0333340484  -0.0465768916  -0.0203412176  -0.0182593483  -0.0060647712
        0.0005267363   0.0005755583  -0.0008663957  -0.0025062426   0.0016776187
        0.0028632079   0.0004254234  -0.0002799337  -0.0004789341   0.0078016276
       -0.0057554152   0.0027661313  -0.0156879323   0.0125225555  -0.0096708198
       -0.0877514985   0.0408771865   0.0833451668  -0.0861051290  -0.0726541439
        0.0571570699  -0.0179864386  -0.0069404563  -0.0152142753   0.0073187940
        0.0030575004   0.0039204829  -0.0018626101  -0.0021645097   0.0013760885
        0.0108791571  -0.0091120987   0.0000657768   0.0563205497  -0.1230938903
        0.0291137876   0.0118270877   0.4928105855  -0.0104527479  -0.0352293659
       -0.0882257408  -0.0325214877  -0.0225687419  -0.0143839874  -0.0077735827
       -0.0012619946   0.0010936545   0.0002126721   0.0012167782  -0.0001487037
       -0.0014347926  -0.0000192440   0.0001931774   0.0003425749   0.0168968779
       -0.0211289315   0.0115549882  -0.0063166196   0.0065078405  -0.0042376672
        0.0409177966  -0.0818744719  -0.0747906225  -0.0721343191  -0.1589216956
        0.0899962215   0.0137302642   0.0068779235   0.0110239132  -0.0111084782
       -0.0080164226  -0.0126159015  -0.0031497481  -0.0025772388   0.0015168677
        0.0140452660  -0.0119909708   0.0060431405  -0.0262096873   0.0270114261
       -0.0794055040  -0.0433209475  -0.0104527479   0.5135643093  -0.0519146470
       -0.0341979234  -0.1089299561   0.0126604164   0.0082708961   0.0116840073
        0.0003841212  -0.0008792102   0.0007548428   0.0037407530  -0.0022087224
       -0.0025511083  -0.0002203525  -0.0001421312   0.0007147916  -0.0083488890
        0.0111630774  -0.0048499903  -0.0167063730   0.0134387163  -0.0091621485
        0.0838207979  -0.0743363759  -0.1903242172   0.0556804520   0.0887888058
       -0.1126151416  -0.0101182246  -0.0040174005  -0.0071908580  -0.0157517606
       -0.0130840215  -0.0164181645   0.0022590749   0.0026365820  -0.0013140030
        0.0001970726  -0.0001444907   0.0005857031  -0.0209067543  -0.0038833644
       -0.0157861290  -0.1233624782  -0.0352293659  -0.0519146470   0.4580301247
       -0.0379294531   0.0079460840  -0.0913081068  -0.0480258218   0.0319695189
       -0.0002010859   0.0000646201  -0.0001796465   0.0001193018  -0.0001698403
        0.0000248762  -0.0010293605   0.0003690747  -0.0002628189   0.0006169921
       -0.0010675905   0.0004254255  -0.0028059704   0.0025152907  -0.0015638502
        0.0069908422   0.0037616164   0.0047832247  -0.0110058169  -0.0084589117
       -0.0068663365  -0.1242606966   0.0947500833  -0.0440095379  -0.0751774207
        0.0485218028   0.0588140312  -0.0158966431  -0.0150736497   0.0160341023
       -0.0001225034  -0.0003796828   0.0001432217   0.0100169834   0.0088603020
        0.0088271181  -0.0333340484  -0.0882257408  -0.0341979234  -0.0379294531
        0.4627823010   0.0248896412  -0.0501068973  -0.1071734514   0.0512893507
        0.0000015134  -0.0000856366   0.0000111231   0.0003544243   0.0000766101
        0.0000790554   0.0005314668   0.0001228211   0.0000375592   0.0003677274
        0.0005681290   0.0007983933   0.0036143257  -0.0019047898   0.0023899059
       -0.0102368518  -0.0077866595  -0.0118022976  -0.0158817570  -0.0114542765
       -0.0098471111   0.0930123964  -0.1389247269   0.0430946723   0.0485858965
       -0.1021314272  -0.0850843627  -0.0088732230  -0.0143437718   0.0093716539
       -0.0003470158  -0.0000067182  -0.0004772177  -0.0116062700  -0.0005200424
       -0.0082556061  -0.0465768916  -0.0325214877  -0.1089299561   0.0079460840
        0.0248896412   0.4695198056   0.0470019063   0.0655271510  -0.1312073561
        0.0000612783   0.0000705208  -0.0001067017   0.0001764426  -0.0000771192
       -0.0000814751   0.0009512723  -0.0006050975   0.0002759549  -0.0002625004
       -0.0000560263   0.0002133040  -0.0021514010   0.0014819660  -0.0001209068
       -0.0176917849  -0.0155418078  -0.0196014166   0.0110319013   0.0082984237
        0.0073595165  -0.0432709023   0.0429363741  -0.0643876985   0.0600063398
       -0.0849048780  -0.1549951956  -0.0052684588  -0.0089708998   0.0107949492
       -0.0003116680   0.0001763981  -0.0001527665   0.0000790297  -0.0000060509
        0.0008818894  -0.0203412176  -0.0225687419   0.0126604164  -0.0913081068
       -0.0501068973   0.0470019063   0.3289206471   0.2193668913   0.1019176406
        0.0001200669  -0.0001749865   0.0000983665   0.0000137708   0.0000207945
       -0.0002542268   0.0001918037  -0.0002425828   0.0000116525  -0.0001342188
        0.0002009026   0.0001792737   0.0002961709  -0.0004733482  -0.0000475363
        0.0014670820   0.0008684514   0.0001751236  -0.0043554273  -0.0037025623
       -0.0027097650   0.0100142432  -0.0007250913  -0.0033567655  -0.0136020116
       -0.0132362197   0.0217857515  -0.2110501641  -0.1293969571  -0.1781909604
       -0.0002426706   0.0004333347  -0.0002795292   0.0009483764   0.0003237258
        0.0009876261  -0.0182593483  -0.0143839874   0.0082708961  -0.0480258218
       -0.1071734514   0.0655271510   0.2193668913   0.2315893329  -0.0004360104
        0.0002439920   0.0000170817  -0.0000298265  -0.0001132597   0.0000334575
       -0.0001338165  -0.0000223958  -0.0002200300   0.0004212032  -0.0000341044
        0.0008198955  -0.0007200629   0.0003394009   0.0000039571  -0.0000303294
        0.0019893176   0.0008987301   0.0010141854  -0.0032020517  -0.0020519111
       -0.0021098748  -0.0142146678  -0.0290620078   0.0279122343  -0.0029304757
        0.0071938817   0.0033917522  -0.1358431823  -0.0884220092  -0.1037855986
        0.0002942685  -0.0002272908   0.0003503165  -0.0004986663  -0.0002729010
        0.0006995110  -0.0060647712  -0.0077735827   0.0116840073   0.0319695189
        0.0512893507  -0.1312073561   0.1019176406  -0.0004360104   0.3369944678
       -0.0001800797  -0.0000941896  -0.0000898294   0.0001473665  -0.0000474859
        0.0001095906  -0.0001981273   0.0004145171  -0.0000094283  -0.0001476716
       -0.0004047270  -0.0001800064   0.0002693736   0.0000349007  -0.0000300839
        0.0000017254   0.0002669881   0.0010496068  -0.0034475015  -0.0025606311
       -0.0009667967   0.0083736095   0.0234652777  -0.0164765955   0.0232863612
        0.0206133334  -0.0283907400  -0.1557230467  -0.0842675493  -0.1735366637
       -0.0925942156  -0.0871240629   0.0402253089  -0.0122265389  -0.0149074257
        0.0112103711   0.0005267363  -0.0012619946   0.0003841212  -0.0002010859
        0.0000015134   0.0000612783   0.0001200669   0.0002439920  -0.0001800797
        0.1068359460   0.1009891566  -0.0508311974   0.0090072873   0.0179957770
       -0.0087004932  -0.0094115427  -0.0175682582   0.0047897846  -0.0024787882
        0.0010843569   0.0041204557   0.0005932556  -0.0000208531  -0.0006581157
        0.0002571803  -0.0000464613  -0.0001614847  -0.0003559382   0.0007923203
       -0.0001828907  -0.0000237359   0.0000545934   0.0000003886  -0.0000747591
       -0.0002281992  -0.0000240267   0.0000261322  -0.0000044546  -0.0000534203
       -0.0870832295  -0.1969855874   0.0735935772   0.0019417808   0.0058180840
       -0.0010378594   0.0005755583   0.0010936545  -0.0008792102   0.0000646201
       -0.0000856366   0.0000705208  -0.0001749865   0.0000170817  -0.0000941896
        0.1009891566   0.2269770434  -0.0858404985  -0.0079627874  -0.0211732890
        0.0101488584  -0.0097995887  -0.0167858482   0.0047592710   0.0012699832
        0.0006658609  -0.0007869303   0.0003188878   0.0004905552   0.0000799048
        0.0000705852   0.0000010584  -0.0000285432  -0.0001184068   0.0000960191
       -0.0000020827  -0.0000446506   0.0000505897  -0.0000291931  -0.0001593961
       -0.0001668260   0.0000108327   0.0001124734  -0.0000127598   0.0000355422
        0.0401492051   0.0736024718  -0.0789045260   0.0140844444   0.0176341592
       -0.0120447403  -0.0008663957   0.0002126721   0.0007548428  -0.0001796465
        0.0000111231  -0.0001067017   0.0000983665  -0.0000298265  -0.0000898294
       -0.0508311974  -0.0858404985   0.0918408439   0.0048322969   0.0140183636
       -0.0059334028  -0.0108993581  -0.0189942265   0.0077575993   0.0037527122
       -0.0011362715  -0.0039563797  -0.0000272371   0.0006698640   0.0001686484
       -0.0002779398   0.0001586326  -0.0000190708   0.0001677368  -0.0002655987
        0.0003932469  -0.0000669052   0.0000097541   0.0000111211   0.0000417659
       -0.0000536751   0.0000440793   0.0000221521   0.0000030562   0.0000842693
       -0.1561539652   0.1004508030  -0.0650789850  -0.0164152587   0.0140344971
       -0.0052229251  -0.0025062426   0.0012167782   0.0037407530   0.0001193018
        0.0003544243   0.0001764426   0.0000137708  -0.0001132597   0.0001473665
        0.0090072873  -0.0079627874   0.0048322969   0.1809510491  -0.1190696363
        0.0734725695  -0.0149411357   0.0106618974  -0.0113224100  -0.0001212397
       -0.0000477642  -0.0003908957   0.0006995293  -0.0001209893  -0.0003703889
       -0.0009750978   0.0009303232  -0.0001845367   0.0000453629  -0.0002930585
        0.0001788943   0.0000546921  -0.0000516468   0.0000130973   0.0002400939
       -0.0000214908   0.0000822317  -0.0000181475   0.0000319097  -0.0000735104
        0.1004714253  -0.1349492202   0.0578964669   0.0087032169  -0.0067427513
        0.0022210455   0.0016776187  -0.0001487037  -0.0022087224  -0.0001698403
        0.0000766101  -0.0000771192   0.0000207945   0.0000334575  -0.0000474859
        0.0179957770  -0.0211732890   0.0140183636  -0.1190696363   0.1543447861
       -0.0661018204  -0.0098830151   0.0086457915  -0.0058927939  -0.0003379439
        0.0004421837   0.0001776974   0.0000252536  -0.0002792713   0.0001208138
        0.0006398097  -0.0004301410  -0.0000012578  -0.0001370131   0.0002836951
       -0.0001642972  -0.0000457936   0.0000232229   0.0000759190   0.0001157016
       -0.0001244934  -0.0000498944  -0.0000063551  -0.0000018769   0.0000330851
       -0.0654214831   0.0581893686  -0.0785285822   0.0158498725  -0.0135080430
        0.0064631285   0.0028632079  -0.0014347926  -0.0025511083   0.0000248762
        0.0000790554  -0.0000814751  -0.0002542268  -0.0001338165   0.0001095906
       -0.0087004932   0.0101488584  -0.0059334028   0.0734725695  -0.0661018204
        0.0914076568  -0.0191048939   0.0139997291  -0.0122688650  -0.0001075261
       -0.0002284200   0.0004611104   0.0003525593  -0.0002094508   0.0006834136
        0.0008066581  -0.0008709083   0.0001754737  -0.0000516875  -0.0000755217
       -0.0001348361   0.0000213245   0.0000535447   0.0000970528   0.0001787002
        0.0000640718   0.0000562081   0.0000705425   0.0000281453   0.0000446350
       -0.1031059072  -0.0586426091  -0.0871555697   0.0094522124   0.0085964012
        0.0132433891   0.0004254234  -0.0000192440  -0.0002203525  -0.0010293605
        0.0005314668   0.0009512723   0.0001918037  -0.0000223958  -0.0001981273
       -0.0094115427  -0.0097995887  -0.0108993581  -0.0149411357  -0.0098830151
       -0.0191048939   0.1203760368   0.0670390003   0.1005589319   0.0007522443
        0.0003098243  -0.0000483524  -0.0013841293   0.0017994976   0.0036713412
       -0.0000727630  -0.0001723433  -0.0001139335  -0.0000542277  -0.0000790947
       -0.0000454593   0.0002782899  -0.0001733732  -0.0001447455  -0.0012894136
        0.0005252300  -0.0005498385  -0.0001875309  -0.0000097561   0.0000556961
       -0.0586627076  -0.1001441993  -0.0823030812  -0.0032415925  -0.0050536833
       -0.0091591123  -0.0002799337   0.0001931774  -0.0001421312   0.0003690747
        0.0001228211  -0.0006050975  -0.0002425828  -0.0002200300   0.0004145171
       -0.0175682582  -0.0167858482  -0.0189942265   0.0106618974   0.0086457915
        0.0139997291   0.0670390003   0.1124415397   0.0974217570  -0.0000418148
        0.0005068319   0.0007890891   0.0015018761   0.0000756554  -0.0021124119
       -0.0001669130   0.0000197618   0.0001800992  -0.0001900265  -0.0003184085
       -0.0000685128  -0.0001324400   0.0000345850   0.0001340220   0.0009608201
        0.0004283367   0.0004813152  -0.0000063995   0.0000536688  -0.0000359553
       -0.0871471467  -0.0820575344  -0.1666452748  -0.0088111187  -0.0130669019
       -0.0209010438  -0.0004789341   0.0003425749   0.0007147916  -0.0002628189
        0.0000375592   0.0002759549   0.0000116525   0.0004212032  -0.0000094283
        0.0047897846   0.0047592710   0.0077575993  -0.0113224100  -0.0058927939
       -0.0122688650   0.1005589319   0.0974217570   0.1947851973  -0.0006809117
        0.0000065971   0.0002626555   0.0035247190  -0.0020804078  -0.0045961888
       -0.0002356604   0.0000849702   0.0000578002   0.0000037778  -0.0000576462
       -0.0000757932  -0.0001096631   0.0000627915   0.0000052187   0.0000868766
        0.0001015745   0.0006426934   0.0000729213  -0.0000830144  -0.0000053171
       -0.0115293330  -0.0140016795   0.0107650095  -0.0940608319  -0.0892001035
        0.0399268680   0.0078016276   0.0168968779  -0.0083488890   0.0006169921
        0.0003677274  -0.0002625004  -0.0001342188  -0.0000341044  -0.0001476716
       -0.0024787882   0.0012699832   0.0037527122  -0.0001212397  -0.0003379439
       -0.0001075261   0.0007522443  -0.0000418148  -0.0006809117   0.1110005490
        0.0992533249  -0.0477015681  -0.0099257521  -0.0175771566   0.0043589517
        0.0001997558  -0.0000021369  -0.0001001424  -0.0022333070   0.0035449101
       -0.0019907999   0.0001574883  -0.0001811270   0.0003690127  -0.0000182755
       -0.0000207090   0.0001678320  -0.0000269109   0.0000639520  -0.0000003769
        0.0027974968   0.0056917984  -0.0022154737  -0.0884835590  -0.1911787102
        0.0686662789  -0.0057554152  -0.0211289315   0.0111630774  -0.0010675905
        0.0005681290  -0.0000560263   0.0002009026   0.0008198955  -0.0004047270
        0.0010843569   0.0006658609  -0.0011362715  -0.0000477642   0.0004421837
       -0.0002284200   0.0003098243   0.0005068319   0.0000065971   0.0992533249
        0.2229061676  -0.0803365518  -0.0107876350  -0.0153979509   0.0036580912
       -0.0001628560  -0.0002845986  -0.0001030241   0.0033422172  -0.0034102305
        0.0015446188  -0.0004270552   0.0000069927  -0.0001569461   0.0000296605
       -0.0000729289   0.0000530018  -0.0002859081  -0.0001345091  -0.0004542245
        0.0141535340   0.0171372087  -0.0113412346   0.0390992634   0.0675568176
       -0.0762817673   0.0027661313   0.0115549882  -0.0048499903   0.0004254255
        0.0007983933   0.0002133040   0.0001792737  -0.0007200629  -0.0001800064
        0.0041204557  -0.0007869303  -0.0039563797  -0.0003908957   0.0001776974
        0.0004611104  -0.0000483524   0.0007890891   0.0002626555  -0.0477015681
       -0.0803365518   0.0892957939  -0.0114661083  -0.0186429885   0.0070607143
        0.0000755212  -0.0002337603   0.0000612277  -0.0015087859   0.0026186617
       -0.0006209420   0.0003387645  -0.0001567680  -0.0000051899   0.0000437525
        0.0000602156  -0.0003625993  -0.0000864114   0.0001839902   0.0002433037
        0.0077748555   0.0084723688   0.0142477463  -0.1068807834  -0.0560431596
       -0.0880268557  -0.0156879323  -0.0063166196  -0.0167063730  -0.0028059704
        0.0036143257  -0.0021514010   0.0002961709   0.0003394009   0.0002693736
        0.0005932556   0.0003188878  -0.0000272371   0.0006995293   0.0000252536
        0.0003525593  -0.0013841293   0.0015018761   0.0035247190  -0.0099257521
       -0.0107876350  -0.0114661083   0.1284642008   0.0595903282   0.1008495864
       -0.0003743629  -0.0003892596  -0.0003914924   0.0002442303  -0.0001959655
        0.0001074914  -0.0012303560  -0.0003724751  -0.0008325938   0.0000532921
        0.0002110255   0.0003205192   0.0001637520   0.0000316479  -0.0000699339
       -0.0030170629  -0.0046255625  -0.0094260570  -0.0563365134  -0.0885078617
       -0.0722710329   0.0125225555   0.0065078405   0.0134387163   0.0025152907
       -0.0019047898   0.0014819660  -0.0004733482   0.0000039571   0.0000349007
       -0.0000208531   0.0004905552   0.0006698640  -0.0001209893  -0.0002792713
       -0.0002094508   0.0017994976   0.0000756554  -0.0020804078  -0.0175771566
       -0.0153979509  -0.0186429885   0.0595903282   0.1024108407   0.0857391870
        0.0001698990   0.0008345165   0.0006053600   0.0000780125   0.0001578797
        0.0000556332   0.0007471175   0.0003214902   0.0006027724   0.0000160203
       -0.0000948102   0.0000797141   0.0001072022   0.0000075111  -0.0000781768
       -0.0090581013  -0.0135279881  -0.0218319314  -0.0879070336  -0.0716295953
       -0.1621051557  -0.0096708198  -0.0042376672  -0.0091621485  -0.0015638502
        0.0023899059  -0.0001209068  -0.0000475363  -0.0000303294  -0.0000300839
       -0.0006581157   0.0000799048   0.0001686484  -0.0003703889   0.0001208138
        0.0006834136   0.0036713412  -0.0021124119  -0.0045961888   0.0043589517
        0.0036580912   0.0070607143   0.1008495864   0.0857391870   0.1897163768
        0.0005790911  -0.0003490127   0.0009446016   0.0000449513  -0.0000590590
       -0.0003293601  -0.0006852746  -0.0002436495  -0.0006011153   0.0002444505
        0.0001207975   0.0000648816   0.0002127482   0.0000810130   0.0001382540
       -0.0028193285   0.0037425870  -0.0015974980  -0.0130358704   0.0114506564
        0.0148284142  -0.0877514985   0.0409177966   0.0838207979   0.0069908422
       -0.0102368518  -0.0176917849   0.0014670820   0.0019893176   0.0000017254
        0.0002571803   0.0000705852  -0.0002779398  -0.0009750978   0.0006398097
        0.0008066581  -0.0000727630  -0.0001669130  -0.0002356604   0.0001997558
       -0.0001628560   0.0000755212  -0.0003743629   0.0001698990   0.0005790911
        0.1050603610  -0.0498930586  -0.0917574625  -0.0071088851   0.0044430221
        0.0145931806   0.0006822565  -0.0002845153  -0.0001104272  -0.0025533667
       -0.0026090273  -0.0028297688   0.0000336951  -0.0000704517  -0.0002048468
        0.0027736386  -0.0024549476   0.0018157933   0.0128216138  -0.0099685390
       -0.0154157133   0.0408771865  -0.0818744719  -0.0743363759   0.0037616164
       -0.0077866595  -0.0155418078   0.0008684514   0.0008987301   0.0002669881
       -0.0000464613   0.0000010584   0.0001586326   0.0009303232  -0.0004301410
       -0.0008709083  -0.0001723433   0.0000197618   0.0000849702  -0.0000021369
       -0.0002845986  -0.0002337603  -0.0003892596   0.0008345165  -0.0003490127
       -0.0498930586   0.0937641340   0.0882194660  -0.0098921901   0.0079847523
        0.0180391927   0.0003835706   0.0002622333   0.0004661500  -0.0024931656
       -0.0011955216  -0.0026154337   0.0004722147   0.0002296928   0.0003118189
       -0.0007383193   0.0007438491   0.0007102839  -0.0033243729   0.0029205545
        0.0053110273   0.0833451668  -0.0747906225  -0.1903242172   0.0047832247
       -0.0118022976  -0.0196014166   0.0001751236   0.0010141854   0.0010496068
       -0.0001614847  -0.0000285432  -0.0000190708  -0.0001845367  -0.0000012578
        0.0001754737  -0.0001139335   0.0001800992   0.0000578002  -0.0001001424
       -0.0001030241   0.0000612277  -0.0003914924   0.0006053600   0.0009446016
       -0.0917574625   0.0882194660   0.2220242234   0.0108916042  -0.0055684929
       -0.0181027692   0.0004080625   0.0002427676  -0.0001994586  -0.0035260300
       -0.0019942301  -0.0024490041   0.0006945927   0.0003621865   0.0003616920
        0.0011787271   0.0007693902  -0.0010051140   0.0072732008   0.0150876664
       -0.0100813534  -0.0861051290  -0.0721343191   0.0556804520  -0.0110058169
       -0.0158817570   0.0110319013  -0.0043554273  -0.0032020517  -0.0034475015
       -0.0003559382  -0.0001184068   0.0001677368   0.0000453629  -0.0001370131
       -0.0000516875  -0.0000542277  -0.0001900265   0.0000037778  -0.0022333070
        0.0033422172  -0.0015087859   0.0002442303   0.0000780125   0.0000449513
       -0.0071088851  -0.0098921901   0.0108916042   0.1032692976   0.0832677964
       -0.0629432692  -0.0003640081  -0.0002196523   0.0004489958   0.0002681814
        0.0002111622   0.0002018218  -0.0006962608  -0.0009808283   0.0005664705
       -0.0011397155   0.0009848082   0.0001633806  -0.0055355977  -0.0193582255
        0.0134572105  -0.0726541439  -0.1589216956   0.0887888058  -0.0084589117
       -0.0114542765   0.0082984237  -0.0037025623  -0.0020519111  -0.0025606311
        0.0007923203   0.0000960191  -0.0002655987  -0.0002930585   0.0002836951
       -0.0000755217  -0.0000790947  -0.0003184085  -0.0000576462   0.0035449101
       -0.0034102305   0.0026186617  -0.0001959655   0.0001578797  -0.0000590590
        0.0044430221   0.0079847523  -0.0055684929   0.0832677964   0.1860850060
       -0.1056274002   0.0002540410   0.0005280613   0.0002310172   0.0001306121
       -0.0002102815   0.0000295263  -0.0003736521  -0.0003951925   0.0006273239
        0.0003384295  -0.0013361317   0.0008962543   0.0029367235   0.0105343425
       -0.0060529962   0.0571570699   0.0899962215  -0.1126151416  -0.0068663365
       -0.0098471111   0.0073595165  -0.0027097650  -0.0021098748  -0.0009667967
       -0.0001828907  -0.0000020827   0.0003932469   0.0001788943  -0.0001642972
       -0.0001348361  -0.0000454593  -0.0000685128  -0.0000757932  -0.0019907999
        0.0015446188  -0.0006209420   0.0001074914   0.0000556332  -0.0003293601
        0.0145931806   0.0180391927  -0.0181027692  -0.0629432692  -0.1056274002
        0.1290293625   0.0000829075  -0.0004228857   0.0005545095  -0.0001081279
       -0.0000919035   0.0002232753  -0.0005480483  -0.0004998090   0.0004424702
       -0.0000039210   0.0000098076  -0.0002159581  -0.0028395796  -0.0027461923
       -0.0032567771  -0.0179864386   0.0137302642  -0.0101182246  -0.1242606966
        0.0930123964  -0.0432709023   0.0100142432  -0.0142146678   0.0083736095
       -0.0000237359  -0.0000446506  -0.0000669052   0.0000546921  -0.0000457936
        0.0000213245   0.0002782899  -0.0001324400  -0.0001096631   0.0001574883
       -0.0004270552   0.0003387645  -0.0012303560   0.0007471175  -0.0006852746
        0.0006822565   0.0003835706   0.0004080625  -0.0003640081   0.0002540410
        0.0000829075   0.1450702808  -0.1019247489   0.0506751289  -0.0106245977
        0.0131985685  -0.0026353606   0.0010760827  -0.0018002177   0.0004592681
        0.0001749269   0.0000530886   0.0000753631  -0.0013388549  -0.0000731519
       -0.0013040829  -0.0069404563   0.0068779235  -0.0040174005   0.0947500833
       -0.1389247269   0.0429363741  -0.0007250913  -0.0290620078   0.0234652777
        0.0000545934   0.0000505897   0.0000097541  -0.0000516468   0.0000232229
        0.0000535447  -0.0001733732   0.0000345850   0.0000627915  -0.0001811270
        0.0000069927  -0.0001567680  -0.0003724751   0.0003214902  -0.0002436495
       -0.0002845153   0.0002622333   0.0002427676  -0.0002196523   0.0005280613
       -0.0004228857  -0.1019247489   0.1759655865  -0.0635485550   0.0170925482
       -0.0161583745   0.0024688207   0.0001397892   0.0000944874   0.0003786480
        0.0001404800  -0.0000471203   0.0001401936  -0.0026915765  -0.0021810583
       -0.0016745788  -0.0152142753   0.0110239132  -0.0071908580  -0.0440095379
        0.0430946723  -0.0643876985  -0.0033567655   0.0279122343  -0.0164765955
        0.0000003886  -0.0000291931   0.0000111211   0.0000130973   0.0000759190
        0.0000970528  -0.0001447455   0.0001340220   0.0000052187   0.0003690127
       -0.0001569461  -0.0000051899  -0.0008325938   0.0006027724  -0.0006011153
       -0.0001104272   0.0004661500  -0.0001994586   0.0004489958   0.0002310172
        0.0005545095   0.0506751289  -0.0635485550   0.0828307579   0.0145131784
       -0.0166120578   0.0059062282   0.0001996400  -0.0009657699   0.0009904130
       -0.0009405771  -0.0003904385  -0.0008458879   0.0007340413  -0.0001305879
        0.0001579348   0.0073187940  -0.0111084782  -0.0157517606  -0.0751774207
        0.0485858965   0.0600063398  -0.0136020116  -0.0029304757   0.0232863612
       -0.0000747591  -0.0001593961   0.0000417659   0.0002400939   0.0001157016
        0.0001787002  -0.0012894136   0.0009608201   0.0000868766  -0.0000182755
        0.0000296605   0.0000437525   0.0000532921   0.0000160203   0.0002444505
       -0.0025533667  -0.0024931656  -0.0035260300   0.0002681814   0.0001306121
       -0.0001081279  -0.0106245977   0.0170925482   0.0145131784   0.0959505666
       -0.0498021191  -0.0793969383  -0.0002845472   0.0000834018   0.0010693850
        0.0005479037   0.0001622172   0.0004620238   0.0006883881   0.0006714861
        0.0007819641   0.0030575004  -0.0080164226  -0.0130840215   0.0485218028
       -0.1021314272  -0.0849048780  -0.0132362197   0.0071938817   0.0206133334
       -0.0002281992  -0.0001668260  -0.0000536751  -0.0000214908  -0.0001244934
        0.0000640718   0.0005252300   0.0004283367   0.0001015745  -0.0000207090
       -0.0000729289   0.0000602156   0.0002110255  -0.0000948102   0.0001207975
       -0.0026090273  -0.0011955216  -0.0019942301   0.0002111622  -0.0002102815
       -0.0000919035   0.0131985685  -0.0161583745  -0.0166120578  -0.0498021191
        0.1186124368   0.0936761576  -0.0010438160   0.0011027273   0.0008606278
        0.0002871091  -0.0001521961   0.0003647474   0.0007944334  -0.0000048926
        0.0004546222   0.0039204829  -0.0126159015  -0.0164181645   0.0588140312
       -0.0850843627  -0.1549951956   0.0217857515   0.0033917522  -0.0283907400
       -0.0000240267   0.0000108327   0.0000440793   0.0000822317  -0.0000498944
        0.0000562081  -0.0005498385   0.0004813152   0.0006426934   0.0001678320
        0.0000530018  -0.0003625993   0.0003205192   0.0000797141   0.0000648816
       -0.0028297688  -0.0026154337  -0.0024490041   0.0002018218   0.0000295263
        0.0002232753  -0.0026353606   0.0024688207   0.0059062282  -0.0793969383
        0.0936761576   0.1934143803  -0.0009382798   0.0003315606   0.0014445877
        0.0000661890  -0.0000075152   0.0000321155   0.0004325449  -0.0000890483
        0.0001152705  -0.0018626101  -0.0031497481   0.0022590749  -0.0158966431
       -0.0088732230  -0.0052684588  -0.2110501641  -0.1358431823  -0.1557230467
        0.0000261322   0.0001124734   0.0000221521  -0.0000181475  -0.0000063551
        0.0000705425  -0.0001875309  -0.0000063995   0.0000729213  -0.0000269109
       -0.0002859081  -0.0000864114   0.0001637520   0.0001072022   0.0002127482
        0.0000336951   0.0004722147   0.0006945927  -0.0006962608  -0.0003736521
       -0.0005480483   0.0010760827   0.0001397892   0.0001996400  -0.0002845472
       -0.0010438160  -0.0009382798   0.2282244188   0.1488471682   0.1588851875
        0.0000792274  -0.0000887529   0.0000021458   0.0003635178  -0.0000460617
       -0.0000235026  -0.0021645097  -0.0025772388   0.0026365820  -0.0150736497
       -0.0143437718  -0.0089708998  -0.1293969571  -0.0884220092  -0.0842675493
       -0.0000044546  -0.0000127598   0.0000030562   0.0000319097  -0.0000018769
        0.0000281453  -0.0000097561   0.0000536688  -0.0000830144   0.0000639520
       -0.0001345091   0.0001839902   0.0000316479   0.0000075111   0.0000810130
       -0.0000704517   0.0002296928   0.0003621865  -0.0009808283  -0.0003951925
       -0.0004998090  -0.0018002177   0.0000944874  -0.0009657699   0.0000834018
        0.0011027273   0.0003315606   0.1488471682   0.1045340855   0.0911818652
       -0.0000214612  -0.0000962676  -0.0001364314   0.0001683119   0.0001327901
       -0.0002457176   0.0013760885   0.0015168677  -0.0013140030   0.0160341023
        0.0093716539   0.0107949492  -0.1781909604  -0.1037855986  -0.1735366637
       -0.0000534203   0.0000355422   0.0000842693  -0.0000735104   0.0000330851
        0.0000446350   0.0000556961  -0.0000359553  -0.0000053171  -0.0000003769
       -0.0004542245   0.0002433037  -0.0000699339  -0.0000781768   0.0001382540
       -0.0002048468   0.0003118189   0.0003616920   0.0005664705   0.0006273239
        0.0004424702   0.0004592681   0.0003786480   0.0009904130   0.0010693850
        0.0008606278   0.0014445877   0.1588851875   0.0911818652   0.1606935587
