           1           2   1.02067607011815     
           2           3   1.00751704267988     
           3           4   1.00586382995196     
           4           5  0.989960581120381     
           1           6  0.987269718022134     
           1           7  0.987012981389857     
           1           8  0.985409984752359     
           2           9  0.977022463937001     
           2          10  0.978610100715012     
           3          11  0.976493771259613     
           3          12  0.975318349389688     
           4          13  0.972067165809054     
           4          14  0.969514682878158     
           5          15  0.859075496247930     
