$hessian                                                                        
        0.5246042785   0.0130935846   0.0078255084  -0.0697601002   0.0206349129
        0.0081762200  -0.0072437278   0.0218974752   0.0136645205   0.0003603401
       -0.0011505346  -0.0007559110  -0.0022167218   0.0008129596   0.0006429334
       -0.1804098830  -0.0426446816  -0.1124686619  -0.2187378690  -0.0121298185
        0.1043208914  -0.0468261986   0.0135872238  -0.0144902143   0.0029051113
       -0.0196636314  -0.0103195712   0.0002610751   0.0032293399   0.0008209548
        0.0008027131   0.0005772031  -0.0008138227  -0.0040806717   0.0012778108
        0.0034537579   0.0001649027   0.0000917430   0.0000015916  -0.0001348853
        0.0001435891   0.0001034885   0.0003116366   0.0002428244  -0.0001616857
        0.0130935846   0.4721025941  -0.0229730463   0.0191046028  -0.1759008461
       -0.0510355134   0.0052024588  -0.0028697772  -0.0041785413  -0.0005774726
       -0.0005385843   0.0000418035   0.0004710410   0.0011292061   0.0001677667
       -0.0436295856  -0.0565614096  -0.0338079404  -0.0117705678  -0.0428109435
        0.0080057753   0.0139918357  -0.1600280291   0.1186955163  -0.0001619808
       -0.0110588889  -0.0075138379   0.0049859295  -0.0258492796  -0.0081479025
       -0.0008406092   0.0012099807   0.0005435333  -0.0000793620   0.0010031036
        0.0003202048  -0.0000618699   0.0001188783   0.0000152943  -0.0000004806
        0.0002084024  -0.0000244164   0.0002724763  -0.0001544068  -0.0001086961
        0.0078255084  -0.0229730463   0.5116362845   0.0071668703  -0.0509295536
       -0.0916792893   0.0070491441  -0.0137652697  -0.0095830164  -0.0008679670
        0.0001988281   0.0000069324   0.0014032807  -0.0000305522   0.0005281248
       -0.1140419297  -0.0337244005  -0.1381243625   0.1048427768   0.0085064565
       -0.1070918715  -0.0147133541   0.1180610859  -0.1621813660   0.0010551457
       -0.0208901593  -0.0106948330  -0.0027469053   0.0174857760   0.0079304743
       -0.0002727138  -0.0011023308   0.0006799210   0.0032241676  -0.0007490830
       -0.0014402947   0.0000594628   0.0000109213   0.0000849290   0.0001339158
       -0.0000137128   0.0001359546  -0.0001174024  -0.0000849594  -0.0002075871
       -0.0697601002   0.0191046028   0.0071668703   0.4822227997   0.0038422119
        0.0321825655  -0.1554459511   0.0000398668   0.0578515012  -0.0288777221
        0.0001201112   0.0076842128   0.0012284124   0.0000729537   0.0003424116
        0.0036467132  -0.0198788645  -0.0101069376  -0.0070150392   0.0236560699
        0.0130554933  -0.0004208026   0.0037591882   0.0010384331  -0.1686152116
       -0.0363845837  -0.1076444510  -0.0444072929   0.0064150960  -0.0093425607
       -0.0032497781  -0.0019527822   0.0040249368  -0.0057124693   0.0017760523
        0.0046443984  -0.0042654811  -0.0002400301  -0.0020794436   0.0010454314
       -0.0004001550   0.0013574330  -0.0003735085   0.0000702627  -0.0001748630
        0.0206349129  -0.1759008461  -0.0509295536   0.0038422119   0.4901176617
       -0.0213271691  -0.0026491351  -0.0663888748   0.0024853892  -0.0024193199
       -0.0004461220   0.0010966098   0.0008057774   0.0008646638   0.0002715229
       -0.0007184084  -0.0101334236  -0.0072808087   0.0016110813  -0.0015159942
       -0.0015388058   0.0048751136  -0.0262358797  -0.0073978068  -0.0363676769
       -0.0532417834  -0.0275442351   0.0065515575  -0.1545248203   0.1140499789
       -0.0187414739  -0.0014095643   0.0138175145   0.0215405946  -0.0022115644
       -0.0158263342   0.0002256405   0.0008832617   0.0001663864   0.0011140505
        0.0004450156  -0.0002339595  -0.0003049260  -0.0003017301   0.0001912710
        0.0081762200  -0.0510355134  -0.0916792893   0.0321825655  -0.0213271691
        0.5109249408   0.0551107908   0.0013703594  -0.1023704755  -0.0105278932
        0.0012297819   0.0086386349   0.0002489192  -0.0001098349   0.0006190023
        0.0016062584  -0.0195099108  -0.0106645472   0.0051302804  -0.0153022676
       -0.0082527292  -0.0034630670   0.0181534429   0.0083784312  -0.1071899409
       -0.0275646334  -0.1334509608  -0.0096173995   0.1135511252  -0.1583552137
        0.0189143941   0.0029394129  -0.0136246497   0.0149652999  -0.0023732244
       -0.0100645420  -0.0042602825   0.0005074286  -0.0008716939  -0.0013958467
       -0.0004626144   0.0011923850   0.0001197014  -0.0000663829  -0.0004192928
       -0.0072437278   0.0052024588   0.0070491441  -0.1554459511  -0.0026491351
        0.0551107908   0.4460545198  -0.0044004645  -0.0048864158  -0.1406951499
        0.0013119304  -0.0519690299  -0.0043091850  -0.0094722164  -0.0092488431
        0.0004005544  -0.0002196358  -0.0002916492   0.0006953845   0.0011062886
        0.0004538050   0.0004195930  -0.0005374584  -0.0002865254  -0.0268000650
       -0.0014290009   0.0117173762  -0.0030350339  -0.0017336666   0.0038602256
       -0.0421027432   0.0003885621  -0.0005303842  -0.0401338183   0.0090820011
        0.0050686770  -0.0278052186   0.0022753449  -0.0135011359  -0.0010009582
        0.0007922438  -0.0031094837   0.0010017992   0.0002827481   0.0005634485
        0.0218974752  -0.0028697772  -0.0137652697   0.0000398668  -0.0663888748
        0.0013703594  -0.0044004645   0.5405735736  -0.0051550971   0.0018975565
       -0.0622338508   0.0048297844  -0.0278012543  -0.0149996353  -0.0252009566
        0.0000982184   0.0008820857   0.0003073051   0.0021655116  -0.0046304321
       -0.0032901589   0.0007662147   0.0008912317  -0.0008867234  -0.0049679038
        0.0002772246   0.0024338399  -0.0180570539  -0.0014904965   0.0130370359
        0.0003203816  -0.1770406017   0.1119311096   0.0100875246  -0.2148877649
       -0.0996389075   0.0046960674   0.0007988283   0.0031323388   0.0138722407
        0.0001820252   0.0115994226  -0.0006143809   0.0009364643  -0.0007040827
        0.0136645205  -0.0041785413  -0.0095830164   0.0578515012   0.0024853892
       -0.1023704755  -0.0048864158  -0.0051550971   0.4833077869  -0.0545314865
        0.0032739610  -0.1040906759  -0.0145658465  -0.0108738410  -0.0102493435
        0.0001563492   0.0003324410   0.0003143569   0.0008444466  -0.0025912808
       -0.0008965847  -0.0008280952   0.0006899236   0.0007382993  -0.0146386381
       -0.0010299092   0.0076690410   0.0204526770   0.0033550764  -0.0149897825
       -0.0012697851   0.1117403220  -0.1376329794   0.0052443006  -0.0995883401
       -0.1022536099   0.0112240441  -0.0013405269   0.0064695447  -0.0204446922
        0.0031405265  -0.0175355785   0.0017271203  -0.0002601035   0.0011030177
        0.0003603401  -0.0005774726  -0.0008679670  -0.0288777221  -0.0024193199
       -0.0105278932  -0.1406951499   0.0018975565  -0.0545314865   0.4523521534
       -0.0022365214  -0.0328341262  -0.0501935661  -0.0278203741  -0.0061065400
        0.0001394824   0.0004053347   0.0006111006   0.0004547818   0.0000566274
       -0.0000061076  -0.0002375072   0.0002262902   0.0000069157  -0.0042309212
        0.0003897604   0.0022008968   0.0009449803   0.0006245641  -0.0010866728
       -0.0023601249   0.0010042487  -0.0043133854  -0.0017339505  -0.0004310729
       -0.0014414195  -0.1755601464   0.0435225197   0.0901141551  -0.0458296635
       -0.0103642588   0.0205356771  -0.0045329863  -0.0042778818  -0.0017531469
       -0.0011505346  -0.0005385843   0.0001988281   0.0001201112  -0.0004461220
        0.0012297819   0.0013119304  -0.0622338508   0.0032739610  -0.0022365214
        0.4453422219  -0.0419583045  -0.0215926250  -0.1827503907  -0.0414099761
        0.0011517732  -0.0000095336  -0.0010656448  -0.0002293963   0.0000512337
        0.0000940474   0.0003457795   0.0001166403   0.0002815105   0.0003227376
        0.0009098842  -0.0000101672  -0.0011925911   0.0005914129  -0.0004098642
        0.0176306551  -0.0005175705   0.0149950670  -0.0188655024  -0.0042914455
       -0.0166165604   0.0414167587  -0.0512155180  -0.0222806575  -0.0118943323
       -0.1156103290   0.1097333477  -0.0051382426  -0.0293980487  -0.0060553690
       -0.0007559110   0.0000418035   0.0000069324   0.0076842128   0.0010966098
        0.0086386349  -0.0519690299   0.0048297844  -0.1040906759  -0.0328341262
       -0.0419583045   0.5029797454  -0.0096173982  -0.0686071488  -0.1032662214
        0.0006155269  -0.0003932054  -0.0001555227   0.0000940983   0.0000043135
        0.0000255355   0.0000267634   0.0000078568  -0.0000459636   0.0039772615
        0.0005457650  -0.0006012801   0.0014826521   0.0000706070   0.0010669760
       -0.0185198867   0.0016426830  -0.0156694601  -0.0119680999  -0.0027746732
       -0.0096549465   0.0881441385  -0.0204936349  -0.1009221208   0.0195030639
        0.1044266641  -0.1909231246   0.0041367345   0.0215608797   0.0126114915
       -0.0022167218   0.0004710410   0.0014032807   0.0012284124   0.0008057774
        0.0002489192  -0.0043091850  -0.0278012543  -0.0145658465  -0.0501935661
       -0.0215926250  -0.0096173982   0.0665830209   0.0769887569  -0.0245919631
       -0.0018878448   0.0000069509  -0.0009033358  -0.0009741322  -0.0003949784
       -0.0002381938   0.0001190691  -0.0002780766  -0.0000091652  -0.0000891601
       -0.0000868977  -0.0002395491   0.0000846983  -0.0001324486   0.0001179015
        0.0013083596  -0.0000973265   0.0018050805  -0.0046710904  -0.0022386038
       -0.0044441277   0.0070355482   0.0195910339   0.0075695920  -0.0002927350
       -0.0073758557  -0.0009238652  -0.0117246732  -0.0378654935   0.0443886708
        0.0008129596   0.0011292061  -0.0000305522   0.0000729537   0.0008646638
       -0.0001098349  -0.0094722164  -0.0149996353  -0.0108738410  -0.0278203741
       -0.1827503907  -0.0686071488   0.0769887569   0.4424740284  -0.0949598967
       -0.0002193162   0.0000025406   0.0007811709   0.0000045141  -0.0000942008
       -0.0000843405  -0.0001289608  -0.0000862281  -0.0001111805  -0.0004680918
       -0.0002476703   0.0001181322   0.0002130605  -0.0005266728   0.0000147900
        0.0018678088   0.0018116547   0.0007476829  -0.0029685619  -0.0001847490
       -0.0023446265   0.0060296303  -0.0322102169  -0.0201368586  -0.0060787944
       -0.0342959601  -0.0041904599  -0.0388333683  -0.1808863695   0.1997869637
        0.0006429334   0.0001677667   0.0005281248   0.0003424116   0.0002715229
        0.0006190023  -0.0092488431  -0.0252009566  -0.0102493435  -0.0061065400
       -0.0414099761  -0.1032662214  -0.0245919631  -0.0949598967   0.3977328341
        0.0003931567  -0.0000840243   0.0001135210  -0.0001540641  -0.0000562810
       -0.0001272701   0.0000187614  -0.0000355393  -0.0000740788  -0.0001807179
        0.0000354269   0.0000371223  -0.0000509168  -0.0001039077  -0.0001095593
        0.0014938062  -0.0006690686   0.0010891536  -0.0050106933  -0.0016311017
       -0.0036905163   0.0010559984  -0.0295664308  -0.0117544630   0.0029289045
        0.0220870049   0.0092901291   0.0384677659   0.1711554613  -0.2801384347
       -0.1804098830  -0.0436295856  -0.1140419297   0.0036467132  -0.0007184084
        0.0016062584   0.0004005544   0.0000982184   0.0001563492   0.0001394824
        0.0011517732   0.0006155269  -0.0018878448  -0.0002193162   0.0003931567
        0.2077511398   0.0494542377   0.1309278739  -0.0270274429  -0.0068760650
       -0.0167851756  -0.0033511302   0.0001496410  -0.0039316677   0.0010539698
        0.0009633261   0.0009225839   0.0001083583  -0.0000868467   0.0001974746
       -0.0000082314  -0.0000228514  -0.0000565248  -0.0001601158   0.0000262369
       -0.0000173103   0.0000492356  -0.0002147715  -0.0001574264   0.0000455238
        0.0001095249   0.0000107256  -0.0003503293  -0.0001851133   0.0001600853
       -0.0426446816  -0.0565614096  -0.0337244005  -0.0198788645  -0.0101334236
       -0.0195099108  -0.0002196358   0.0008820857   0.0003324410   0.0004053347
       -0.0000095336  -0.0003932054   0.0000069509   0.0000025406  -0.0000840243
        0.0494542377   0.0672446353   0.0422824467  -0.0033806980   0.0000583326
       -0.0013202635   0.0168766544   0.0041341003   0.0152604732   0.0003836934
       -0.0056923883  -0.0036819116  -0.0005965353   0.0005064632  -0.0002033706
        0.0000216791  -0.0000861839   0.0000610323  -0.0001571312   0.0001386123
        0.0002111704  -0.0002175963  -0.0001792970   0.0001202505   0.0001721070
       -0.0004849849   0.0000750847  -0.0002255143   0.0001804510   0.0005741879
       -0.1124686619  -0.0338079404  -0.1381243625  -0.0101069376  -0.0072808087
       -0.0106645472  -0.0002916492   0.0003073051   0.0003143569   0.0006111006
       -0.0010656448  -0.0001555227  -0.0009033358   0.0007811709   0.0001135210
        0.1309278739   0.0422824467   0.1582484956   0.0119848774   0.0036498209
        0.0094927307  -0.0205164328  -0.0024081922  -0.0185222908   0.0002527830
       -0.0036582853  -0.0009670637   0.0001788429   0.0006240408   0.0005853394
       -0.0001443726   0.0000572195  -0.0003432806  -0.0001017412   0.0002858744
        0.0001330218  -0.0001596085   0.0000458455   0.0001011314   0.0000461776
        0.0000527231   0.0000824950   0.0006910840   0.0001344245  -0.0002940243
       -0.2187378690  -0.0117705678   0.1048427768  -0.0070150392   0.0016110813
        0.0051302804   0.0006953845   0.0021655116   0.0008444466   0.0004547818
       -0.0002293963   0.0000940983  -0.0009741322   0.0000045141  -0.0001540641
       -0.0270274429  -0.0033806980   0.0119848774   0.2522209884   0.0126747861
       -0.1235196098   0.0001349540  -0.0012769378   0.0010041822   0.0005709946
       -0.0002898459  -0.0000812510  -0.0000817917   0.0000220975  -0.0002810482
        0.0001312744   0.0001011227  -0.0002890852  -0.0005755681   0.0002202148
        0.0004089959   0.0000010989   0.0000601025   0.0000167071  -0.0000154447
       -0.0000380756  -0.0000072360   0.0002178110   0.0001260907   0.0000059296
       -0.0121298185  -0.0428109435   0.0085064565   0.0236560699  -0.0015159942
       -0.0153022676   0.0011062886  -0.0046304321  -0.0025912808   0.0000566274
        0.0000512337   0.0000043135  -0.0003949784  -0.0000942008  -0.0000562810
       -0.0068760650   0.0000583326   0.0036498209   0.0126747861   0.0510325019
       -0.0070704593  -0.0200520622  -0.0029001380   0.0139095191   0.0002347282
        0.0005967726   0.0001612284   0.0004732382   0.0005400150  -0.0001679272
       -0.0001033656  -0.0001250935  -0.0000066352   0.0012805303  -0.0002539037
       -0.0010179885  -0.0000020853   0.0000252560   0.0000764438  -0.0000212991
       -0.0000257819  -0.0000513053   0.0000974056   0.0000523759  -0.0000436373
        0.1043208914   0.0080057753  -0.1070918715   0.0130554933  -0.0015388058
       -0.0082527292   0.0004538050  -0.0032901589  -0.0008965847  -0.0000061076
        0.0000940474   0.0000255355  -0.0002381938  -0.0000843405  -0.0001272701
       -0.0167851756  -0.0013202635   0.0094927307  -0.1235196098  -0.0070704593
        0.1223885537   0.0222219441   0.0050361541  -0.0156210834   0.0002199849
        0.0002527677  -0.0002615864  -0.0002462588   0.0003790699   0.0005274418
       -0.0002280039  -0.0000733520   0.0001881988   0.0008111568  -0.0003222489
       -0.0005004460   0.0000315145   0.0000083594   0.0000274234  -0.0000098101
       -0.0000470915   0.0000024787  -0.0000816304  -0.0000294535   0.0000992086
       -0.0468261986   0.0139918357  -0.0147133541  -0.0004208026   0.0048751136
       -0.0034630670   0.0004195930   0.0007662147  -0.0008280952  -0.0002375072
        0.0003457795   0.0000267634   0.0001190691  -0.0001289608   0.0000187614
       -0.0033511302   0.0168766544  -0.0205164328   0.0001349540  -0.0200520622
        0.0222219441   0.0500843773  -0.0168207303   0.0158809544   0.0001418429
       -0.0007193190   0.0001982816   0.0005347968   0.0012677931   0.0005372065
       -0.0001576434  -0.0000019255   0.0004396381  -0.0000275903  -0.0001846910
        0.0000268961   0.0000048793  -0.0000644679  -0.0000127462   0.0000481677
       -0.0001609510   0.0000718119  -0.0004668077   0.0000097169   0.0001114380
        0.0135872238  -0.1600280291   0.1180610859   0.0037591882  -0.0262358797
        0.0181534429  -0.0005374584   0.0008912317   0.0006899236   0.0002262902
        0.0001166403   0.0000078568  -0.0002780766  -0.0000862281  -0.0000355393
        0.0001496410   0.0041341003  -0.0024081922  -0.0012769378  -0.0029001380
        0.0050361541  -0.0168207303   0.1896957551  -0.1369475247  -0.0001466815
        0.0005934149   0.0006463084   0.0012363572  -0.0067097519  -0.0025868363
        0.0004952218   0.0001880966  -0.0004999055  -0.0002467296   0.0002480238
        0.0001159244  -0.0000573472  -0.0000378000  -0.0000075253  -0.0001644811
       -0.0000849658  -0.0001114628   0.0000745201   0.0002155299  -0.0001137099
       -0.0144902143   0.1186955163  -0.1621813660   0.0010384331  -0.0073978068
        0.0083784312  -0.0002865254  -0.0008867234   0.0007382993   0.0000069157
        0.0002815105  -0.0000459636  -0.0000091652  -0.0001111805  -0.0000740788
       -0.0039316677   0.0152604732  -0.0185222908   0.0010041822   0.0139095191
       -0.0156210834   0.0158809544  -0.1369475247   0.1861424647   0.0002600218
       -0.0002416497   0.0007662113   0.0007292009  -0.0025174575   0.0001636090
       -0.0000581000   0.0000840981   0.0000833511  -0.0000136481  -0.0000243614
       -0.0000225130  -0.0000475874  -0.0000343200   0.0000162199   0.0000502463
       -0.0000589762  -0.0000716317  -0.0001330463  -0.0000111169   0.0002503407
        0.0029051113  -0.0001619808   0.0010551457  -0.1686152116  -0.0363676769
       -0.1071899409  -0.0268000650  -0.0049679038  -0.0146386381  -0.0042309212
        0.0003227376   0.0039772615  -0.0000891601  -0.0004680918  -0.0001807179
        0.0010539698   0.0003836934   0.0002527830   0.0005709946   0.0002347282
        0.0002199849   0.0001418429  -0.0001466815   0.0002600218   0.1992150640
        0.0405971900   0.1221583107  -0.0029024616   0.0003752093  -0.0049003435
        0.0002713889  -0.0002256718  -0.0002922753   0.0001209557   0.0002796312
       -0.0005621516  -0.0018999279   0.0002046621  -0.0005564786   0.0002147353
       -0.0001435376   0.0004402104   0.0000436850   0.0000836923  -0.0000431721
       -0.0196636314  -0.0110588889  -0.0208901593  -0.0363845837  -0.0532417834
       -0.0275646334  -0.0014290009   0.0002772246  -0.0010299092   0.0003897604
        0.0009098842   0.0005457650  -0.0000868977  -0.0002476703   0.0000354269
        0.0009633261  -0.0056923883  -0.0036582853  -0.0002898459   0.0005967726
        0.0002527677  -0.0007193190   0.0005934149  -0.0002416497   0.0405971900
        0.0641699309   0.0370348762   0.0162510306   0.0034520571   0.0157924451
       -0.0003463019  -0.0001857783  -0.0000596100   0.0009003921   0.0002852241
        0.0001041522  -0.0001327541   0.0000885298  -0.0001680903  -0.0000483930
       -0.0000056574  -0.0000888627  -0.0000009716   0.0000591283  -0.0000642332
       -0.0103195712  -0.0075138379  -0.0106948330  -0.1076444510  -0.0275442351
       -0.1334509608   0.0117173762   0.0024338399   0.0076690410   0.0022008968
       -0.0000101672  -0.0006012801  -0.0002395491   0.0001181322   0.0000371223
        0.0009225839  -0.0036819116  -0.0009670637  -0.0000812510   0.0001612284
       -0.0002615864   0.0001982816   0.0006463084   0.0007662113   0.1221583107
        0.0370348762   0.1554224178  -0.0200523663  -0.0017458977  -0.0193145344
        0.0001171502  -0.0001042101   0.0002886053   0.0003300784   0.0003613651
        0.0006832508   0.0004984281  -0.0001288021   0.0003772988   0.0001297238
       -0.0000579689  -0.0000166985   0.0000643590   0.0000312805   0.0000630096
        0.0002610751   0.0049859295  -0.0027469053  -0.0444072929   0.0065515575
       -0.0096173995  -0.0030350339  -0.0180570539   0.0204526770   0.0009449803
       -0.0011925911   0.0014826521   0.0000846983   0.0002130605  -0.0000509168
        0.0001083583  -0.0005965353   0.0001788429  -0.0000817917   0.0004732382
       -0.0002462588   0.0005347968   0.0012363572   0.0007292009  -0.0029024616
        0.0162510306  -0.0200523663   0.0531620632  -0.0093588965   0.0068779790
       -0.0046145378  -0.0007097113   0.0038320218   0.0003808274  -0.0001703722
       -0.0001726130   0.0002968328   0.0000514936  -0.0000672008  -0.0006793164
        0.0001680113  -0.0004815150  -0.0000531979   0.0001544820  -0.0001181982
        0.0032293399  -0.0258492796   0.0174857760   0.0064150960  -0.1545248203
        0.1135511252  -0.0017336666  -0.0014904965   0.0033550764   0.0006245641
        0.0005914129   0.0000706070  -0.0001324486  -0.0005266728  -0.0001039077
       -0.0000868467   0.0005064632   0.0006240408   0.0000220975   0.0005400150
        0.0003790699   0.0012677931  -0.0067097519  -0.0025174575   0.0003752093
        0.0034520571  -0.0017458977  -0.0093588965   0.1829104524  -0.1312884314
       -0.0005395302   0.0004861080   0.0008731533   0.0001404176   0.0003047257
       -0.0002161759   0.0001305510   0.0000852658  -0.0001214033  -0.0004364606
        0.0001219076  -0.0001867229   0.0000827807   0.0001026133  -0.0001588521
        0.0008209548  -0.0081479025   0.0079304743  -0.0093425607   0.1140499789
       -0.1583552137   0.0038602256   0.0130370359  -0.0149897825  -0.0010866728
       -0.0004098642   0.0010669760   0.0001179015   0.0000147900  -0.0001095593
        0.0001974746  -0.0002033706   0.0005853394  -0.0002810482  -0.0001679272
        0.0005274418   0.0005372065  -0.0025868363   0.0001636090  -0.0049003435
        0.0157924451  -0.0193145344   0.0068779790  -0.1312884314   0.1844437098
        0.0036520788   0.0001077574  -0.0022080016  -0.0001944908   0.0000411276
       -0.0002734478  -0.0003260424  -0.0001339066  -0.0000789189   0.0002240525
        0.0000125096   0.0005477271  -0.0001567149  -0.0001174058   0.0000641810
        0.0008027131  -0.0008406092  -0.0002727138  -0.0032497781  -0.0187414739
        0.0189143941  -0.0421027432   0.0003203816  -0.0012697851  -0.0023601249
        0.0176306551  -0.0185198867   0.0013083596   0.0018678088   0.0014938062
       -0.0000082314   0.0000216791  -0.0001443726   0.0001312744  -0.0001033656
       -0.0002280039  -0.0001576434   0.0004952218  -0.0000581000   0.0002713889
       -0.0003463019   0.0001171502  -0.0046145378  -0.0005395302   0.0036520788
        0.0525432224   0.0000747453   0.0003758510   0.0011455666   0.0010480888
       -0.0007015648   0.0001560850   0.0001294227  -0.0002011021  -0.0038745030
       -0.0002030736  -0.0031608288   0.0000089516  -0.0008136488   0.0000030773
        0.0005772031   0.0012099807  -0.0011023308  -0.0019527822  -0.0014095643
        0.0029394129   0.0003885621  -0.1770406017   0.1117403220   0.0010042487
       -0.0005175705   0.0016426830  -0.0000973265   0.0018116547  -0.0006690686
       -0.0000228514  -0.0000861839   0.0000572195   0.0001011227  -0.0001250935
       -0.0000733520  -0.0000019255   0.0001880966   0.0000840981  -0.0002256718
       -0.0001857783  -0.0001042101  -0.0007097113   0.0004861080   0.0001077574
        0.0000747453   0.2034701543  -0.1316248772   0.0004060046  -0.0279012285
        0.0172267981   0.0001634211  -0.0002938372  -0.0000832638   0.0003046463
        0.0003141183  -0.0003898297  -0.0000096851   0.0000797452   0.0002486413
       -0.0008138227   0.0005435333   0.0006799210   0.0040249368   0.0138175145
       -0.0136246497  -0.0005303842   0.1119311096  -0.1376329794  -0.0043133854
        0.0149950670  -0.0156694601   0.0018050805   0.0007476829   0.0010891536
       -0.0000565248   0.0000610323  -0.0003432806  -0.0002890852  -0.0000066352
        0.0001881988   0.0004396381  -0.0004999055   0.0000833511  -0.0002922753
       -0.0000596100   0.0002886053   0.0038320218   0.0008731533  -0.0022080016
        0.0003758510  -0.1316248772   0.1603781896   0.0001072221  -0.0109375749
        0.0092285441   0.0002702666   0.0001020696  -0.0000863686  -0.0038915559
        0.0005526865  -0.0025337856  -0.0006679834  -0.0004952463   0.0001625621
       -0.0040806717  -0.0000793620   0.0032241676  -0.0057124693   0.0215405946
        0.0149652999  -0.0401338183   0.0100875246   0.0052443006  -0.0017339505
       -0.0188655024  -0.0119680999  -0.0046710904  -0.0029685619  -0.0050106933
       -0.0001601158  -0.0001571312  -0.0001017412  -0.0005755681   0.0012805303
        0.0008111568  -0.0000275903  -0.0002467296  -0.0000136481   0.0001209557
        0.0009003921   0.0003300784   0.0003808274   0.0001404176  -0.0001944908
        0.0011455666   0.0004060046   0.0001072221   0.0554814963  -0.0107849607
       -0.0066922116  -0.0000020381  -0.0014022427  -0.0006754379  -0.0000138771
        0.0000167927   0.0000423078  -0.0000176565   0.0001322340  -0.0000682105
        0.0012778108   0.0010031036  -0.0007490830   0.0017760523  -0.0022115644
       -0.0023732244   0.0090820011  -0.2148877649  -0.0995883401  -0.0004310729
       -0.0042914455  -0.0027746732  -0.0022386038  -0.0001847490  -0.0016311017
        0.0000262369   0.0001386123   0.0002858744   0.0002202148  -0.0002539037
       -0.0003222489  -0.0001846910   0.0002480238  -0.0000243614   0.0002796312
        0.0002852241   0.0003613651  -0.0001703722   0.0003047257   0.0000411276
        0.0010480888  -0.0279012285  -0.0109375749  -0.0107849607   0.2470299934
        0.1175392849  -0.0002424829   0.0003795089   0.0004233576   0.0000513073
        0.0000090133  -0.0000327945   0.0002908404   0.0003324508  -0.0002176073
        0.0034537579   0.0003202048  -0.0014402947   0.0046443984  -0.0158263342
       -0.0100645420   0.0050686770  -0.0996389075  -0.1022536099  -0.0014414195
       -0.0166165604  -0.0096549465  -0.0044441277  -0.0023446265  -0.0036905163
       -0.0000173103   0.0002111704   0.0001330218   0.0004089959  -0.0010179885
       -0.0005004460   0.0000268961   0.0001159244  -0.0000225130  -0.0005621516
        0.0001041522   0.0006832508  -0.0001726130  -0.0002161759  -0.0002734478
       -0.0007015648   0.0172267981   0.0092285441  -0.0066922116   0.1175392849
        0.1173943315   0.0004430977  -0.0002099259   0.0007370224  -0.0000285647
        0.0000230334  -0.0003459220   0.0000141403   0.0003299507   0.0000700676
        0.0001649027  -0.0000618699   0.0000594628  -0.0042654811   0.0002256405
       -0.0042602825  -0.0278052186   0.0046960674   0.0112240441  -0.1755601464
        0.0414167587   0.0881441385   0.0070355482   0.0060296303   0.0010559984
        0.0000492356  -0.0002175963  -0.0001596085   0.0000010989  -0.0000020853
        0.0000315145   0.0000048793  -0.0000573472  -0.0000475874  -0.0018999279
       -0.0001327541   0.0004984281   0.0002968328   0.0001305510  -0.0003260424
        0.0001560850   0.0001634211   0.0002702666  -0.0000020381  -0.0002424829
        0.0004430977   0.2051670435  -0.0516153659  -0.1024094800  -0.0047552263
        0.0005250544   0.0056606232   0.0014124124  -0.0008576219  -0.0001845731
        0.0000917430   0.0001188783   0.0000109213  -0.0002400301   0.0008832617
        0.0005074286   0.0022753449   0.0007988283  -0.0013405269   0.0435225197
       -0.0512155180  -0.0204936349   0.0195910339  -0.0322102169  -0.0295664308
       -0.0002147715  -0.0001792970   0.0000458455   0.0000601025   0.0000252560
        0.0000083594  -0.0000644679  -0.0000378000  -0.0000343200   0.0002046621
        0.0000885298  -0.0001288021   0.0000514936   0.0000852658  -0.0001339066
        0.0001294227  -0.0002938372   0.0001020696  -0.0014022427   0.0003795089
       -0.0002099259  -0.0516153659   0.0768171392   0.0413941292  -0.0136488382
        0.0046204112   0.0106130260   0.0012593941   0.0001195899  -0.0007742324
        0.0000015916   0.0000152943   0.0000849290  -0.0020794436   0.0001663864
       -0.0008716939  -0.0135011359   0.0031323388   0.0064695447   0.0901141551
       -0.0222806575  -0.1009221208   0.0075695920  -0.0201368586  -0.0117544630
       -0.0001574264   0.0001202505   0.0001011314   0.0000167071   0.0000764438
        0.0000274234  -0.0000127462  -0.0000075253   0.0000162199  -0.0005564786
       -0.0001680903   0.0003772988  -0.0000672008  -0.0001214033  -0.0000789189
       -0.0002011021  -0.0000832638  -0.0000863686  -0.0006754379   0.0004233576
        0.0007370224  -0.1024094800   0.0413941292   0.1224978736   0.0232676746
       -0.0035450075  -0.0181664125  -0.0013092688   0.0010146057   0.0015685344
       -0.0001348853  -0.0000004806   0.0001339158   0.0010454314   0.0011140505
       -0.0013958467  -0.0010009582   0.0138722407  -0.0204446922  -0.0458296635
       -0.0118943323   0.0195030639  -0.0002927350  -0.0060787944   0.0029289045
        0.0000455238   0.0001721070   0.0000461776  -0.0000154447  -0.0000212991
       -0.0000098101   0.0000481677  -0.0001644811   0.0000502463   0.0002147353
       -0.0000483930   0.0001297238  -0.0006793164  -0.0004364606   0.0002240525
       -0.0038745030   0.0003046463  -0.0038915559  -0.0000138771   0.0000513073
       -0.0000285647  -0.0047552263  -0.0136488382   0.0232676746   0.0540883583
        0.0178402895  -0.0200011135   0.0011543930  -0.0010615619  -0.0005121759
        0.0001435891   0.0002084024  -0.0000137128  -0.0004001550   0.0004450156
       -0.0004626144   0.0007922438   0.0001820252   0.0031405265  -0.0103642588
       -0.1156103290   0.1044266641  -0.0073758557  -0.0342959601   0.0220870049
        0.0001095249  -0.0004849849   0.0000527231  -0.0000380756  -0.0000257819
       -0.0000470915  -0.0001609510  -0.0000849658  -0.0000589762  -0.0001435376
       -0.0000056574  -0.0000579689   0.0001680113   0.0001219076   0.0000125096
       -0.0002030736   0.0003141183   0.0005526865   0.0000167927   0.0000090133
        0.0000230334   0.0005250544   0.0046204112  -0.0035450075   0.0178402895
        0.1507557867  -0.1243989994  -0.0009095985  -0.0061490011  -0.0017107775
        0.0001034885  -0.0000244164   0.0001359546   0.0013574330  -0.0002339595
        0.0011923850  -0.0031094837   0.0115994226  -0.0175355785   0.0205356771
        0.1097333477  -0.1909231246  -0.0009238652  -0.0041904599   0.0092901291
        0.0000107256   0.0000750847   0.0000824950  -0.0000072360  -0.0000513053
        0.0000024787   0.0000718119  -0.0001114628  -0.0000716317   0.0004402104
       -0.0000888627  -0.0000166985  -0.0004815150  -0.0001867229   0.0005477271
       -0.0031608288  -0.0003898297  -0.0025337856   0.0000423078  -0.0000327945
       -0.0003459220   0.0056606232   0.0106130260  -0.0181664125  -0.0200011135
       -0.1243989994   0.2173323026  -0.0005382354  -0.0023120677   0.0010096813
        0.0003116366   0.0002724763  -0.0001174024  -0.0003735085  -0.0003049260
        0.0001197014   0.0010017992  -0.0006143809   0.0017271203  -0.0045329863
       -0.0051382426   0.0041367345  -0.0117246732  -0.0388333683   0.0384677659
       -0.0003503293  -0.0002255143   0.0006910840   0.0002178110   0.0000974056
       -0.0000816304  -0.0004668077   0.0000745201  -0.0001330463   0.0000436850
       -0.0000009716   0.0000643590  -0.0000531979   0.0000827807  -0.0001567149
        0.0000089516  -0.0000096851  -0.0006679834  -0.0000176565   0.0002908404
        0.0000141403   0.0014124124   0.0012593941  -0.0013092688   0.0011543930
       -0.0009095985  -0.0005382354   0.0133684706   0.0439592701  -0.0422166239
        0.0002428244  -0.0001544068  -0.0000849594   0.0000702627  -0.0003017301
       -0.0000663829   0.0002827481   0.0009364643  -0.0002601035  -0.0042778818
       -0.0293980487   0.0215608797  -0.0378654935  -0.1808863695   0.1711554613
       -0.0001851133   0.0001804510   0.0001344245   0.0001260907   0.0000523759
       -0.0000294535   0.0000097169   0.0002155299  -0.0000111169   0.0000836923
        0.0000591283   0.0000312805   0.0001544820   0.0001026133  -0.0001174058
       -0.0008136488   0.0000797452  -0.0004952463   0.0001322340   0.0003324508
        0.0003299507  -0.0008576219   0.0001195899   0.0010146057  -0.0010615619
       -0.0061490011  -0.0023120677   0.0439592701   0.2148112075  -0.1908498665
       -0.0001616857  -0.0001086961  -0.0002075871  -0.0001748630   0.0001912710
       -0.0004192928   0.0005634485  -0.0007040827   0.0011030177  -0.0017531469
       -0.0060553690   0.0126114915   0.0443886708   0.1997869637  -0.2801384347
        0.0001600853   0.0005741879  -0.0002940243   0.0000059296  -0.0000436373
        0.0000992086   0.0001114380  -0.0001137099   0.0002503407  -0.0000431721
       -0.0000642332   0.0000630096  -0.0001181982  -0.0001588521   0.0000641810
        0.0000030773   0.0002486413   0.0001625621  -0.0000682105  -0.0002176073
        0.0000700676  -0.0001845731  -0.0007742324   0.0015685344  -0.0005121759
       -0.0017107775   0.0010096813  -0.0422166239  -0.1908498665   0.2640572445
