           1           2   1.02052339335061     
           2           3   1.00844138310109     
           3           4  0.998264808335243     
           4           5  0.993841812597933     
           1           6  0.984573203162427     
           1           7  0.987494251562868     
           1           8  0.987878582283895     
           2           9  0.978095478816512     
           2          10  0.977836841887477     
           3          11  0.973887176609447     
           3          12  0.975974704409828     
           4          13  0.971777423536377     
           4          14  0.972488446265564     
           5          15  0.864033207284453     
