$hessian                                                                        
        0.4966299020   0.0284024181  -0.0136506986  -0.1151265714   0.0583788501
       -0.0295126591  -0.0167842911   0.0180097603  -0.0025948318  -0.0000072207
       -0.0003307345   0.0001102649  -0.0003196543   0.0002829502  -0.0001516009
       -0.1093844873  -0.1057545111   0.0228401814  -0.1555341870   0.0301813258
        0.1158464980  -0.0938415003  -0.0337048536  -0.0905783206   0.0080384591
       -0.0091541533   0.0046966909  -0.0112791756   0.0121629308  -0.0084262803
        0.0011795182  -0.0005371050  -0.0010335022  -0.0028169567   0.0015793290
        0.0023198711  -0.0008270305   0.0005269634   0.0001100825  -0.0000034491
        0.0001751366   0.0000334772   0.0000766446  -0.0002183066  -0.0000091725
        0.0284024181   0.4913392722   0.0146348532   0.0567281456  -0.1392708994
        0.0345062331   0.0100495696  -0.0084213419  -0.0012878696   0.0004192277
       -0.0003560831   0.0001561906  -0.0001123836   0.0001887748   0.0000671749
       -0.1059283290  -0.2084264328   0.0350556019   0.0304267635  -0.0515450101
       -0.0336975372  -0.0336066291  -0.0646042178  -0.0591811426   0.0152208801
       -0.0245268071   0.0110772332  -0.0021514374   0.0047569533  -0.0012019971
       -0.0001620361   0.0003760354   0.0008213208   0.0016912887   0.0002534141
       -0.0010939579  -0.0008584372   0.0003731662   0.0001434164  -0.0001263963
        0.0001413189   0.0000036847   0.0000073556  -0.0002781427  -0.0000032044
       -0.0136506986   0.0146348532   0.5160434218  -0.0290029929   0.0343167274
       -0.0822702214   0.0109967183  -0.0135028868   0.0045611613  -0.0004709202
       -0.0001282843  -0.0005396516   0.0001424407  -0.0000850840   0.0006412462
        0.0229513026   0.0353033748  -0.0525135465   0.1155550794  -0.0333279333
       -0.1627255526  -0.0906222330  -0.0593051855  -0.2099625062  -0.0041499717
        0.0070424148  -0.0020287688  -0.0172670352   0.0184011861  -0.0108026604
        0.0012741099  -0.0007830854   0.0015442094   0.0037937161  -0.0022501081
       -0.0020281866   0.0002252110  -0.0003397219   0.0000891712   0.0001592052
       -0.0000720586   0.0000792357   0.0000660683   0.0000957916  -0.0000873516
       -0.1151265714   0.0567281456  -0.0290029929   0.4887320696   0.0370178375
        0.0222894769  -0.1217939484   0.0230598522   0.0577250953  -0.0216859780
       -0.0000752572   0.0151437180   0.0007988334   0.0006168025   0.0013229475
        0.0095097508  -0.0093115660   0.0044130308  -0.0157908698   0.0175509559
       -0.0054311169  -0.0118853770   0.0115842808  -0.0087662116  -0.1120817081
       -0.1040191795   0.0249259195  -0.0931412738  -0.0358570526  -0.0886820160
        0.0071470553  -0.0018845369  -0.0055745317  -0.0120260523   0.0066520685
        0.0104899115   0.0006048003   0.0009606162  -0.0001582486  -0.0032599481
       -0.0028950495   0.0011204405  -0.0000007824  -0.0001279175   0.0001845779
        0.0583788501  -0.1392708994   0.0343167274   0.0370178375   0.5025705701
        0.0046553406   0.0195365847  -0.0745114264  -0.0221235700  -0.0123075168
        0.0049700801   0.0124419065   0.0001979864   0.0010233082   0.0002709539
        0.0145817585  -0.0241060934   0.0102896627   0.0066750494  -0.0066185076
        0.0016563504  -0.0025530702   0.0052635025  -0.0005729657  -0.1037487134
       -0.1908044642   0.0379265293  -0.0353143019  -0.0667462973  -0.0586691052
        0.0030481727  -0.0004874996  -0.0047129246   0.0190125092  -0.0094317471
       -0.0171483832  -0.0000667125   0.0008006604   0.0004809727  -0.0043411854
       -0.0022757252   0.0012611677  -0.0001172483  -0.0003754610  -0.0000726625
       -0.0295126591   0.0345062331  -0.0822702214   0.0222894769   0.0046553406
        0.4953891563   0.0565528686  -0.0244340155  -0.1276515388   0.0086099606
        0.0034895231  -0.0029273035  -0.0014116538  -0.0001943112  -0.0003659457
       -0.0033972921   0.0064875626  -0.0021729459   0.0130511418  -0.0145684712
        0.0057547045  -0.0178691802   0.0184993733  -0.0118747527   0.0250767876
        0.0384010945  -0.0542011944  -0.0891495263  -0.0600655816  -0.1999264398
        0.0179186885  -0.0084159562  -0.0245613724  -0.0024118666   0.0015817133
        0.0037733024  -0.0000804572  -0.0002093430   0.0002170623   0.0002641112
        0.0002665855   0.0009207321   0.0000696000   0.0000002526  -0.0001032431
       -0.0167842911   0.0100495696   0.0109967183  -0.1217939484   0.0195365847
        0.0565528686   0.4659140931  -0.0237814720   0.0353666277  -0.1213704761
       -0.0526919482   0.0108419218  -0.0225232980  -0.0164851523  -0.0149919772
        0.0004130509  -0.0005354262   0.0001227049  -0.0023276950   0.0031578887
       -0.0008733975   0.0005232295  -0.0002096104   0.0010203286  -0.0161631639
        0.0027619795   0.0161633739   0.0081000438  -0.0021600799  -0.0056390606
       -0.0846031196  -0.0069801718  -0.0914000136  -0.0769038912   0.0791367966
       -0.0248228537   0.0062845588   0.0035733532  -0.0008060663  -0.0194983621
       -0.0152593506   0.0070312000   0.0007332695  -0.0001129607   0.0004376250
        0.0180097603  -0.0084213419  -0.0135028868   0.0230598522  -0.0745114264
       -0.0244340155  -0.0237814720   0.4926655853  -0.0115064164  -0.0578740856
       -0.1240662630   0.0086755726  -0.0083741488  -0.0014458654  -0.0049347379
       -0.0001217868   0.0005492505  -0.0005370503   0.0034394776  -0.0032871851
        0.0009238181  -0.0005998407   0.0005716677  -0.0004276470  -0.0157672057
        0.0037673603   0.0160937080   0.0061971463  -0.0018671026  -0.0083522220
       -0.0073998069  -0.0448329053  -0.0157293214   0.0780897763  -0.2200540453
        0.0514524991  -0.0197065088  -0.0241832016   0.0036309262   0.0033892063
        0.0032543437  -0.0008450978   0.0014396364   0.0018611292  -0.0005071291
       -0.0025948318  -0.0012878696   0.0045611613   0.0577250953  -0.0221235700
       -0.1276515388   0.0353666277  -0.0115064164   0.5138320719   0.0113850376
        0.0102371108  -0.0617911011  -0.0301150532  -0.0214119371  -0.0099577134
        0.0001245755  -0.0000338234   0.0003735546  -0.0017891814   0.0016415813
        0.0004020114  -0.0011948397   0.0007685448   0.0012570679   0.0074746140
       -0.0013446501  -0.0060855347   0.0176618873  -0.0086203564  -0.0239506220
       -0.0900199668  -0.0150591062  -0.2291328435  -0.0250322502   0.0515834366
       -0.0591575553   0.0037593081   0.0040707490   0.0004918159   0.0171745825
        0.0134952049  -0.0035888132   0.0000743950  -0.0004088981   0.0003980390
       -0.0000072207   0.0004192277  -0.0004709202  -0.0216859780  -0.0123075168
        0.0086099606  -0.1213704761  -0.0578740856   0.0113850376   0.4498216971
       -0.0446392794  -0.0249326601  -0.0881214129   0.0035075380  -0.0711691350
       -0.0009093798  -0.0000604728   0.0003758862   0.0001715400  -0.0001642391
       -0.0001364551  -0.0001674602  -0.0001304130   0.0002446038  -0.0025606500
        0.0007332742   0.0023491630   0.0002123962  -0.0005335127  -0.0011229600
       -0.0108466075  -0.0097741175  -0.0014131814   0.0061681896   0.0044894710
       -0.0006056479  -0.0710448545   0.0779032427  -0.0080303102  -0.1275415555
        0.0381872741   0.0983361066  -0.0121182276   0.0002436092  -0.0134194878
       -0.0003307345  -0.0003560831  -0.0001282843  -0.0000752572   0.0049700801
        0.0034895231  -0.0526919482  -0.1240662630   0.0102371108  -0.0446392794
        0.5147095090  -0.0027830252  -0.0106489967  -0.0771568073  -0.0352369144
        0.0010601331  -0.0000278838  -0.0003414310   0.0003909155  -0.0000034997
       -0.0000262776   0.0000706652  -0.0000554222   0.0001050641   0.0012443856
        0.0008773644  -0.0014998984  -0.0001764104   0.0006634772  -0.0003032400
       -0.0024477377  -0.0018063826  -0.0002524269  -0.0208289571  -0.0259266501
        0.0031672851   0.0758585486  -0.2360588942   0.0308918067   0.0376544881
       -0.0597761412  -0.0351492853   0.0155601850   0.0040135967   0.0278299931
        0.0001102649   0.0001561906  -0.0005396516   0.0151437180   0.0124419065
       -0.0029273035   0.0108419218   0.0086755726  -0.0617911011  -0.0249326601
       -0.0027830252   0.4412521971  -0.0695908391  -0.0113310608  -0.1705254469
       -0.0002902096   0.0001715657   0.0003840668   0.0001553325   0.0000715653
        0.0000117191  -0.0000434324  -0.0000537994  -0.0001147936   0.0041754882
       -0.0005373028  -0.0030580622   0.0005359184   0.0004931794  -0.0000628208
       -0.0190947341  -0.0167757208  -0.0016819489   0.0050188558   0.0069725835
        0.0000312132  -0.0109627287   0.0351203185  -0.0471058790   0.0962844885
       -0.0376151636  -0.1408603033  -0.0073513840   0.0049931904  -0.0130118854
       -0.0003196543  -0.0001123836   0.0001424407   0.0007988334   0.0001979864
       -0.0014116538  -0.0225232980  -0.0083741488  -0.0301150532  -0.0881214129
       -0.0106489967  -0.0695908391   0.1870258611  -0.1303818600   0.1580233729
        0.0001113492  -0.0000384033  -0.0001139775  -0.0000500166  -0.0000405856
        0.0001723373   0.0000629817   0.0000568180  -0.0002276288   0.0003632879
       -0.0001721914  -0.0002191274   0.0007325963   0.0001871572  -0.0002718376
       -0.0056609831  -0.0052108928  -0.0010943135   0.0017621692   0.0014105263
        0.0005827718  -0.0111748199   0.0036603790  -0.0183796501   0.0103711444
       -0.0011915022   0.0017695059  -0.0733780385   0.1506580975  -0.0392663475
        0.0002829502   0.0001887748  -0.0000850840   0.0006168025   0.0010233082
       -0.0001943112  -0.0164851523  -0.0014458654  -0.0214119371   0.0035075380
       -0.0771568073  -0.0113310608  -0.1303818600   0.4339991575  -0.0291947716
       -0.0000847170  -0.0000309780   0.0000416968   0.0000004585  -0.0000437526
        0.0000090141  -0.0000470456  -0.0001215618  -0.0000313886   0.0002322770
       -0.0001825624  -0.0001888359   0.0002828600  -0.0001009901  -0.0001517785
       -0.0048435887  -0.0034297010  -0.0008459774   0.0002150273   0.0013978179
       -0.0008688091   0.0162911612   0.0001952374   0.0276680930  -0.0051230206
        0.0014931609  -0.0122045620   0.1355363096  -0.3557852381   0.0487897124
       -0.0001516009   0.0000671749   0.0006412462   0.0013229475   0.0002709539
       -0.0003659457  -0.0149919772  -0.0049347379  -0.0099577134  -0.0711691350
       -0.0352369144  -0.1705254469   0.1580233729  -0.0291947716   0.2833392674
        0.0000883285   0.0000145501  -0.0004473552  -0.0001777605  -0.0000312889
        0.0001585839   0.0003306254   0.0000356270   0.0000206818  -0.0000516929
       -0.0000310670   0.0003057723  -0.0000763591   0.0004892366   0.0010841726
       -0.0021723906  -0.0024865056   0.0004327650   0.0021036174   0.0002433909
        0.0004194970  -0.0110708957   0.0054038840  -0.0142270397  -0.0150662750
       -0.0071983166  -0.0480010377  -0.0469408048   0.0725887845  -0.0428774476
       -0.1093844873  -0.1059283290   0.0229513026   0.0095097508   0.0145817585
       -0.0033972921   0.0004130509  -0.0001217868   0.0001245755  -0.0009093798
        0.0010601331  -0.0002902096   0.0001113492  -0.0000847170   0.0000883285
        0.1273443020   0.1215355155  -0.0268069590  -0.0155024400  -0.0199013868
        0.0068692846  -0.0099634510  -0.0145580143   0.0009894530  -0.0012176514
        0.0037498781  -0.0013575161   0.0007140250   0.0001906254   0.0002529223
       -0.0000474156  -0.0001047209  -0.0000224905  -0.0000744767  -0.0001978937
       -0.0000376603  -0.0012596618   0.0000379176   0.0006782759   0.0002552392
       -0.0002374728  -0.0000059933   0.0000112463  -0.0000215069  -0.0000360216
       -0.1057545111  -0.2084264328   0.0353033748  -0.0093115660  -0.0241060934
        0.0064875626  -0.0005354262   0.0005492505  -0.0000338234  -0.0000604728
       -0.0000278838   0.0001715657  -0.0000384033  -0.0000309780   0.0000145501
        0.1215355155   0.2428367437  -0.0435348269   0.0003486899   0.0032512546
        0.0001504676  -0.0093467223  -0.0113771217  -0.0001936869   0.0034490431
       -0.0044384329   0.0024763057  -0.0005088293   0.0007936766  -0.0002825044
       -0.0001362697  -0.0002746189  -0.0001534798  -0.0002816352   0.0002002396
       -0.0000795020   0.0008579414   0.0007450459  -0.0002614631  -0.0001580396
        0.0000951257  -0.0000432314  -0.0000593144   0.0002102250  -0.0000213085
        0.0228401814   0.0350556019  -0.0525135465   0.0044130308   0.0102896627
       -0.0021729459   0.0001227049  -0.0005370503   0.0003735546   0.0003758862
       -0.0003414310   0.0003840668  -0.0001139775   0.0000416968  -0.0004473552
       -0.0268069590  -0.0435348269   0.0577527351   0.0160250753   0.0197046589
       -0.0061433656  -0.0163023716  -0.0234902653   0.0030052589  -0.0014494810
        0.0024352978  -0.0002582242   0.0004788475   0.0005043276  -0.0000202962
       -0.0001362466  -0.0001473211  -0.0001273304   0.0000429841   0.0000144954
       -0.0001016800   0.0005410540   0.0000187437   0.0003361108   0.0000081315
        0.0000236312  -0.0000795113  -0.0000388600  -0.0000372216   0.0000125290
       -0.1555341870   0.0304267635   0.1155550794  -0.0157908698   0.0066750494
        0.0130511418  -0.0023276950   0.0034394776  -0.0017891814   0.0001715400
        0.0003909155   0.0001553325  -0.0000500166   0.0000004585  -0.0001777605
       -0.0155024400   0.0003486899   0.0160250753   0.1800323367  -0.0384760045
       -0.1344273569   0.0090823289  -0.0026631087  -0.0091321915   0.0006914178
       -0.0003396472   0.0001624260  -0.0001449376  -0.0002763265   0.0002266126
        0.0000425632  -0.0000838804  -0.0003537040  -0.0009917184   0.0005489791
        0.0007290319   0.0002725605   0.0000296717  -0.0000355848   0.0000448271
       -0.0000424192  -0.0000359495   0.0000042900   0.0000213814   0.0000470289
        0.0301813258  -0.0515450101  -0.0333279333   0.0175509559  -0.0066185076
       -0.0145684712   0.0031578887  -0.0032871851   0.0016415813  -0.0001642391
       -0.0000034997   0.0000715653  -0.0000405856  -0.0000437526  -0.0000312889
       -0.0199013868   0.0032512546   0.0197046589  -0.0384760045   0.0600317132
        0.0376157940   0.0066461299  -0.0018851078  -0.0097191037   0.0002201541
        0.0001414202  -0.0006413041  -0.0003097580   0.0004518017  -0.0002164255
       -0.0001304615  -0.0000466390   0.0002802001   0.0010724105  -0.0006061608
       -0.0007148935   0.0002244847  -0.0000335798  -0.0000070640  -0.0000079276
        0.0001136749  -0.0000569467  -0.0000229865   0.0000795779  -0.0000303687
        0.1158464980  -0.0336975372  -0.1627255526  -0.0054311169   0.0016563504
        0.0057547045  -0.0008733975   0.0009238181   0.0004020114  -0.0001364551
       -0.0000262776   0.0000117191   0.0001723373   0.0000090141   0.0001585839
        0.0068692846   0.0001504676  -0.0061433656  -0.1344273569   0.0376157940
        0.1866353889   0.0187189299  -0.0066823593  -0.0253061553  -0.0002328308
       -0.0003129462   0.0002477762  -0.0001699191   0.0002066745   0.0004892765
       -0.0000455918   0.0001622398   0.0002038539  -0.0001314685   0.0001482177
        0.0003335383  -0.0000782056  -0.0001232733  -0.0000439474  -0.0000479433
       -0.0000239240  -0.0000060309  -0.0000327643  -0.0000062586  -0.0000118010
       -0.0938415003  -0.0336066291  -0.0906222330  -0.0118853770  -0.0025530702
       -0.0178691802   0.0005232295  -0.0005998407  -0.0011948397  -0.0001674602
        0.0000706652  -0.0000434324   0.0000629817  -0.0000470456   0.0003306254
       -0.0099634510  -0.0093467223  -0.0163023716   0.0090823289   0.0066461299
        0.0187189299   0.1081291273   0.0360881096   0.1080069266   0.0005942702
       -0.0004632999   0.0004711013  -0.0023210372   0.0036284632  -0.0021627108
       -0.0004126030   0.0004575869   0.0007036255   0.0002425110  -0.0001580828
        0.0000913484  -0.0000631700  -0.0001553410  -0.0001628695  -0.0000270508
        0.0000525357   0.0000384614   0.0000472009  -0.0000134588  -0.0000033813
       -0.0337048536  -0.0646042178  -0.0593051855   0.0115842808   0.0052635025
        0.0184993733  -0.0002096104   0.0005716677   0.0007685448  -0.0001304130
       -0.0000554222  -0.0000537994   0.0000568180  -0.0001215618   0.0000356270
       -0.0145580143  -0.0113771217  -0.0234902653  -0.0026631087  -0.0018851078
       -0.0066823593   0.0360881096   0.0739797458   0.0678077454   0.0002021994
        0.0007186925   0.0004265937   0.0035180644  -0.0027183793   0.0022657985
        0.0000645962   0.0001203510  -0.0002864432  -0.0001407901   0.0000587404
        0.0001145489  -0.0000430717  -0.0000671183  -0.0001475224  -0.0000745751
        0.0000259261   0.0000359753   0.0000103685   0.0000903029   0.0000113682
       -0.0905783206  -0.0591811426  -0.2099625062  -0.0087662116  -0.0005729657
       -0.0118747527   0.0010203286  -0.0004276470   0.0012570679   0.0002446038
        0.0001050641  -0.0001147936  -0.0002276288  -0.0000313886   0.0000206818
        0.0009894530  -0.0001936869   0.0030052589  -0.0091321915  -0.0097191037
       -0.0253061553   0.1080069266   0.0678077454   0.2435255526   0.0002417350
       -0.0001603267  -0.0000504862  -0.0018146018   0.0026246085  -0.0008054656
       -0.0001771772  -0.0000319585   0.0003909891   0.0002383222  -0.0001011727
       -0.0000777967  -0.0001362372  -0.0000616855  -0.0000629084   0.0000140321
        0.0000044459   0.0000414350   0.0000769673  -0.0000607859   0.0000138795
        0.0080384591   0.0152208801  -0.0041499717  -0.1120817081  -0.1037487134
        0.0250767876  -0.0161631639  -0.0157672057   0.0074746140  -0.0025606500
        0.0012443856   0.0041754882   0.0003632879   0.0002322770  -0.0000516929
       -0.0012176514   0.0034490431  -0.0014494810   0.0006914178   0.0002201541
       -0.0002328308   0.0005942702   0.0002021994   0.0002417350   0.1342613497
        0.1155450329  -0.0319010691  -0.0104495886  -0.0155717159   0.0006551512
        0.0001467923  -0.0000793985  -0.0001324227  -0.0003704537  -0.0005035346
       -0.0000380078   0.0000743763   0.0003792757  -0.0000915000  -0.0013411094
       -0.0007914030   0.0003622189   0.0000143716  -0.0000312768   0.0000609809
       -0.0091541533  -0.0245268071   0.0070424148  -0.1040191795  -0.1908044642
        0.0384010945   0.0027619795   0.0037673603  -0.0013446501   0.0007332742
        0.0008773644  -0.0005373028  -0.0001721914  -0.0001825624  -0.0000310670
        0.0037498781  -0.0044384329   0.0024352978  -0.0003396472   0.0001414202
       -0.0003129462  -0.0004632999   0.0007186925  -0.0001603267   0.1155450329
        0.2247776400  -0.0452113611  -0.0096929410  -0.0115251427   0.0001189700
        0.0000560380  -0.0001147524   0.0001682566   0.0006401240   0.0010759358
       -0.0005652360   0.0002077044   0.0000814837  -0.0000740185   0.0000841249
        0.0000720076   0.0000216140   0.0000632562   0.0000802573   0.0000492608
        0.0046966909   0.0110772332  -0.0020287688   0.0249259195   0.0379265293
       -0.0542011944   0.0161633739   0.0160937080  -0.0060855347   0.0023491630
       -0.0014998984  -0.0030580622  -0.0002191274  -0.0001888359   0.0003057723
       -0.0013575161   0.0024763057  -0.0002582242   0.0001624260  -0.0006413041
        0.0002477762   0.0004711013   0.0004265937  -0.0000504862  -0.0319010691
       -0.0452113611   0.0614064564  -0.0160284486  -0.0218044691   0.0035828092
        0.0000586064   0.0002220974  -0.0001989358  -0.0002508151   0.0004020669
        0.0007973281  -0.0001549761  -0.0001001805  -0.0001196082   0.0010857589
        0.0008160604  -0.0003543135  -0.0000010873   0.0000054545   0.0000149859
       -0.0112791756  -0.0021514374  -0.0172670352  -0.0931412738  -0.0353143019
       -0.0891495263   0.0081000438   0.0061971463   0.0176618873   0.0002123962
       -0.0001764104   0.0005359184   0.0007325963   0.0002828600  -0.0000763591
        0.0007140250  -0.0005088293   0.0004788475  -0.0001449376  -0.0003097580
       -0.0001699191  -0.0023210372   0.0035180644  -0.0018146018  -0.0104495886
       -0.0096929410  -0.0160284486   0.1102482297   0.0366779349   0.1022438894
       -0.0023440215   0.0010503052   0.0037286027   0.0000650807  -0.0000459382
        0.0000242375   0.0000466582   0.0000930190  -0.0000894331   0.0001971653
        0.0001086823  -0.0004094317  -0.0006361610   0.0002716041   0.0003313721
        0.0121629308   0.0047569533   0.0184011861  -0.0358570526  -0.0667462973
       -0.0600655816  -0.0021600799  -0.0018671026  -0.0086203564  -0.0005335127
        0.0006634772   0.0004931794   0.0001871572  -0.0001009901   0.0004892366
        0.0001906254   0.0007936766   0.0005043276  -0.0002763265   0.0004518017
        0.0002066745   0.0036284632  -0.0027183793   0.0026246085  -0.0155717159
       -0.0115251427  -0.0218044691   0.0366779349   0.0769839670   0.0687430465
        0.0013066395  -0.0000943378  -0.0008670778  -0.0000216821  -0.0002717413
       -0.0001321916   0.0000551092  -0.0001172747   0.0002098112  -0.0001144722
       -0.0001615279   0.0000266380   0.0003259817  -0.0000470821  -0.0002090321
       -0.0084262803  -0.0012019971  -0.0108026604  -0.0886820160  -0.0586691052
       -0.1999264398  -0.0056390606  -0.0083522220  -0.0239506220  -0.0011229600
       -0.0003032400  -0.0000628208  -0.0002718376  -0.0001517785   0.0010841726
        0.0002529223  -0.0002825044  -0.0000202962   0.0002266126  -0.0002164255
        0.0004892765  -0.0021627108   0.0022657985  -0.0008054656   0.0006551512
        0.0001189700   0.0035828092   0.1022438894   0.0687430465   0.2346053861
        0.0033035858  -0.0020780355  -0.0040128664  -0.0001222118  -0.0001302420
       -0.0000727934   0.0000052830   0.0001812235  -0.0003159437  -0.0005603357
        0.0000419728   0.0001174261   0.0002999684   0.0000345386   0.0000908378
        0.0011795182  -0.0001620361   0.0012741099   0.0071470553   0.0030481727
        0.0179186885  -0.0846031196  -0.0073998069  -0.0900199668  -0.0108466075
       -0.0024477377  -0.0190947341  -0.0056609831  -0.0048435887  -0.0021723906
       -0.0000474156  -0.0001362697  -0.0001362466   0.0000425632  -0.0001304615
       -0.0000455918  -0.0004126030   0.0000645962  -0.0001771772   0.0001467923
        0.0000560380   0.0000586064  -0.0023440215   0.0013066395   0.0033035858
        0.1014236751   0.0090107686   0.1030464948  -0.0062908094   0.0013992919
       -0.0136240866   0.0003454357   0.0002635124  -0.0001206270  -0.0003344641
        0.0002398205  -0.0003788896   0.0002549839  -0.0002689391   0.0001682249
       -0.0005371050   0.0003760354  -0.0007830854  -0.0018845369  -0.0004874996
       -0.0084159562  -0.0069801718  -0.0448329053  -0.0150591062  -0.0097741175
       -0.0018063826  -0.0167757208  -0.0052108928  -0.0034297010  -0.0024865056
       -0.0001047209  -0.0002746189  -0.0001473211  -0.0000838804  -0.0000466390
        0.0001622398   0.0004575869   0.0001203510  -0.0000319585  -0.0000793985
       -0.0001147524   0.0002220974   0.0010503052  -0.0000943378  -0.0020780355
        0.0090107686   0.0504022132   0.0196649296   0.0139678262  -0.0002477120
        0.0261959970  -0.0000300960   0.0000721991  -0.0004341373   0.0002478036
        0.0003944944  -0.0002371188  -0.0000493706  -0.0000307443   0.0002036815
       -0.0010335022   0.0008213208   0.0015442094  -0.0055745317  -0.0047129246
       -0.0245613724  -0.0914000136  -0.0157293214  -0.2291328435  -0.0014131814
       -0.0002524269  -0.0016819489  -0.0010943135  -0.0008459774   0.0004327650
       -0.0000224905  -0.0001534798  -0.0001273304  -0.0003537040   0.0002802001
        0.0002038539   0.0007036255  -0.0002864432   0.0003909891  -0.0001324227
        0.0001682566  -0.0001989358   0.0037286027  -0.0008670778  -0.0040128664
        0.1030464948   0.0196649296   0.2675422316  -0.0069814328   0.0019846730
       -0.0111783764   0.0001421237  -0.0001540790   0.0000095231   0.0000586116
        0.0002748084   0.0005870113   0.0003261341  -0.0001924584   0.0001830903
       -0.0028169567   0.0016912887   0.0037937161  -0.0120260523   0.0190125092
       -0.0024118666  -0.0769038912   0.0780897763  -0.0250322502   0.0061681896
       -0.0208289571   0.0050188558   0.0017621692   0.0002150273   0.0021036174
       -0.0000744767  -0.0002816352   0.0000429841  -0.0009917184   0.0010724105
       -0.0001314685   0.0002425110  -0.0001407901   0.0002383222  -0.0003704537
        0.0006401240  -0.0002508151   0.0000650807  -0.0000216821  -0.0001222118
       -0.0062908094   0.0139678262  -0.0069814328   0.0934516645  -0.0899756702
        0.0245176588  -0.0027565904  -0.0036406731   0.0000052979   0.0007151851
       -0.0002740216  -0.0002227051  -0.0001738512   0.0004744671  -0.0005677022
        0.0015793290   0.0002534141  -0.0022501081   0.0066520685  -0.0094317471
        0.0015817133   0.0791367966  -0.2200540453   0.0515834366   0.0044894710
       -0.0259266501   0.0069725835   0.0014105263   0.0013978179   0.0002433909
       -0.0001978937   0.0002002396   0.0000144954   0.0005489791  -0.0006061608
        0.0001482177  -0.0001580828   0.0000587404  -0.0001011727  -0.0005035346
        0.0010759358   0.0004020669  -0.0000459382  -0.0002717413  -0.0001302420
        0.0013992919  -0.0002477120   0.0019846730  -0.0899756702   0.2566518225
       -0.0608832307  -0.0041972294  -0.0036211299   0.0008354847   0.0005377450
        0.0003202552   0.0000154968  -0.0006758584   0.0002009610  -0.0004168054
        0.0023198711  -0.0010939579  -0.0020281866   0.0104899115  -0.0171483832
        0.0037733024  -0.0248228537   0.0514524991  -0.0591575553  -0.0006056479
        0.0031672851   0.0000312132   0.0005827718  -0.0008688091   0.0004194970
       -0.0000376603  -0.0000795020  -0.0001016800   0.0007290319  -0.0007148935
        0.0003335383   0.0000913484   0.0001145489  -0.0000777967  -0.0000380078
       -0.0005652360   0.0007973281   0.0000242375  -0.0001321916  -0.0000727934
       -0.0136240866   0.0261959970  -0.0111783764   0.0245176588  -0.0608832307
        0.0668109776   0.0006378672   0.0002199412   0.0004913308   0.0000216132
        0.0003076057  -0.0002790581  -0.0002860552   0.0000283270   0.0002382592
       -0.0008270305  -0.0008584372   0.0002252110   0.0006048003  -0.0000667125
       -0.0000804572   0.0062845588  -0.0197065088   0.0037593081  -0.0710448545
        0.0758585486  -0.0109627287  -0.0111748199   0.0162911612  -0.0110708957
       -0.0012596618   0.0008579414   0.0005410540   0.0002725605   0.0002244847
       -0.0000782056  -0.0000631700  -0.0000430717  -0.0001362372   0.0000743763
        0.0002077044  -0.0001549761   0.0000466582   0.0000551092   0.0000052830
        0.0003454357  -0.0000300960   0.0001421237  -0.0027565904  -0.0041972294
        0.0006378672   0.0896240539  -0.0903468711   0.0206817569  -0.0093275566
        0.0217176453  -0.0000363242  -0.0007987598   0.0000363319  -0.0034727791
        0.0005269634   0.0003731662  -0.0003397219   0.0009606162   0.0008006604
       -0.0002093430   0.0035733532  -0.0241832016   0.0040707490   0.0779032427
       -0.2360588942   0.0351203185   0.0036603790   0.0001952374   0.0054038840
        0.0000379176   0.0007450459   0.0000187437   0.0000296717  -0.0000335798
       -0.0001232733  -0.0001553410  -0.0000671183  -0.0000616855   0.0003792757
        0.0000814837  -0.0001001805   0.0000930190  -0.0001172747   0.0001812235
        0.0002635124   0.0000721991  -0.0001540790  -0.0036406731  -0.0036211299
        0.0002199412  -0.0903468711   0.2722265579  -0.0433077730   0.0068049365
       -0.0118304923  -0.0008598488  -0.0000900022   0.0014173404   0.0001410451
        0.0001100825   0.0001434164   0.0000891712  -0.0001582486   0.0004809727
        0.0002170623  -0.0008060663   0.0036309262   0.0004918159  -0.0080303102
        0.0308918067  -0.0471058790  -0.0183796501   0.0276680930  -0.0142270397
        0.0006782759  -0.0002614631   0.0003361108  -0.0000355848  -0.0000070640
       -0.0000439474  -0.0001628695  -0.0001475224  -0.0000629084  -0.0000915000
       -0.0000740185  -0.0001196082  -0.0000894331   0.0002098112  -0.0003159437
       -0.0001206270  -0.0004341373   0.0000095231   0.0000052979   0.0008354847
        0.0004913308   0.0206817569  -0.0433077730   0.0623331134   0.0100633469
       -0.0203690900   0.0025183942  -0.0036644705   0.0007405574  -0.0046111953
       -0.0000034491  -0.0001263963   0.0001592052  -0.0032599481  -0.0043411854
        0.0002641112  -0.0194983621   0.0033892063   0.0171745825  -0.1275415555
        0.0376544881   0.0962844885   0.0103711444  -0.0051230206  -0.0150662750
        0.0002552392  -0.0001580396   0.0000081315   0.0000448271  -0.0000079276
       -0.0000479433  -0.0000270508  -0.0000745751   0.0000140321  -0.0013411094
        0.0000841249   0.0010857589   0.0001971653  -0.0001144722  -0.0005603357
       -0.0003344641   0.0002478036   0.0000586116   0.0007151851   0.0005377450
        0.0000216132  -0.0093275566   0.0068049365   0.0100633469   0.1484072109
       -0.0388531668  -0.1080208861   0.0013427237   0.0000804792  -0.0014384416
        0.0001751366   0.0001413189  -0.0000720586  -0.0028950495  -0.0022757252
        0.0002665855  -0.0152593506   0.0032543437   0.0134952049   0.0381872741
       -0.0597761412  -0.0376151636  -0.0011915022   0.0014931609  -0.0071983166
       -0.0002374728   0.0000951257   0.0000236312  -0.0000424192   0.0001136749
       -0.0000239240   0.0000525357   0.0000259261   0.0000044459  -0.0007914030
        0.0000720076   0.0008160604   0.0001086823  -0.0001615279   0.0000419728
        0.0002398205   0.0003944944   0.0002748084  -0.0002740216   0.0003202552
        0.0003076057   0.0217176453  -0.0118304923  -0.0203690900  -0.0388531668
        0.0671314379   0.0483075828  -0.0009367086   0.0010021414   0.0017406549
        0.0000334772   0.0000036847   0.0000792357   0.0011204405   0.0012611677
        0.0009207321   0.0070312000  -0.0008450978  -0.0035888132   0.0983361066
       -0.0351492853  -0.1408603033   0.0017695059  -0.0122045620  -0.0480010377
       -0.0000059933  -0.0000432314  -0.0000795113  -0.0000359495  -0.0000569467
       -0.0000060309   0.0000384614   0.0000359753   0.0000414350   0.0003622189
        0.0000216140  -0.0003543135  -0.0004094317   0.0000266380   0.0001174261
       -0.0003788896  -0.0002371188   0.0005870113  -0.0002227051   0.0000154968
       -0.0002790581  -0.0000363242  -0.0008598488   0.0025183942  -0.1080208861
        0.0483075828   0.1882373969   0.0004187691  -0.0002760688   0.0006674369
        0.0000766446   0.0000073556   0.0000660683  -0.0000007824  -0.0001172483
        0.0000696000   0.0007332695   0.0014396364   0.0000743950  -0.0121182276
        0.0155601850  -0.0073513840  -0.0733780385   0.1355363096  -0.0469408048
        0.0000112463  -0.0000593144  -0.0000388600   0.0000042900  -0.0000229865
       -0.0000327643   0.0000472009   0.0000103685   0.0000769673   0.0000143716
        0.0000632562  -0.0000010873  -0.0006361610   0.0003259817   0.0002999684
        0.0002549839  -0.0000493706   0.0003261341  -0.0001738512  -0.0006758584
       -0.0002860552  -0.0007987598  -0.0000900022  -0.0036644705   0.0013427237
       -0.0009367086   0.0004187691   0.0846210900  -0.1509916040   0.0569835240
       -0.0002183066  -0.0002781427   0.0000957916  -0.0001279175  -0.0003754610
        0.0000002526  -0.0001129607   0.0018611292  -0.0004088981   0.0002436092
        0.0040135967   0.0049931904   0.1506580975  -0.3557852381   0.0725887845
       -0.0000215069   0.0002102250  -0.0000372216   0.0000213814   0.0000795779
       -0.0000062586  -0.0000134588   0.0000903029  -0.0000607859  -0.0000312768
        0.0000802573   0.0000054545   0.0002716041  -0.0000470821   0.0000345386
       -0.0002689391  -0.0000307443  -0.0001924584   0.0004744671   0.0002009610
        0.0000283270   0.0000363319   0.0014173404   0.0007405574   0.0000804792
        0.0010021414  -0.0002760688  -0.1509916040   0.3475611365  -0.0775052052
       -0.0000091725  -0.0000032044  -0.0000873516   0.0001845779  -0.0000726625
       -0.0001032431   0.0004376250  -0.0005071291   0.0003980390  -0.0134194878
        0.0278299931  -0.0130118854  -0.0392663475   0.0487897124  -0.0428774476
       -0.0000360216  -0.0000213085   0.0000125290   0.0000470289  -0.0000303687
       -0.0000118010  -0.0000033813   0.0000113682   0.0000138795   0.0000609809
        0.0000492608   0.0000149859   0.0003313721  -0.0002090321   0.0000908378
        0.0001682249   0.0002036815   0.0001830903  -0.0005677022  -0.0004168054
        0.0002382592  -0.0034727791   0.0001410451  -0.0046111953  -0.0014384416
        0.0017406549   0.0006674369   0.0569835240  -0.0775052052   0.0590838663
