           1           2   1.02082996803883     
           2           3   1.00777808786384     
           3           4  0.999050287275544     
           4           5  0.993611315096054     
           1           6  0.985635487645536     
           1           7  0.987057655067026     
           1           8  0.987326060731521     
           2           9  0.978707895779670     
           2          10  0.976602518423460     
           3          11  0.974738462596076     
           3          12  0.975724915033661     
           4          13  0.971051666253845     
           4          14  0.971165314205812     
           5          15  0.863175824459512     
