           1           2   1.02000665767668     
           2           3   1.00740845659042     
           3           4   1.00515509919101     
           4           5  0.988262259411937     
           1           6  0.987187829804189     
           1           7  0.986805204046909     
           1           8  0.986761773569772     
           2           9  0.977840541134490     
           2          10  0.977725665861830     
           3          11  0.976395952324352     
           3          12  0.975863000353201     
           4          13  0.971769495325093     
           4          14  0.971671274154428     
           5          15  0.857075608894616     
