$hessian                                                                        
        0.4656110892   0.0196451593   0.0055830993  -0.1876492481   0.0432931500
        0.0116136171  -0.0252802495   0.0025250852  -0.0028885803  -0.0021085319
       -0.0018874719  -0.0025993778   0.0003349512   0.0000206315   0.0000047136
       -0.0432424653   0.0127031647  -0.0041691684  -0.0654081585  -0.0067458913
        0.0701505380  -0.1217836069  -0.0794790854  -0.0822447008  -0.0147300093
        0.0043425360   0.0040121860  -0.0062996518   0.0044846995  -0.0004340048
        0.0009411399   0.0003891197   0.0005084644   0.0007584550   0.0007785953
        0.0005072806   0.0000236840  -0.0003167995   0.0000201585  -0.0012197258
        0.0001490734  -0.0000295612   0.0000523277   0.0000980334  -0.0000346642
        0.0196451593   0.5158805742  -0.0003198448   0.0426540572  -0.0810210962
       -0.0019521486  -0.0135261670   0.0035371086   0.0003794770  -0.0017307696
       -0.0013463168  -0.0020121779   0.0000773061   0.0001246728   0.0002440670
        0.0127392166  -0.2606396800   0.0665545911  -0.0065469100  -0.0465036699
        0.0182710820  -0.0791854304  -0.1204847338  -0.0796566063  -0.0005970652
        0.0012109365  -0.0002117132   0.0290646414  -0.0125538165  -0.0010001361
       -0.0002019550   0.0002290639   0.0002428169  -0.0012379331   0.0012086457
       -0.0002628125  -0.0001844991   0.0001512588  -0.0001044790  -0.0010362829
        0.0002904094  -0.0001173381   0.0000666316  -0.0000833567  -0.0000547775
        0.0055830993  -0.0003198448   0.5214453765   0.0109477776  -0.0019619368
       -0.0669843391  -0.0169747145   0.0036595495  -0.0001756860  -0.0017563929
       -0.0017383127  -0.0024689307   0.0000162517  -0.0000366172   0.0007037433
       -0.0039183488   0.0664173751  -0.0653846259   0.0701280461   0.0182882528
       -0.2573408613  -0.0820025713  -0.0796744032  -0.1280473448   0.0281879865
       -0.0089111926  -0.0041052512  -0.0080931686   0.0036506020   0.0012260659
       -0.0009996007   0.0002266892   0.0008894739   0.0001267346   0.0003601385
        0.0003902391   0.0000039752  -0.0000460937  -0.0000283589  -0.0011917842
        0.0000823403  -0.0000205881  -0.0000572901   0.0000034536  -0.0000989128
       -0.1876492481   0.0426540572   0.0109477776   0.4663594574  -0.0054127390
       -0.0212837950  -0.1039148300  -0.0429681974  -0.0440114145  -0.0259795903
       -0.0130589444  -0.0149827456   0.0006852281  -0.0005155402  -0.0015533879
       -0.0055220147   0.0053856129  -0.0006731267  -0.0144286440   0.0041326971
        0.0051890034  -0.0219777209   0.0048851718  -0.0005860410  -0.0632019652
       -0.0057336204   0.0678356168  -0.0420317436   0.0103190662  -0.0016232961
        0.0032705630   0.0025218340   0.0017221799  -0.0005611330  -0.0021487339
       -0.0002775979   0.0010283555  -0.0012045253  -0.0001930423  -0.0060514945
        0.0008164152  -0.0004041560  -0.0000252199   0.0003274462  -0.0001059748
        0.0432931500  -0.0810210962  -0.0019619368  -0.0054127390   0.5119122340
       -0.0221650910  -0.0419946030  -0.1085084430  -0.0421893593   0.0001450494
        0.0032352944   0.0044508473   0.0004610181   0.0007784308  -0.0006003811
        0.0289758037  -0.0131885816  -0.0012792039  -0.0009856154   0.0009897172
       -0.0009173151  -0.0153150901   0.0047045831   0.0005114597  -0.0057865842
       -0.0479698527   0.0181988741   0.0099389342  -0.2516386312   0.0633220951
        0.0009359466   0.0014318164  -0.0007696836  -0.0181802661  -0.0220321312
       -0.0172568542   0.0013189123   0.0011594130   0.0004459290   0.0027750296
        0.0005503568   0.0003163477  -0.0001689460  -0.0004031099  -0.0001057278
        0.0116136171  -0.0019521486  -0.0669843391  -0.0212837950  -0.0221650910
        0.5146821519  -0.0426096643  -0.0415651164  -0.1145184192  -0.0037946409
        0.0012617181   0.0018303695   0.0007098489   0.0003463402  -0.0001330075
       -0.0085648463   0.0032531143   0.0009231440   0.0286029699  -0.0092576012
       -0.0045511136  -0.0172708975   0.0046358681   0.0007022467   0.0681993034
        0.0184814961  -0.2490995590  -0.0018019520   0.0624321417  -0.0648330977
       -0.0176147058  -0.0171109389  -0.0230935317   0.0026028468   0.0017742387
        0.0038822185   0.0002121651  -0.0000554510   0.0001440333   0.0010432644
       -0.0001103103   0.0010923918  -0.0000435137   0.0000317401  -0.0000434879
       -0.0252802495  -0.0135261670  -0.0169747145  -0.1039148300  -0.0419946030
       -0.0426096643   0.4476268812  -0.0030347165  -0.0138665063  -0.1686044275
        0.0337034822   0.0047986858  -0.0182432921   0.0022529925   0.0172137469
        0.0008871181  -0.0008404387  -0.0000441396   0.0009332177  -0.0004509110
       -0.0008494459  -0.0063349196   0.0011910336  -0.0003985668   0.0040320809
        0.0033424164   0.0016853554  -0.0012077329  -0.0029253666  -0.0010126742
       -0.0562236601  -0.0076065799   0.0579258809  -0.0440840975   0.0198380332
       -0.0038124681  -0.0072056463   0.0055389141   0.0005596724  -0.0238785836
        0.0047179351  -0.0022813308   0.0014981413  -0.0002060245  -0.0003338308
        0.0025250852   0.0035371086   0.0036595495  -0.0429681974  -0.1085084430
       -0.0415651164  -0.0030347165   0.5099840584  -0.0244601037   0.0371051289
       -0.0790492427  -0.0034082187  -0.0047207254   0.0044392162   0.0030573424
        0.0012408901   0.0010992974   0.0005268941   0.0001841710   0.0002354691
        0.0002201735   0.0025164191   0.0003736082   0.0003534390   0.0002011410
        0.0009741355  -0.0012663238  -0.0185991492  -0.0222425532  -0.0177680216
       -0.0074017013  -0.0486997983   0.0308421448   0.0203726258  -0.2541801333
        0.0529227798   0.0289166328  -0.0126524250  -0.0016149509  -0.0146442323
        0.0036070193  -0.0011587439  -0.0016933718   0.0010826829  -0.0003408440
       -0.0028885803   0.0003794770  -0.0001756860  -0.0440114145  -0.0421893593
       -0.1145184192  -0.0138665063  -0.0244601037   0.5207169465   0.0042536962
       -0.0013509146  -0.0600146272   0.0378601457  -0.0063347136  -0.0192191703
        0.0002283885  -0.0001920935   0.0001422252   0.0011026466   0.0002654601
        0.0010950777   0.0007750999   0.0000923498   0.0008826977  -0.0177688926
       -0.0174331330  -0.0233567709   0.0030218989   0.0024024759   0.0039886992
        0.0568015696   0.0309215669  -0.2535711901  -0.0038539849   0.0534248828
       -0.0583262064  -0.0037038144   0.0007971479   0.0013794951  -0.0179224758
        0.0040282061   0.0005942130  -0.0000277768  -0.0003512489   0.0003827158
       -0.0021085319  -0.0017307696  -0.0017563929  -0.0259795903   0.0001450494
       -0.0037946409  -0.1686044275   0.0371051289   0.0042536962   0.4381344880
        0.0060828309   0.0245306859  -0.0664056694  -0.0070274057   0.0608634451
       -0.0000995343  -0.0003712228  -0.0000097484   0.0001933088  -0.0000652699
       -0.0004229842  -0.0008155361   0.0003755359   0.0000732870   0.0001783779
        0.0002581275   0.0006010246   0.0006703574   0.0006540750   0.0001206865
       -0.0092209745   0.0026349470   0.0026427928  -0.0073101725   0.0051981726
        0.0004934204  -0.0443508678   0.0200810661  -0.0060321051  -0.1116412370
       -0.0612091025  -0.0798526693  -0.0026399908  -0.0021311627  -0.0017104977
       -0.0018874719  -0.0013463168  -0.0017383127  -0.0130589444   0.0032352944
        0.0012617181   0.0337034822  -0.0790492427  -0.0013509146   0.0060828309
        0.5332220086   0.0104565862   0.0039952653  -0.0766441581  -0.0001265646
       -0.0000843170   0.0001395738  -0.0000866500   0.0000120853  -0.0000300375
        0.0000763602  -0.0009744681   0.0003005565  -0.0001582138   0.0000086617
        0.0006541734   0.0000919896  -0.0015458305   0.0005463023  -0.0001019451
       -0.0036552817   0.0012474385   0.0011222145   0.0299436387  -0.0124882071
       -0.0021454223   0.0215165447  -0.2640200383   0.0231776309  -0.0606793400
       -0.0998557147  -0.0642889061  -0.0133768552  -0.0059116323   0.0338104298
       -0.0025993778  -0.0020121779  -0.0024689307  -0.0149827456   0.0044508473
        0.0018303695   0.0047986858  -0.0034082187  -0.0600146272   0.0245306859
        0.0104565862   0.4326576121   0.0499257496   0.0232430648  -0.1931142701
        0.0001424445  -0.0000300918   0.0001225380   0.0000559650  -0.0000174544
       -0.0000198371  -0.0012864118   0.0000341109   0.0000365930  -0.0007528577
        0.0003457441  -0.0002779134   0.0001148719   0.0001101308   0.0004026622
        0.0259559146  -0.0068904605  -0.0065169095  -0.0059739831   0.0026951769
        0.0011588070  -0.0053398424   0.0283802557  -0.0440160751  -0.0771818001
       -0.0656490631  -0.1170707722   0.0025927013   0.0082915498  -0.0127092464
        0.0003349512   0.0000773061   0.0000162517   0.0006852281   0.0004610181
        0.0007098489  -0.0182432921  -0.0047207254   0.0378601457  -0.0664056694
        0.0039952653   0.0499257496   0.0912986626  -0.0272849588  -0.0973528673
        0.0000859816   0.0000242144   0.0000554820  -0.0000520084   0.0000524717
        0.0001668638   0.0000714651  -0.0001213178  -0.0001333495   0.0004965552
        0.0002722717   0.0004598614   0.0000943074  -0.0001404059   0.0003791094
       -0.0081432684   0.0018841394   0.0029079829   0.0019473910  -0.0010711537
       -0.0004196549   0.0003732252  -0.0027568035   0.0020308030   0.0081221482
        0.0034529598  -0.0060915729  -0.0106656770   0.0258757187   0.0094853463
        0.0000206315   0.0001246728  -0.0000366172  -0.0005155402   0.0007784308
        0.0003463402   0.0022529925   0.0044392162  -0.0063347136  -0.0070274057
       -0.0766441581   0.0232430648  -0.0272849588   0.4925215949  -0.0870564270
        0.0000488348  -0.0000687919   0.0000023005  -0.0000016933  -0.0000751884
        0.0000020511   0.0000169328  -0.0000344481   0.0000304324   0.0000096918
       -0.0001508064  -0.0000492964   0.0001893430  -0.0002261942   0.0001009223
        0.0019161350   0.0001484849  -0.0006516772  -0.0000194625   0.0007818079
       -0.0010024102  -0.0113765806  -0.0106904143   0.0354760199   0.0051219684
        0.0057759614  -0.0119278382   0.0366491115  -0.4166801675   0.0478578485
        0.0000047136   0.0002440670   0.0007037433  -0.0015533879  -0.0006003811
       -0.0001330075   0.0172137469   0.0030573424  -0.0192191703   0.0608634451
       -0.0001265646  -0.1931142701  -0.0973528673  -0.0870564270   0.3199457217
       -0.0000737162  -0.0001104190  -0.0001418510  -0.0002404047  -0.0000353360
       -0.0000202169   0.0001764941   0.0001482395   0.0001217924   0.0002689804
        0.0000463396   0.0009696009  -0.0000400750   0.0002360882  -0.0003514968
        0.0045550016  -0.0014562216  -0.0006479723  -0.0021771750  -0.0004380765
        0.0007199436   0.0050980682   0.0106104509  -0.0151818077   0.0070134304
        0.0004699387  -0.0500228557   0.0062437458   0.0750109595  -0.0436281534
       -0.0432424653   0.0127392166  -0.0039183488  -0.0055220147   0.0289758037
       -0.0085648463   0.0008871181   0.0012408901   0.0002283885  -0.0000995343
       -0.0000843170   0.0001424445   0.0000859816   0.0000488348  -0.0000737162
        0.0520612806  -0.0172789765   0.0045957272   0.0008975017  -0.0093450172
        0.0034552839   0.0005164282  -0.0189340010   0.0045360714   0.0008971446
        0.0001817386  -0.0003940200  -0.0060618350   0.0032216463   0.0000414745
       -0.0000466453  -0.0000691459   0.0000582305  -0.0004613063  -0.0004719524
       -0.0001108028   0.0001118603  -0.0001107517  -0.0000178401   0.0000678173
       -0.0000548643   0.0000111716  -0.0000913313  -0.0000591040   0.0000107821
        0.0127031647  -0.2606396800   0.0664173751   0.0053856129  -0.0131885816
        0.0032531143  -0.0008404387   0.0010992974  -0.0001920935  -0.0003712228
        0.0001395738  -0.0000300918   0.0000242144  -0.0000687919  -0.0001104190
       -0.0172789765   0.3026116099  -0.0775331225  -0.0008848889  -0.0059978504
        0.0040689465  -0.0018419724  -0.0237433444   0.0045299546  -0.0004163964
        0.0002156415  -0.0001637750   0.0032919949  -0.0007153496  -0.0004847935
        0.0000199883  -0.0002153367   0.0000619291   0.0003326907   0.0003848506
        0.0001060737  -0.0001339473  -0.0000471405   0.0000213811  -0.0000126806
        0.0000427949   0.0000321308   0.0000228576   0.0001223070   0.0000233903
       -0.0041691684   0.0665545911  -0.0653846259  -0.0006731267  -0.0012792039
        0.0009231440  -0.0000441396   0.0005268941   0.0001422252  -0.0000097484
       -0.0000866500   0.0001225380   0.0000554820   0.0000023005  -0.0001418510
        0.0045957272  -0.0775331225   0.0716085456   0.0002574270   0.0320998894
       -0.0133841154  -0.0002339286  -0.0190703180   0.0050371305   0.0002024712
       -0.0007399339   0.0003051577   0.0003126292  -0.0003029787   0.0009023963
        0.0000696615   0.0001489835  -0.0002294085  -0.0004165938  -0.0002447614
        0.0001188995   0.0000614588  -0.0000510139  -0.0000480932  -0.0000176431
       -0.0000048588  -0.0000414827   0.0000094918  -0.0000198175   0.0000695399
       -0.0654081585  -0.0065469100   0.0701280461  -0.0144286440  -0.0009856154
        0.0286029699   0.0009332177   0.0001841710   0.0011026466   0.0001933088
        0.0000120853   0.0000559650  -0.0000520084  -0.0000016933  -0.0002404047
        0.0008975017  -0.0008848889   0.0002574270   0.0784738876   0.0057108322
       -0.0833394369   0.0053628134   0.0007363309  -0.0176001424  -0.0064970400
        0.0022827845   0.0013707483   0.0008625396  -0.0004403199   0.0001979364
       -0.0003969349   0.0000598132  -0.0006200645  -0.0000629294  -0.0000927740
        0.0000482471   0.0000597357  -0.0000060133   0.0000491747   0.0000505914
       -0.0000515582  -0.0000267602   0.0000121194   0.0000237559   0.0000136477
       -0.0067458913  -0.0465036699   0.0182882528   0.0041326971   0.0009897172
       -0.0092576012  -0.0004509110   0.0002354691   0.0002654601  -0.0000652699
       -0.0000300375  -0.0000174544   0.0000524717  -0.0000751884  -0.0000353360
       -0.0093450172  -0.0059978504   0.0320998894   0.0057108322   0.0501911026
       -0.0207365864   0.0042881830   0.0009597817  -0.0194087483   0.0023734294
        0.0001065062  -0.0005600667   0.0001652203   0.0001722957  -0.0007494983
       -0.0000961406   0.0001834740  -0.0000708465  -0.0000175156  -0.0002260516
        0.0001871638   0.0000490099  -0.0000364077  -0.0000295544  -0.0000336801
       -0.0000127830  -0.0000163408  -0.0000174179   0.0000436421   0.0000412669
        0.0701505380   0.0182710820  -0.2573408613   0.0051890034  -0.0009173151
       -0.0045511136  -0.0008494459   0.0002201735   0.0010950777  -0.0004229842
        0.0000763602  -0.0000198371   0.0001668638   0.0000020511  -0.0000202169
        0.0034552839   0.0040689465  -0.0133841154  -0.0833394369  -0.0207365864
        0.2976212889   0.0043708358  -0.0000471825  -0.0244807051   0.0013359362
       -0.0008511528   0.0006645234  -0.0003449526  -0.0002058342   0.0003409299
        0.0002543395   0.0000551109   0.0002828644   0.0001081359   0.0001244242
       -0.0002221301  -0.0000110782  -0.0000415002  -0.0000167875   0.0000122763
        0.0000344889   0.0000473416  -0.0000753152  -0.0000530661  -0.0000162588
       -0.1217836069  -0.0791854304  -0.0820025713  -0.0219777209  -0.0153150901
       -0.0172708975  -0.0063349196   0.0025164191   0.0007750999  -0.0008155361
       -0.0009744681  -0.0012864118   0.0000714651   0.0000169328   0.0001764941
        0.0005164282  -0.0018419724  -0.0002339286   0.0053628134   0.0042881830
        0.0043708358   0.1443026103   0.0908558010   0.0957573479   0.0004521085
       -0.0004954624  -0.0001603843   0.0005910785  -0.0002527499  -0.0002984595
        0.0000551631   0.0000871755   0.0001760138   0.0000995669   0.0002483241
        0.0001156505   0.0000556554  -0.0000398321  -0.0000358048  -0.0006254784
        0.0000953172  -0.0000368153   0.0000303725  -0.0000031471  -0.0000461690
       -0.0794790854  -0.1204847338  -0.0796744032   0.0048851718   0.0047045831
        0.0046358681   0.0011910336   0.0003736082   0.0000923498   0.0003755359
        0.0003005565   0.0000341109  -0.0001213178  -0.0000344481   0.0001482395
       -0.0189340010  -0.0237433444  -0.0190703180   0.0007363309   0.0009597817
       -0.0000471825   0.0908558010   0.1371830421   0.0933057459  -0.0002321520
        0.0000361622   0.0002449999   0.0003679195   0.0005189034   0.0002376572
        0.0000485123  -0.0000682108   0.0001089599   0.0002245148   0.0001803060
       -0.0000028937  -0.0000725559   0.0000592530   0.0000201880   0.0001131355
       -0.0000052647   0.0000050522   0.0000411570   0.0000198056  -0.0000383740
       -0.0822447008  -0.0796566063  -0.1280473448  -0.0005860410   0.0005114597
        0.0007022467  -0.0003985668   0.0003534390   0.0008826977   0.0000732870
       -0.0001582138   0.0000365930  -0.0001333495   0.0000304324   0.0001217924
        0.0045360714   0.0045299546   0.0050371305  -0.0176001424  -0.0194087483
       -0.0244807051   0.0957573479   0.0933057459   0.1453331099   0.0004329435
        0.0001441959   0.0004675199  -0.0001342402   0.0001632412  -0.0001459170
        0.0002101428  -0.0000098154   0.0002215660   0.0000875604   0.0001492762
       -0.0000619027  -0.0000189533   0.0000247273  -0.0000141294  -0.0000225477
        0.0000275554  -0.0000334791   0.0000411885  -0.0000066438  -0.0000191778
       -0.0147300093  -0.0005970652   0.0281879865  -0.0632019652  -0.0057865842
        0.0681993034   0.0040320809   0.0002011410  -0.0177688926   0.0001783779
        0.0000086617  -0.0007528577   0.0004965552   0.0000096918   0.0002689804
        0.0008971446  -0.0004163964   0.0002024712  -0.0064970400   0.0023734294
        0.0013359362   0.0004521085  -0.0002321520   0.0004329435   0.0788695484
        0.0069288564  -0.0775091215   0.0013560182  -0.0004583830   0.0000266076
       -0.0020332542  -0.0021155555  -0.0029144698   0.0003828522   0.0003976276
        0.0001878813   0.0000140994   0.0000272780  -0.0000332993   0.0002110597
        0.0000868674   0.0003334091  -0.0004275764  -0.0004274171  -0.0001968785
        0.0043425360   0.0012109365  -0.0089111926  -0.0057336204  -0.0479698527
        0.0184814961   0.0033424164   0.0009741355  -0.0174331330   0.0002581275
        0.0006541734   0.0003457441   0.0002722717  -0.0001508064   0.0000463396
        0.0001817386   0.0002156415  -0.0007399339   0.0022827845   0.0001065062
       -0.0008511528  -0.0004954624   0.0000361622   0.0001441959   0.0069288564
        0.0530915960  -0.0188155706  -0.0093954814  -0.0066461395   0.0312810014
       -0.0020720579  -0.0012284927  -0.0030842039   0.0003457067   0.0002824152
       -0.0005161116   0.0000066640  -0.0001915535   0.0002038140   0.0001409126
       -0.0001020251   0.0000795882  -0.0004053921  -0.0002826963  -0.0002308808
        0.0040121860  -0.0002117132  -0.0041052512   0.0678356168   0.0181988741
       -0.2490995590   0.0016853554  -0.0012663238  -0.0233567709   0.0006010246
        0.0000919896  -0.0002779134   0.0004598614  -0.0000492964   0.0009696009
       -0.0003940200  -0.0001637750   0.0003051577   0.0013707483  -0.0005600667
        0.0006645234  -0.0001603843   0.0002449999   0.0004675199  -0.0775091215
       -0.0188155706   0.2903863820   0.0042359003   0.0050812778  -0.0133537955
       -0.0026438385  -0.0031873760  -0.0029813236   0.0004408927   0.0003191162
        0.0004745030  -0.0000507362   0.0001339339  -0.0002767404   0.0003537812
        0.0002617703   0.0000169351  -0.0002372660  -0.0000778399   0.0001667319
       -0.0062996518   0.0290646414  -0.0080931686  -0.0420317436   0.0099389342
       -0.0018019520  -0.0012077329  -0.0185991492   0.0030218989   0.0006703574
       -0.0015458305   0.0001148719   0.0000943074   0.0001893430  -0.0000400750
       -0.0060618350   0.0032919949   0.0003126292   0.0008625396   0.0001652203
       -0.0003449526   0.0005910785   0.0003679195  -0.0001342402   0.0013560182
       -0.0093954814   0.0042359003   0.0540380664  -0.0121282496   0.0048292779
        0.0005379779   0.0004155982   0.0004712858  -0.0020848533  -0.0024860281
       -0.0023486292  -0.0005672123   0.0003189802  -0.0002237003   0.0001417728
        0.0002689710   0.0000553918  -0.0000390892   0.0001331360  -0.0000545379
        0.0044846995  -0.0125538165   0.0036506020   0.0103190662  -0.2516386312
        0.0624321417  -0.0029253666  -0.0222425532   0.0024024759   0.0006540750
        0.0005463023   0.0001101308  -0.0001404059  -0.0002261942   0.0002360882
        0.0032216463  -0.0007153496  -0.0003029787  -0.0004403199   0.0001722957
       -0.0002058342  -0.0002527499   0.0005189034   0.0001632412  -0.0004583830
       -0.0066461395   0.0050812778  -0.0121282496   0.2943968539  -0.0708505272
        0.0005274591   0.0004868928   0.0003127057  -0.0026608652  -0.0029620846
       -0.0029340135  -0.0005219753   0.0003568639   0.0000261276   0.0002399204
        0.0002211990  -0.0000704979   0.0000814488   0.0002854578  -0.0000509395
       -0.0004340048  -0.0010001361   0.0012260659  -0.0016232961   0.0633220951
       -0.0648330977  -0.0010126742  -0.0177680216   0.0039886992   0.0001206865
       -0.0001019451   0.0004026622   0.0003791094   0.0001009223  -0.0003514968
        0.0000414745  -0.0004847935   0.0009023963   0.0001979364  -0.0007494983
        0.0003409299  -0.0002984595   0.0002376572  -0.0001459170   0.0000266076
        0.0312810014  -0.0133537955   0.0048292779  -0.0708505272   0.0722583645
        0.0001771124  -0.0008318729   0.0007031347  -0.0024943939  -0.0031140429
       -0.0012957603   0.0000407245   0.0000733780   0.0002093366   0.0001247076
       -0.0000309936  -0.0000218343  -0.0000748082  -0.0000832229  -0.0000296878
        0.0009411399  -0.0002019550  -0.0009996007   0.0032705630   0.0009359466
       -0.0176147058  -0.0562236601  -0.0074017013   0.0568015696  -0.0092209745
       -0.0036552817   0.0259559146  -0.0081432684   0.0019161350   0.0045550016
       -0.0000466453   0.0000199883   0.0000696615  -0.0003969349  -0.0000961406
        0.0002543395   0.0000551631   0.0000485123   0.0002101428  -0.0020332542
       -0.0020720579  -0.0026438385   0.0005379779   0.0005274591   0.0001771124
        0.0690280207   0.0101244369  -0.0655856609   0.0016977121   0.0001595791
       -0.0017663509   0.0004011675  -0.0001598792   0.0002168258   0.0001310731
       -0.0003912304   0.0005630157   0.0000019201   0.0002461888  -0.0001934268
        0.0003891197   0.0002290639   0.0002266892   0.0025218340   0.0014318164
       -0.0171109389  -0.0076065799  -0.0486997983   0.0309215669   0.0026349470
        0.0012474385  -0.0068904605   0.0018841394   0.0001484849  -0.0014562216
       -0.0000691459  -0.0002153367   0.0001489835   0.0000598132   0.0001834740
        0.0000551109   0.0000871755  -0.0000682108  -0.0000098154  -0.0021155555
       -0.0012284927  -0.0031873760   0.0004155982   0.0004868928  -0.0008318729
        0.0101244369   0.0543294953  -0.0329197233  -0.0081307615  -0.0081061097
        0.0313266396   0.0001147961   0.0000380811  -0.0003637609  -0.0004376514
        0.0000567234   0.0000230009   0.0001278341   0.0001664779   0.0000681784
        0.0005084644   0.0002428169   0.0008894739   0.0017221799  -0.0007696836
       -0.0230935317   0.0579258809   0.0308421448  -0.2535711901   0.0026427928
        0.0011222145  -0.0065169095   0.0029079829  -0.0006516772  -0.0006479723
        0.0000582305   0.0000619291  -0.0002294085  -0.0006200645  -0.0000708465
        0.0002828644   0.0001760138   0.0001089599   0.0002215660  -0.0029144698
       -0.0030842039  -0.0029813236   0.0004712858   0.0003127057   0.0007031347
       -0.0655856609  -0.0329197233   0.2958124553   0.0031443670   0.0050919869
       -0.0116364683  -0.0001447592  -0.0002202808  -0.0000335781  -0.0001019784
        0.0002960489   0.0005420999  -0.0001902653  -0.0003623913   0.0002587878
        0.0007584550  -0.0012379331   0.0001267346  -0.0005611330  -0.0181802661
        0.0026028468  -0.0440840975   0.0203726258  -0.0038539849  -0.0073101725
        0.0299436387  -0.0059739831   0.0019473910  -0.0000194625  -0.0021771750
       -0.0004613063   0.0003326907  -0.0004165938  -0.0000629294  -0.0000175156
        0.0001081359   0.0000995669   0.0002245148   0.0000875604   0.0003828522
        0.0003457067   0.0004408927  -0.0020848533  -0.0026608652  -0.0024943939
        0.0016977121  -0.0081307615   0.0031443670   0.0548163475  -0.0233698583
        0.0069086506  -0.0058324466   0.0024568266   0.0007863519   0.0006921554
        0.0004559176   0.0000618534   0.0000024586  -0.0005152586   0.0006487374
        0.0007785953   0.0012086457   0.0003601385  -0.0021487339  -0.0220321312
        0.0017742387   0.0198380332  -0.2541801333   0.0534248828   0.0051981726
       -0.0124882071   0.0026951769  -0.0010711537   0.0007818079  -0.0004380765
       -0.0004719524   0.0003848506  -0.0002447614  -0.0000927740  -0.0002260516
        0.0001244242   0.0002483241   0.0001803060   0.0001492762   0.0003976276
        0.0002824152   0.0003191162  -0.0024860281  -0.0029620846  -0.0031140429
        0.0001595791  -0.0081061097   0.0050919869  -0.0233698583   0.2971177761
       -0.0602480502   0.0027864389  -0.0004888055   0.0001850282  -0.0002980290
        0.0002242267   0.0001652135   0.0005317586   0.0003034948  -0.0002445511
        0.0005072806  -0.0002628125   0.0003902391  -0.0002775979  -0.0172568542
        0.0038822185  -0.0038124681   0.0529227798  -0.0583262064   0.0004934204
       -0.0021454223   0.0011588070  -0.0004196549  -0.0010024102   0.0007199436
       -0.0001108028   0.0001060737   0.0001188995   0.0000482471   0.0001871638
       -0.0002221301   0.0001156505  -0.0000028937  -0.0000619027   0.0001878813
       -0.0005161116   0.0004745030  -0.0023486292  -0.0029340135  -0.0012957603
       -0.0017663509   0.0313266396  -0.0116364683   0.0069086506  -0.0602480502
        0.0643785238   0.0004892631  -0.0005574040   0.0004660592  -0.0002871645
        0.0001677102  -0.0002400270   0.0002722746   0.0002156052   0.0001933013
        0.0000236840  -0.0001844991   0.0000039752   0.0010283555   0.0013189123
        0.0002121651  -0.0072056463   0.0289166328  -0.0037038144  -0.0443508678
        0.0215165447  -0.0053398424   0.0003732252  -0.0113765806   0.0050980682
        0.0001118603  -0.0001339473   0.0000614588   0.0000597357   0.0000490099
       -0.0000110782   0.0000556554  -0.0000725559  -0.0000189533   0.0000140994
        0.0000066640  -0.0000507362  -0.0005672123  -0.0005219753   0.0000407245
        0.0004011675   0.0001147961  -0.0001447592  -0.0058324466   0.0027864389
        0.0004892631   0.0539988453  -0.0228061640   0.0008590279   0.0013852913
       -0.0190716617   0.0002958055   0.0005042533  -0.0005416148   0.0022086953
       -0.0003167995   0.0001512588  -0.0000460937  -0.0012045253   0.0011594130
       -0.0000554510   0.0055389141  -0.0126524250   0.0007971479   0.0200810661
       -0.2640200383   0.0283802557  -0.0027568035  -0.0106904143   0.0106104509
       -0.0001107517  -0.0000471405  -0.0000510139  -0.0000060133  -0.0000364077
       -0.0000415002  -0.0000398321   0.0000592530   0.0000247273   0.0000272780
       -0.0001915535   0.0001339339   0.0003189802   0.0003568639   0.0000733780
       -0.0001598792   0.0000380811  -0.0002202808   0.0024568266  -0.0004888055
       -0.0005574040  -0.0228061640   0.3072889809  -0.0398965172  -0.0005383218
       -0.0219128167  -0.0010562563  -0.0004839746   0.0009857510   0.0019046235
        0.0000201585  -0.0001044790  -0.0000283589  -0.0001930423   0.0004459290
        0.0001440333   0.0005596724  -0.0016149509   0.0013794951  -0.0060321051
        0.0231776309  -0.0440160751   0.0020308030   0.0354760199  -0.0151818077
       -0.0000178401   0.0000213811  -0.0000480932   0.0000491747  -0.0000295544
       -0.0000167875  -0.0000358048   0.0000201880  -0.0000141294  -0.0000332993
        0.0002038140  -0.0002767404  -0.0002237003   0.0000261276   0.0002093366
        0.0002168258  -0.0003637609  -0.0000335781   0.0007863519   0.0001850282
        0.0004660592   0.0008590279  -0.0398965172   0.0607378854  -0.0000252747
       -0.0200010970   0.0021177974   0.0020390525   0.0024542407  -0.0054390367
       -0.0012197258  -0.0010362829  -0.0011917842  -0.0060514945   0.0027750296
        0.0010432644  -0.0238785836  -0.0146442323  -0.0179224758  -0.1116412370
       -0.0606793400  -0.0771818001   0.0081221482   0.0051219684   0.0070134304
        0.0000678173  -0.0000126806  -0.0000176431   0.0000505914  -0.0000336801
        0.0000122763  -0.0006254784   0.0001131355  -0.0000225477   0.0002110597
        0.0001409126   0.0003537812   0.0001417728   0.0002399204   0.0001247076
        0.0001310731  -0.0004376514  -0.0001019784   0.0006921554  -0.0002980290
       -0.0002871645   0.0013852913  -0.0005383218  -0.0000252747   0.1315983904
        0.0694460644   0.0877138897   0.0010162197  -0.0001568128   0.0004893189
        0.0001490734   0.0002904094   0.0000823403   0.0008164152   0.0005503568
       -0.0001103103   0.0047179351   0.0036070193   0.0040282061  -0.0612091025
       -0.0998557147  -0.0656490631   0.0034529598   0.0057759614   0.0004699387
       -0.0000548643   0.0000427949  -0.0000048588  -0.0000515582  -0.0000127830
        0.0000344889   0.0000953172  -0.0000052647   0.0000275554   0.0000868674
       -0.0001020251   0.0002617703   0.0002689710   0.0002211990  -0.0000309936
       -0.0003912304   0.0000567234   0.0002960489   0.0004559176   0.0002242267
        0.0001677102  -0.0190716617  -0.0219128167  -0.0200010970   0.0694460644
        0.1097523950   0.0783945059   0.0012888960   0.0013675182   0.0020337580
       -0.0000295612  -0.0001173381  -0.0000205881  -0.0004041560   0.0003163477
        0.0010923918  -0.0022813308  -0.0011587439   0.0005942130  -0.0798526693
       -0.0642889061  -0.1170707722  -0.0060915729  -0.0119278382  -0.0500228557
        0.0000111716   0.0000321308  -0.0000414827  -0.0000267602  -0.0000163408
        0.0000473416  -0.0000368153   0.0000050522  -0.0000334791   0.0003334091
        0.0000795882   0.0000169351   0.0000553918  -0.0000704979  -0.0000218343
        0.0005630157   0.0000230009   0.0005420999   0.0000618534   0.0001652135
       -0.0002400270   0.0002958055  -0.0010562563   0.0021177974   0.0877138897
        0.0783945059   0.1623991333  -0.0003116711  -0.0003799178   0.0006411270
        0.0000523277   0.0000666316  -0.0000572901  -0.0000252199  -0.0001689460
       -0.0000435137   0.0014981413  -0.0016933718  -0.0000277768  -0.0026399908
       -0.0133768552   0.0025927013  -0.0106656770   0.0366491115   0.0062437458
       -0.0000913313   0.0000228576   0.0000094918   0.0000121194  -0.0000174179
       -0.0000753152   0.0000303725   0.0000411570   0.0000411885  -0.0004275764
       -0.0004053921  -0.0002372660  -0.0000390892   0.0000814488  -0.0000748082
        0.0000019201   0.0001278341  -0.0001902653   0.0000024586   0.0005317586
        0.0002722746   0.0005042533  -0.0004839746   0.0020390525   0.0010162197
        0.0012888960  -0.0003116711   0.0107710721  -0.0226637375  -0.0101805480
        0.0000980334  -0.0000833567   0.0000034536   0.0003274462  -0.0004031099
        0.0000317401  -0.0002060245   0.0010826829  -0.0003512489  -0.0021311627
       -0.0059116323   0.0082915498   0.0258757187  -0.4166801675   0.0750109595
       -0.0000591040   0.0001223070  -0.0000198175   0.0000237559   0.0000436421
       -0.0000530661  -0.0000031471   0.0000198056  -0.0000066438  -0.0004274171
       -0.0002826963  -0.0000778399   0.0001331360   0.0002854578  -0.0000832229
        0.0002461888   0.0001664779  -0.0003623913  -0.0005152586   0.0003034948
        0.0002156052  -0.0005416148   0.0009857510   0.0024542407  -0.0001568128
        0.0013675182  -0.0003799178  -0.0226637375   0.4189838254  -0.0846734007
       -0.0000346642  -0.0000547775  -0.0000989128  -0.0001059748  -0.0001057278
       -0.0000434879  -0.0003338308  -0.0003408440   0.0003827158  -0.0017104977
        0.0338104298  -0.0127092464   0.0094853463   0.0478578485  -0.0436281534
        0.0000107821   0.0000233903   0.0000695399   0.0000136477   0.0000412669
       -0.0000162588  -0.0000461690  -0.0000383740  -0.0000191778  -0.0001968785
       -0.0002308808   0.0001667319  -0.0000545379  -0.0000509395  -0.0000296878
       -0.0001934268   0.0000681784   0.0002587878   0.0006487374  -0.0002445511
        0.0001933013   0.0022086953   0.0019046235  -0.0054390367   0.0004893189
        0.0020337580   0.0006411270  -0.0101805480  -0.0846734007   0.0602717580
