           1           2   1.01939878107010     
           2           3   1.00886048184166     
           3           4  0.998290646439983     
           4           5  0.993992411348866     
           1           6  0.987567018358728     
           1           7  0.987647429886323     
           1           8  0.987090712996668     
           2           9  0.977239668270380     
           2          10  0.978413676415488     
           3          11  0.975602970658361     
           3          12  0.974716071596731     
           4          13  0.973314653374242     
           4          14  0.971047745871154     
           5          15  0.862108498680432     
